1762874949399 0.17241616547107697 1
1762874949430 0.09927356243133545 2
1762874949460 0.08861126750707626 3
1762874949487 0.08518978953361511 4
1762874949507 0.0831867903470993 5
1762874949542 0.0821722000837326 6
1762874949566 0.08151732385158539 7
1762874949597 0.08071277290582657 8
1762874949639 0.07998889684677124 9
1762874949660 0.07910757511854172 10
1762875042525 0.027236543595790863 1
1762875042665 0.01892978884279728 2
1762875042682 0.015949001535773277 3
1762875042691 0.014447123743593693 4
1762875042696 0.013758012093603611 5
1762875042696 0.013284989632666111 6
1762875042713 0.012955755926668644 7
1762875042729 0.012658835388720036 8
1762875042729 0.012454732321202755 9
1762875042746 0.012059870176017284 10
