1762765620586 0.042251184582710266 1
1762765620598 0.016167504712939262 2
1762765620598 0.01357919443398714 3
1762765620617 0.012052248232066631 4
1762765620628 0.011269660666584969 5
1762765620628 0.010766660794615746 6
1762765620643 0.010373109020292759 7
1762765620661 0.010164032690227032 8
1762765620670 0.009874355979263783 9
1762765620680 0.00973932072520256 10
1762765620690 0.009522093459963799 11
1762765620692 0.009335053153336048 12
1762765620708 0.00912227388471365 13
1762765620708 0.009135947562754154 14
1762765620724 0.008840790018439293 15
1762765620724 0.0087061682716012 16
1762765620739 0.008350923657417297 17
1762765620755 0.008275039494037628 18
1762765620755 0.008106720633804798 19
1762765620778 0.007990329526364803 20
1762765620787 0.007891478016972542 21
1762765620797 0.007743466179817915 22
1762765620806 0.007587103173136711 23
1762765620810 0.00754892360419035 24
1762765620826 0.007389339152723551 25
1762765620826 0.007300259545445442 26
1762765620841 0.007216936443001032 27
1762765620841 0.007164039183408022 28
1762765620857 0.007051623892039061 29
1762765620873 0.00690316641703248 30
1762765620873 0.0068769073113799095 31
1762765620888 0.0067831724882125854 32
1762765620888 0.0067607625387609005 33
1762765620904 0.0066559817641973495 34
1762765620920 0.006609940901398659 35
1762765620920 0.006558187771588564 36
1762765620935 0.0064902352169156075 37
1762765620935 0.006438339129090309 38
1762765620951 0.006359611172229052 39
1762765620966 0.006383019033819437 40
1762765620966 0.00625013979151845 41
1762765620982 0.0062638139352202415 42
1762765620982 0.006164394784718752 43
1762765620998 0.006180848926305771 44
1762765621013 0.006144687999039888 45
1762765621013 0.00607836851850152 46
1762765621029 0.0061200750060379505 47
1762765621029 0.0060356114991009235 48
1762765621045 0.006002831272780895 49
1762765621060 0.005894236266613007 50
1762765621060 0.005907513201236725 51
1762765621081 0.005908797960728407 52
1762765621089 0.005871443543583155 53
1762765621099 0.005814445670694113 54
1762765621108 0.005832844879478216 55
1762765621117 0.005827996414154768 56
1762765621125 0.005761372856795788 57
1762765621125 0.005762807093560696 58
1762765621141 0.005772947799414396 59
1762765621156 0.005760755855590105 60
1762765621156 0.0056583150289952755 61
1762765621172 0.0056825438514351845 62
1762765621172 0.005672965664416552 63
1762765621188 0.005558154080063105 64
1762765621203 0.005639038980007172 65
1762765621203 0.005607530474662781 66
1762765621219 0.00551160704344511 67
1762765621219 0.005593074019998312 68
1762765621242 0.005518294405192137 69
1762765621252 0.005526502151042223 70
1762765621258 0.005582266952842474 71
1762765621258 0.005545749794691801 72
1762765621274 0.00546855665743351 73
1762765621291 0.0054929256439208984 74
1762765621293 0.005434093996882439 75
1762765621311 0.005431614816188812 76
1762765621320 0.005446952302008867 77
1762765621330 0.005473149940371513 78
1762765621339 0.005441045854240656 79
1762765621343 0.005463522858917713 80
1762765621343 0.005434304941445589 81
1762765621359 0.0053854770958423615 82
1762765621375 0.005367888603359461 83
1762765621375 0.005356354173272848 84
1762765621390 0.00537478132173419 85
1762765621406 0.005388629622757435 86
1762765621406 0.00532753299921751 87
1762765621422 0.005293121095746756 88
1762765621422 0.0052900491282343864 89
1762765621437 0.0052519445307552814 90
1762765621453 0.005250304006040096 91
1762765621453 0.005235364660620689 92
1762765621468 0.005201547406613827 93
1762765621468 0.005217007827013731 94
1762765621484 0.005199238657951355 95
1762765621500 0.005181665066629648 96
1762765621500 0.005220386665314436 97
1762765621515 0.005232552066445351 98
1762765621515 0.005194509867578745 99
1762765621531 0.005211580544710159 100
