1762765777809 0.03806476667523384 1
1762765777820 0.011951107531785965 2
1762765777823 0.009052105247974396 3
1762765777843 0.0075126271694898605 4
1762765777855 0.006383008323609829 5
1762765777855 0.005800390616059303 6
1762765777876 0.005440446548163891 7
1762765777886 0.0051710051484405994 8
1762765777895 0.0050051771104335785 9
1762765777899 0.004853314254432917 10
1762765777915 0.0047847735695540905 11
1762765777915 0.004742152523249388 12
1762765777931 0.004670318681746721 13
1762765777931 0.004660588689148426 14
1762765777946 0.00460011838003993 15
1762765777962 0.004599385429173708 16
1762765777962 0.004581635817885399 17
1762765777978 0.004531852435320616 18
1762765777978 0.004512907471507788 19
1762765777993 0.004518246743828058 20
1762765778009 0.004497097805142403 21
1762765778009 0.004446894861757755 22
1762765778024 0.004410634282976389 23
1762765778024 0.0043883598409593105 24
1762765778040 0.004378417041152716 25
1762765778056 0.004326200112700462 26
1762765778056 0.0043059601448476315 27
1762765778071 0.00427293311804533 28
1762765778071 0.004274269100278616 29
1762765778087 0.004212639294564724 30
1762765778103 0.004187402315437794 31
1762765778116 0.004179061856120825 32
1762765778116 0.004109380766749382 33
1762765778133 0.004118882119655609 34
1762765778150 0.004083337262272835 35
1762765778150 0.004047699272632599 36
1762765778166 0.0039929915219545364 37
1762765778183 0.003974393010139465 38
1762765778183 0.003938456065952778 39
1762765778199 0.0039046977180987597 40
1762765778199 0.003889774903655052 41
1762765778216 0.0038433410227298737 42
1762765778234 0.0038388902321457863 43
1762765778243 0.0037781549617648125 44
1762765778253 0.003768569091334939 45
1762765778263 0.003707823110744357 46
1762765778266 0.0036567929200828075 47
1762765778266 0.003652856918051839 48
1762765778282 0.0035770698450505733 49
1762765778297 0.0035118763335049152 50
1762765778297 0.003498935839161277 51
1762765778313 0.00346524640917778 52
1762765778329 0.0034086969681084156 53
1762765778329 0.0033733099699020386 54
1762765778344 0.003358895890414715 55
1762765778344 0.0033281317446380854 56
1762765778360 0.0032786033116281033 57
1762765778375 0.0032495646737515926 58
1762765778375 0.003199177561327815 59
1762765778391 0.0031742979772388935 60
1762765778391 0.00313563272356987 61
1762765778407 0.0030910635832697153 62
1762765778422 0.0030602184124290943 63
1762765778422 0.0030373043846338987 64
1762765778438 0.0029945217538625 65
1762765778438 0.0029837503097951412 66
1762765778454 0.002961136633530259 67
1762765778469 0.002931289141997695 68
1762765778469 0.002911733463406563 69
1762765778485 0.002922635292634368 70
1762765778498 0.002908148569986224 71
1762765778508 0.002850722288712859 72
1762765778516 0.00281492224894464 73
1762765778516 0.002767312340438366 74
1762765778533 0.00276597635820508 75
1762765778549 0.0027112485840916634 76
1762765778549 0.0026559261605143547 77
1762765778566 0.002617709105834365 78
1762765778583 0.0026201202999800444 79
1762765778583 0.0025565072428435087 80
1762765778600 0.002563869347795844 81
1762765778615 0.0025505346711724997 82
1762765778616 0.0025641692336648703 83
1762765778636 0.0025073373690247536 84
1762765778646 0.0024988525547087193 85
1762765778656 0.002510120626538992 86
1762765778665 0.002453285502269864 87
1762765778666 0.0024320820812135935 88
1762765778682 0.0024445673916488886 89
1762765778682 0.0024240126367658377 90
1762765778697 0.002432816894724965 91
1762765778713 0.0024305612314492464 92
1762765778713 0.0023889534641057253 93
1762765778729 0.002413614885881543 94
1762765778729 0.002397329779341817 95
1762765778744 0.0023817613255232573 96
1762765778760 0.0023817638866603374 97
1762765778760 0.0023413575254380703 98
1762765778776 0.0023656690027564764 99
1762765778776 0.0023446790874004364 100
