1762903228977 9.999999747378752e-05 1
1762903229011 0.0005949999904260039 2
1762903229048 0.0010900000343099236 3
1762903229068 0.0015849999617785215 4
1762903229104 0.0020800000056624413 5
1762903229135 0.002575000049546361 6
1762903229164 0.0030700000934302807 7
1762903229177 0.0035649999044835567 8
1762903229208 0.00406000018119812 9
1762903229255 0.004554999992251396 10
1762903229290 0.005049999803304672 11
1762903229318 0.005545000080019236 12
1762903229333 0.006039999891072512 13
1762903229365 0.006535000167787075 14
1762903229407 0.007029999978840351 15
1762903229437 0.007524999789893627 16
