1762903228954 0.1439324915409088 1
1762903228990 0.11030104756355286 2
1762903229024 0.1025477722287178 3
1762903229053 0.10007595270872116 4
1762903229068 0.09789787977933884 5
1762903229104 0.09677688777446747 6
1762903229135 0.09515485167503357 7
1762903229168 0.09474916011095047 8
1762903229193 0.09478940814733505 9
1762903229224 0.09392759948968887 10
1762903229255 0.09432710707187653 11
1762903229295 0.09405702352523804 12
1762903229318 0.09337051957845688 13
1762903229349 0.09371057897806168 14
1762903229380 0.09347610920667648 15
1762903229411 0.09396421909332275 16
1762904288258 0.024781830608844757 1
1762904288263 0.020093223080039024 2
1762904288278 0.01924530230462551 3
1762904288282 0.019419796764850616 4
1762904288293 0.018115069717168808 5
1762904288293 0.01819981262087822 6
1762904288315 0.017074454575777054 7
1762904288324 0.016249526292085648 8
1762904288332 0.015540944412350655 9
1762904288342 0.015406841412186623 10
1762904288350 0.015184651128947735 11
1762904288358 0.01480897143483162 12
1762904288359 0.014699934050440788 13
1762904288377 0.013960867188870907 14
1762904288386 0.014482741244137287 15
1762904288395 0.013137655332684517 16
1762904288403 0.013978598639369011 17
1762904288412 0.012504292652010918 18
1762904288421 0.012347386218607426 19
1762904288429 0.011889450252056122 20
1762904288437 0.011891496367752552 21
1762904288437 0.011284171603620052 22
1762904288452 0.011373749934136868 23
1762904288452 0.010833424516022205 24
1762904288468 0.010626128874719143 25
1762904288468 0.010435403324663639 26
1762904288484 0.010554666630923748 27
1762904288506 0.010257983580231667 28
1762904288516 0.010284412652254105 29
1762904288524 0.009848596528172493 30
1762904288532 0.00966653972864151 31
1762904288541 0.009492015466094017 32
1762904288541 0.009206674993038177 33
1762904288557 0.009190326556563377 34
1762904288557 0.009408333338797092 35
1762904288573 0.010186444967985153 36
1762904288573 0.009630070999264717 37
1762904288588 0.009736521169543266 38
1762904288588 0.00868708174675703 39
1762904288604 0.008290532976388931 40
1762904288604 0.008617601357400417 41
1762904288619 0.008530134335160255 42
1762904288619 0.008922388777136803 43
1762904288640 0.008134624920785427 44
1762904288648 0.007927211001515388 45
1762904288656 0.008344697766005993 46
1762904288658 0.008435954339802265 47
1762904288658 0.008750910870730877 48
1762904288674 0.00780262378975749 49
1762904288689 0.00811530277132988 50
1762904288689 0.008253916166722775 51
1762904288705 0.008333517238497734 52
1762904288705 0.00779624842107296 53
1762904288720 0.00800772849470377 54
1762904288720 0.007904005236923695 55
1762904288739 0.007609040476381779 56
1762904288747 0.0079320278018713 57
1762904288747 0.00834549032151699 58
1762904288763 0.007844953797757626 59
1762904288763 0.007479460444301367 60
1762904288779 0.00772538036108017 61
1762904288779 0.007504770997911692 62
1762904288794 0.0076413750648498535 63
1762904288794 0.007482218090444803 64
1762904288810 0.007079584989696741 65
1762904288810 0.0067633818835020065 66
1762904288832 0.0066455346532166 67
1762904288840 0.006376456934958696 68
1762904288848 0.0063973162323236465 69
1762904288856 0.006272321101278067 70
1762904288857 0.006696977652609348 71
1762904288872 0.0063811358995735645 72
1762904288872 0.006210122723132372 73
1762904288889 0.006119110621511936 74
1762904288898 0.006047012750059366 75
1762904288906 0.005853714421391487 76
1762904288915 0.006217146757990122 77
1762904288923 0.006072931457310915 78
1762904288925 0.006282607093453407 79
1762904288925 0.005995110608637333 80
1762904288948 0.005736863240599632 81
1762904288956 0.006778426468372345 82
1762904288964 0.0063305082730948925 83
1762904288972 0.005784128326922655 84
1762904288982 0.005888915155082941 85
1762904288990 0.0060407305136322975 86
1762904288991 0.005792416166514158 87
1762904288991 0.005747379269450903 88
1762904289014 0.00547999981790781 89
1762904289023 0.005325980018824339 90
1762904289026 0.005499295424669981 91
1762904289026 0.005517663899809122 92
1762904289048 0.005219304468482733 93
1762904289057 0.005405638366937637 94
1762904289066 0.005592619068920612 95
1762904289075 0.0053818426094949245 96
1762904289077 0.005471117328852415 97
1762904289077 0.005363129079341888 98
1762904289093 0.005812422838062048 99
1762904289093 0.005095575004816055 100
1762904885509 0.013442414812743664 1
1762904885531 0.009052249602973461 2
1762904885540 0.008727473206818104 3
1762904885547 0.008615188300609589 4
1762904885557 0.008426020853221416 5
1762904885574 0.0080843111500144 6
1762904885574 0.007829015143215656 7
1762904885592 0.007600846234709024 8
1762904885601 0.007417640183120966 9
1762904885609 0.007340282201766968 10
1762904885617 0.00713718868792057 11
1762904885624 0.00704820966348052 12
1762904885624 0.00692180497571826 13
1762904885639 0.006828262936323881 14
1762904885639 0.006773216184228659 15
1762904885655 0.00660998048260808 16
1762904885655 0.006657203193753958 17
1762904885678 0.0064588384702801704 18
1762904885686 0.006462221033871174 19
1762904885696 0.006356888450682163 20
1762904885705 0.00631617521867156 21
1762904885713 0.006314101628959179 22
1762904885722 0.006256837397813797 23
1762904885723 0.006200709380209446 24
1762904885738 0.006136945448815823 25
1762904885738 0.006189713720232248 26
1762904885754 0.0061466507613658905 27
1762904885754 0.00615510530769825 28
1762904885770 0.006070946808904409 29
1762904885770 0.006043281406164169 30
1762904885787 0.0060442001558840275 31
1762904885795 0.005952902603894472 32
1762904885804 0.006047992501407862 33
1762904885806 0.0059890118427574635 34
1762904885806 0.005979851353913546 35
1762904885822 0.005914430133998394 36
1762904885822 0.0058974470011889935 37
1762904885838 0.005888011306524277 38
1762904885853 0.00590917281806469 39
1762904885853 0.005882451310753822 40
1762904885869 0.005818281788378954 41
1762904885878 0.005883399862796068 42
1762904885886 0.005801334977149963 43
1762904885894 0.005801769904792309 44
1762904885902 0.0057468111626803875 45
1762904885910 0.005707914475351572 46
1762904885915 0.005759515333920717 47
1762904885915 0.005705883260816336 48
1762904885931 0.0057984269224107265 49
1762904885931 0.005698410794138908 50
1762904885947 0.005666740704327822 51
1762904885947 0.005687383469194174 52
1762904885962 0.005664764437824488 53
1762904885962 0.005584085825830698 54
1762904885978 0.005613694433122873 55
1762904885978 0.005692594684660435 56
1762904886003 0.005644839722663164 57
1762904886011 0.005613170098513365 58
1762904886019 0.005577366333454847 59
1762904886028 0.005546125583350658 60
1762904886036 0.00556824030354619 61
1762904886040 0.0055764284916222095 62
1762904886040 0.0055236914195120335 63
1762904886056 0.005534305237233639 64
1762904886056 0.005568364635109901 65
1762904886072 0.005474216304719448 66
1762904886087 0.005464860703796148 67
1762904886087 0.005493301432579756 68
1762904886103 0.005449987947940826 69
1762904886103 0.005443801172077656 70
1762904886123 0.0054621328599750996 71
1762904886131 0.005431007128208876 72
1762904886135 0.00551881967112422 73
1762904886135 0.005519253667443991 74
1762904886150 0.005436642561107874 75
1762904886181 0.005403369199484587 76
1762904886181 0.0053897942416369915 77
1762904886198 0.005385342985391617 78
1762904886210 0.005389259662479162 79
1762904886218 0.005451507866382599 80
1762904886226 0.005433009937405586 81
1762904886234 0.005372381303459406 82
1762904886243 0.005333790089935064 83
1762904886244 0.00538494111970067 84
1762904886244 0.005322806071490049 85
1762904886260 0.005308676511049271 86
1762904886276 0.005278155207633972 87
1762904886284 0.005284543614834547 88
1762904886293 0.005242008250206709 89
1762904886301 0.005265755113214254 90
1762904886309 0.005261068232357502 91
1762904886317 0.005282147787511349 92
1762904886326 0.005228128749877214 93
1762904886335 0.005306476727128029 94
1762904886343 0.005298175383359194 95
1762904886351 0.005286818370223045 96
1762904886360 0.00527129927650094 97
1762904886369 0.005343346856534481 98
1762904886369 0.005251836031675339 99
1762904886385 0.005177354905754328 100
