1762903228959 0.1439324915409088 1
1762903228990 0.11030104756355286 2
1762903229029 0.1025477722287178 3
1762903229057 0.10007595270872116 4
1762903229087 0.09789787977933884 5
1762903229104 0.09677688777446747 6
1762903229135 0.09515485167503357 7
1762903229172 0.09474916011095047 8
1762903229193 0.09478940814733505 9
1762903229224 0.09392759948968887 10
1762903229255 0.09432710707187653 11
1762903229299 0.09405702352523804 12
1762903229318 0.09337051957845688 13
1762903229349 0.09371057897806168 14
1762903229384 0.09347610920667648 15
1762903229416 0.09396421909332275 16
