1762903228959 0.039578165858983994 1
1762903228990 0.023219555616378784 2
1762903229033 0.019932832568883896 3
1762903229062 0.018833346664905548 4
1762903229091 0.018184252083301544 5
1762903229120 0.017705991864204407 6
1762903229135 0.01702464558184147 7
1762903229176 0.01674150489270687 8
1762903229193 0.016845697537064552 9
1762903229224 0.016505621373653412 10
1762903229271 0.016611674800515175 11
1762903229303 0.016393236815929413 12
1762903229318 0.01629444770514965 13
1762903229349 0.016293374821543694 14
1762903229389 0.016216574236750603 15
1762903229420 0.01643052138388157 16
