1762261095378 9.999999747378752e-06 1
1762261095410 5.949999831500463e-05 2
1762261095433 0.00010900000052060932 3
1762261095455 0.0001584999990882352 4
1762261095471 0.00020799999765586108 5
1762261095500 0.0002575000107754022 6
1762261095523 0.00030700000934302807 7
1762261095533 0.00035650000791065395 8
1762261095565 0.00040600000647827983 9
1762261095580 0.0004555000050459057 10
1762261095611 0.0005050000036135316 11
1762261095634 0.000554499973077327 12
1762261095657 0.0006040000007487833 13
1762261095673 0.0006535000284202397 14
1762261095689 0.0007029999978840351 15
1762261095720 0.0007525000255554914 16
1762261095749 0.0008019999950192869 17
1762261095768 0.0008515000226907432 18
1762261095784 0.0009009999921545386 19
1762261095816 0.000950500019825995 20
1762261095838 0.0010000000474974513 21
1762261095860 0.0009996530134230852 22
1762261095878 0.0009986128425225616 23
1762261095893 0.0009968808153644204 24
1762261095929 0.0009944597259163857 25
1762261095940 0.0009913534158840775 26
1762261095972 0.0009875664254650474 27
1762261095987 0.00098310480825603 28
1762261096018 0.0009779754327610135 29
1762261096041 0.00097218609880656 30
1762261096049 0.0009657457703724504 31
1762261096085 0.0009586644009687006 32
1762261096107 0.0009509529336355627 33
1762261096128 0.0009426231845282018 34
1762261096143 0.0009336880757473409 35
1762261096176 0.0009241613443009555 36
1762261096200 0.0009140576585195959 37
1762261096222 0.0009033926180563867 38
1762261096237 0.0008921826956793666 39
1762261096268 0.0008804451208561659 40
1762261096293 0.0008681980543769896 41
1762261096315 0.0008554603555239737 42
1762261096331 0.000842251640278846 43
1762261096346 0.0008285922813229263 44
1762261096377 0.0008145033498294652 45
1762261096393 0.0008000066154636443 46
1762261096424 0.0007851243717595935 47
1762261096440 0.0007698795525357127 48
1762261096471 0.0007542957318946719 49
1762261096495 0.0007383968913927674 50
1762261096518 0.0007222075364552438 51
1762261096533 0.0007057526963762939 52
1762261096549 0.0006890576332807541 53
1762261096584 0.00067214819137007 54
1762261096596 0.0006550503894686699 55
1762261096627 0.0006377906538546085 56
1762261096643 0.0006203955272212625 57
1762261096658 0.0006028918433003128 58
1762261096694 0.0005853066104464233 59
1762261096717 0.0005676668952219188 60
1762261096739 0.0005499999970197678 61
1762261096756 0.0005323330988176167 62
1762261096772 0.0005146933835931122 63
1762261096806 0.0004971081507392228 64
1762261096815 0.0004796044959221035 65
1762261096846 0.00046220936928875744 66
1762261096862 0.0004449495754670352 67
1762261096893 0.00042785180266946554 68
1762261096921 0.00041094236075878143 69
1762261096942 0.0003942473267670721 70
1762261096955 0.0003777924575842917 71
1762261096987 0.00036160313175059855 72
1762261097002 0.0003457042621448636 73
1762261097037 0.0003301204415038228 74
1762261097060 0.0003148756513837725 75
1762261097081 0.0002999934076797217 76
1762261097097 0.00028549664421007037 77
1762261097126 0.00027140771271660924 78
1762261097149 0.00025774838286451995 79
1762261097171 0.0002445396676193923 80
1762261097191 0.00023180195421446115 81
1762261097207 0.00021955487318336964 82
1762261097237 0.00020781731291208416 83
1762261097261 0.0001966073759831488 84
1762261097283 0.0001859423500718549 85
1762261097299 0.00017583867884241045 86
1762261097315 0.00016631193284410983 87
1762261097346 0.00015737679495941848 88
1762261097362 0.00014904706040397286 89
1762261097392 0.00014133557851891965 90
1762261097410 0.00013425420911516994 91
1762261097440 0.00012781389523297548 92
1762261097472 0.00012202456855447963 93
1762261097501 0.00011689514212775975 94
1762261097519 0.00011243353219470009 95
1762261097547 0.00010864662181120366 96
1762261097574 0.00010554024629527703 97
1762261097600 0.00010311919322703034 98
1762261097624 0.00010138720244867727 99
1762261097643 0.00010034693696070462 100
