1762261095356 0.282177209854126 1
1762261095390 0.23617155849933624 2
1762261095413 0.18296056985855103 3
1762261095436 0.15910761058330536 4
1762261095455 0.14913944900035858 5
1762261095471 0.1369946449995041 6
1762261095502 0.12881197035312653 7
1762261095526 0.1213589757680893 8
1762261095533 0.12122023105621338 9
1762261095565 0.11613668501377106 10
1762261095580 0.11436772346496582 11
1762261095614 0.11205554753541946 12
1762261095637 0.11183430254459381 13
1762261095661 0.11001991480588913 14
1762261095673 0.11614788323640823 15
1762261095704 0.11095815896987915 16
1762261095720 0.11220845580101013 17
1762261095752 0.11389505863189697 18
1762261095768 0.11907266825437546 19
1762261095784 0.12039560079574585 20
1762261095819 0.12192525714635849 21
1762261095841 0.11685006320476532 22
1762261095862 0.14693611860275269 23
1762261095878 0.13848379254341125 24
1762261095893 0.14912870526313782 25
1762261095932 0.16220860183238983 26
1762261095940 0.15546074509620667 27
1762261095972 0.15051335096359253 28
1762261095987 0.14582577347755432 29
1762261096018 0.1171504482626915 30
1762261096044 0.08648848533630371 31
1762261096066 0.08423636853694916 32
1762261096088 0.07745707035064697 33
1762261096111 0.0737113505601883 34
1762261096128 0.06980206817388535 35
1762261096143 0.06793896853923798 36
1762261096180 0.06862718611955643 37
1762261096203 0.06816123425960541 38
1762261096222 0.06914839148521423 39
1762261096237 0.06798731535673141 40
1762261096268 0.0660630613565445 41
1762261096296 0.0654325857758522 42
1762261096315 0.0651913657784462 43
1762261096331 0.06450754404067993 44
1762261096363 0.06630568951368332 45
1762261096377 0.06273778527975082 46
1762261096408 0.0622430294752121 47
1762261096424 0.062001101672649384 48
1762261096440 0.0603041835129261 49
1762261096471 0.060448113828897476 50
1762261096499 0.06063788756728172 51
1762261096518 0.061048414558172226 52
1762261096533 0.05938322842121124 53
1762261096565 0.05934291332960129 54
1762261096587 0.0592404305934906 55
1762261096596 0.05933261290192604 56
1762261096627 0.05927116423845291 57
1762261096643 0.05951300635933876 58
1762261096674 0.05843276157975197 59
1762261096698 0.05756598338484764 60
1762261096720 0.0580708384513855 61
1762261096740 0.05639491602778435 62
1762261096756 0.058102257549762726 63
1762261096772 0.0582236647605896 64
1762261096809 0.056838296353816986 65
1762261096831 0.056097760796546936 66
1762261096846 0.05570689216256142 67
1762261096877 0.05582377314567566 68
1762261096893 0.05557194724678993 69
1762261096924 0.055971432477235794 70
1762261096945 0.054487746208906174 71
1762261096955 0.05475760996341705 72
1762261096987 0.055441536009311676 73
1762261097018 0.05490794777870178 74
1762261097041 0.05421218276023865 75
1762261097063 0.05511241778731346 76
1762261097081 0.05438382923603058 77
1762261097097 0.05403924733400345 78
1762261097130 0.05421966314315796 79
1762261097152 0.053726136684417725 80
1762261097174 0.053892675787210464 81
1762261097191 0.05371542274951935 82
1762261097207 0.05350515618920326 83
1762261097241 0.05354190245270729 84
1762261097264 0.053112179040908813 85
1762261097284 0.054322171956300735 86
1762261097299 0.053985346108675 87
1762261097315 0.05331919342279434 88
1762261097346 0.0528210885822773 89
1762261097362 0.053491342812776566 90
1762261097395 0.05269647389650345 91
1762261097410 0.053145527839660645 92
1762261097440 0.052416879683732986 93
1762261097472 0.05269454047083855 94
1762261097503 0.05239735543727875 95
1762261097519 0.05291418358683586 96
1762261097547 0.053005777299404144 97
1762261097577 0.052238915115594864 98
1762261097603 0.05310341343283653 99
1762261097627 0.05247349664568901 100
