1762261423406 0.008461515419185162 1
1762261423423 0.004995360504835844 2
1762261423427 0.004995124880224466 3
1762261423427 0.004994753282517195 4
1762261423441 0.004992407280951738 5
1762261423441 0.0049932063557207584 6
1762261423457 0.004992849659174681 7
1762261423457 0.004992336500436068 8
1762261423473 0.004991800989955664 9
1762261423479 0.004992108326405287 10
1762261423486 0.0049924300983548164 11
1762261423493 0.00499191228300333 12
1762261423500 0.004992098547518253 13
1762261423506 0.00499224616214633 14
1762261423507 0.004991882015019655 15
1762261423507 0.004992074333131313 16
1762261423522 0.004990688059478998 17
1762261423522 0.004992403090000153 18
1762261423538 0.00499194860458374 19
1762261423538 0.004992269445210695 20
1762261423538 0.00499200401827693 21
1762261423553 0.004992000292986631 22
1762261423553 0.004991887137293816 23
1762261423570 0.0049919006414711475 24
1762261423576 0.004991856869310141 25
1762261423582 0.004991922061890364 26
1762261423589 0.004991850815713406 27
1762261423595 0.004991691093891859 28
1762261423603 0.004991848487406969 29
