1762261243309 0.009186278097331524 1
1762261243326 0.004993573762476444 2
1762261243333 0.004991460125893354 3
1762261243340 0.00499551510438323 4
1762261243344 0.004992431495338678 5
1762261243344 0.004989915993064642 6
1762261243362 0.004993444308638573 7
1762261243362 0.004993319511413574 8
1762261243377 0.0049918172881007195 9
1762261243384 0.004992024041712284 10
1762261243390 0.004993382841348648 11
1762261243397 0.004993239417672157 12
1762261243403 0.004991921130567789 13
1762261243410 0.004992886446416378 14
1762261243410 0.0049919551238417625 15
1762261243410 0.004991838242858648 16
1762261243424 0.004991766531020403 17
1762261243424 0.004992554429918528 18
1762261243440 0.004991934634745121 19
1762261243440 0.004991838708519936 20
1762261243456 0.004991838708519936 21
1762261243465 0.004992191214114428 22
1762261243470 0.00499182753264904 23
1762261243470 0.004992126487195492 24
1762261243470 0.004991838708519936 25
1762261243485 0.004991838708519936 26
