1762261095356 0.12431487441062927 1
1762261095390 0.09089884907007217 2
1762261095420 0.055169034749269485 3
1762261095439 0.04182432219386101 4
1762261095455 0.037183549255132675 5
1762261095488 0.031117847189307213 6
1762261095502 0.02776595950126648 7
1762261095533 0.024945661425590515 8
1762261095549 0.02487369067966938 9
1762261095565 0.023188456892967224 10
1762261095598 0.022828359156847 11
1762261095621 0.022209785878658295 12
1762261095644 0.021880201995372772 13
1762261095667 0.02122504636645317 14
1762261095689 0.02275773324072361 15
1762261095704 0.021033287048339844 16
1762261095736 0.021857189014554024 17
1762261095753 0.021844904869794846 18
1762261095768 0.023312514647841454 19
1762261095803 0.02351164072751999 20
1762261095825 0.02353527583181858 21
1762261095847 0.02226530946791172 22
1762261095862 0.035355158150196075 23
1762261095878 0.02785254642367363 24
1762261095909 0.03512025624513626 25
1762261095939 0.041410841047763824 26
1762261095961 0.035697776824235916 27
1762261095972 0.032936420291662216 28
1762261096003 0.03073708340525627 29
1762261096018 0.02054867148399353 30
1762261096049 0.012410513125360012 31
1762261096073 0.011950968764722347 32
1762261096095 0.010334715247154236 33
1762261096118 0.009591504000127316 34
1762261096128 0.00914845708757639 35
1762261096163 0.008627056144177914 36
1762261096187 0.009181407280266285 37
1762261096206 0.008993495255708694 38
1762261096222 0.009435033425688744 39
1762261096253 0.00912997405976057 40
1762261096268 0.008704434148967266 41
1762261096299 0.008512740954756737 42
1762261096315 0.008517163805663586 43
1762261096346 0.008332857862114906 44
1762261096369 0.008840551599860191 45
1762261096377 0.007983517833054066 46
1762261096408 0.00794392079114914 47
1762261096424 0.007787227164953947 48
1762261096455 0.007627150509506464 49
1762261096471 0.007528287824243307 50
1762261096505 0.007667640224099159 51
1762261096518 0.007687835488468409 52
1762261096549 0.007382015697658062 53
1762261096571 0.007359636481851339 54
1762261096593 0.007369551341980696 55
1762261096611 0.007331636268645525 56
1762261096627 0.00728145195171237 57
1762261096658 0.007401199080049992 58
1762261096681 0.007128971163183451 59
1762261096704 0.007017761468887329 60
1762261096727 0.007142969407141209 61
1762261096740 0.006891878321766853 62
1762261096756 0.007247407920658588 63
1762261096787 0.007179226726293564 64
1762261096815 0.007007872685790062 65
1762261096838 0.006865340285003185 66
1762261096846 0.006809042301028967 67
1762261096877 0.0068159764632582664 68
1762261096893 0.0067511070519685745 69
1762261096925 0.006763074081391096 70
1762261096952 0.006514410953968763 71
1762261096971 0.006550370249897242 72
1762261097002 0.006708221044391394 73
1762261097025 0.006620452273637056 74
1762261097047 0.006458981428295374 75
1762261097065 0.0067413258366286755 76
1762261097081 0.006612185388803482 77
1762261097113 0.0064805238507688046 78
1762261097136 0.006604330614209175 79
1762261097158 0.006464560050517321 80
1762261097176 0.006481006741523743 81
1762261097191 0.006403664592653513 82
1762261097225 0.006414289586246014 83
1762261097247 0.006427786312997341 84
1762261097270 0.006317665800452232 85
1762261097284 0.006543632596731186 86
1762261097299 0.006591166835278273 87
1762261097331 0.006411648355424404 88
1762261097346 0.006267013493925333 89
1762261097380 0.0064309765584766865 90
1762261097395 0.006300369277596474 91
1762261097425 0.006342296954244375 92
1762261097440 0.006217692047357559 93
1762261097488 0.006280089262872934 94
1762261097503 0.00622090557590127 95
1762261097534 0.006298315245658159 96
1762261097547 0.006405724212527275 97
1762261097580 0.006140919402241707 98
1762261097610 0.006411314010620117 99
1762261097627 0.006290636025369167 100
