1762356726937 0.03565193712711334 1
1762356726961 0.011557315476238728 2
1762356726965 0.00896068848669529 3
1762356726977 0.007854802533984184 4
1762356726990 0.0070642693899571896 5
1762356726992 0.006588567513972521 6
1762356727008 0.006304303649812937 7
1762356727017 0.00609989371150732 8
1762356727025 0.00597341638058424 9
1762356727033 0.005869249347597361 10
1762356727041 0.005751049146056175 11
1762356727041 0.005688078235834837 12
1762356727057 0.0056495340541005135 13
1762356727057 0.005618729162961245 14
1762356727074 0.00558484485372901 15
1762356727075 0.0055550988763570786 16
1762356727091 0.005460022948682308 17
1762356727091 0.0055369907058775425 18
1762356727107 0.00545723969116807 19
1762356727108 0.005400072317570448 20
1762356727108 0.005352532025426626 21
1762356727125 0.005333772860467434 22
1762356727125 0.005312362685799599 23
1762356727142 0.005266407039016485 24
1762356727142 0.005248110741376877 25
1762356727158 0.005203286185860634 26
1762356727174 0.005182985682040453 27
1762356727174 0.005152647849172354 28
1762356727190 0.005070963408797979 29
1762356727191 0.004971135873347521 30
1762356727191 0.004909483250230551 31
1762356727207 0.004870952572673559 32
1762356727207 0.004824078641831875 33
1762356727224 0.004737740382552147 34
1762356727224 0.004678608383983374 35
1762356727241 0.004700604360550642 36
1762356727257 0.004589966498315334 37
1762356727258 0.004547598771750927 38
1762356727258 0.004492691718041897 39
1762356727275 0.004485914018005133 40
1762356727275 0.00448953453451395 41
1762356727290 0.004455844406038523 42
1762356727290 0.004388129338622093 43
1762356727308 0.004321947228163481 44
1762356727308 0.004356539808213711 45
1762356727323 0.00433769216760993 46
1762356727340 0.004313051700592041 47
1762356727348 0.00436265766620636 48
1762356727357 0.00431143818423152 49
1762356727365 0.004229806829243898 50
1762356727373 0.0041922274976968765 51
1762356727374 0.004155600909143686 52
1762356727390 0.004110873676836491 53
1762356727390 0.004127925261855125 54
1762356727405 0.004115206189453602 55
1762356727405 0.0041036601178348064 56
1762356727421 0.004025233443826437 57
1762356727421 0.00404045544564724 58
1762356727437 0.004005114082247019 59
1762356727437 0.003973077517002821 60
1762356727452 0.003976729232817888 61
1762356727452 0.003951188642531633 62
1762356727468 0.00398816866800189 63
1762356727468 0.003962531220167875 64
1762356727484 0.0038690741639584303 65
1762356727499 0.003905988298356533 66
1762356727499 0.0038415840826928616 67
1762356727515 0.0037886733189225197 68
1762356727515 0.0038531466852873564 69
1762356727530 0.0037791095674037933 70
1762356727530 0.003752541495487094 71
1762356727546 0.0037457544822245836 72
1762356727546 0.003714272752404213 73
1762356727562 0.003707416355609894 74
1762356727562 0.003692414378747344 75
1762356727577 0.0036774538457393646 76
1762356727577 0.0036402475088834763 77
1762356727593 0.0036176349967718124 78
1762356727593 0.0035751883406192064 79
1762356727609 0.003531672293320298 80
1762356727609 0.003548005595803261 81
1762356727624 0.003526112763211131 82
1762356727624 0.003501477185636759 83
1762356727643 0.00349097209982574 84
1762356727643 0.0034812449011951685 85
1762356727659 0.0034263739362359047 86
1762356727659 0.0033932363148778677 87
1762356727675 0.003367537399753928 88
1762356727675 0.0033916248939931393 89
1762356727690 0.0033194406423717737 90
1762356727690 0.003296826733276248 91
1762356727706 0.003289800602942705 92
1762356727706 0.0032667387276887894 93
1762356727721 0.0032686758786439896 94
1762356727721 0.003250561188906431 95
1762356727737 0.0032530988100916147 96
1762356727737 0.003205671440809965 97
1762356727753 0.0032308795489370823 98
1762356727753 0.0031969223637133837 99
1762356727768 0.0032085413113236427 100
