1762355576693 0.026046061888337135 1
1762355576708 0.01300867274403572 2
1762355576721 0.011750348843634129 3
1762355576735 0.011069953441619873 4
1762355576745 0.011236511170864105 5
1762355576759 0.010703159496188164 6
1762355576770 0.010643758811056614 7
1762355576779 0.009833922609686852 8
1762355576789 0.010602844879031181 9
1762355576799 0.009279641322791576 10
1762355576809 0.009522709995508194 11
1762355576820 0.009381511248648167 12
1762355576832 0.009555374272167683 13
1762355576843 0.009383308701217175 14
1762355576853 0.008778655901551247 15
1762355576863 0.008587672375142574 16
1762355576874 0.008325308561325073 17
1762355576885 0.00811511930078268 18
1762355576899 0.008051176555454731 19
1762355576899 0.00795899797230959 20
1762355576918 0.007941126823425293 21
1762355576927 0.007910954765975475 22
1762355576936 0.00792510062456131 23
1762355576945 0.007888912223279476 24
1762355576954 0.007820717990398407 25
1762355576963 0.007839469239115715 26
1762355576972 0.007843922823667526 27
1762355576982 0.007844042032957077 28
1762355576993 0.008096984587609768 29
1762355577004 0.007893378846347332 30
1762355577015 0.008054605685174465 31
1762355577025 0.00787618663161993 32
1762355577035 0.007901978679001331 33
1762355577044 0.007940707728266716 34
1762355577054 0.00777833815664053 35
1762355577064 0.007661317940801382 36
1762355577073 0.007656552828848362 37
1762355577083 0.007516637444496155 38
1762355577093 0.007631884887814522 39
1762355577105 0.007610201835632324 40
1762355577115 0.007526577915996313 41
1762355577125 0.007487795315682888 42
1762355577136 0.0073582506738603115 43
1762355577145 0.00721336342394352 44
1762355577155 0.00709809735417366 45
1762355577165 0.00707054091617465 46
1762355577175 0.007033137604594231 47
1762355577185 0.0070425719022750854 48
1762355577195 0.007045186124742031 49
1762355577205 0.007002056110650301 50
1762355577215 0.0070533473044633865 51
1762355577225 0.00712603097781539 52
1762355577234 0.006982747465372086 53
1762355577244 0.0070487926714122295 54
1762355577254 0.00696352357044816 55
1762355577263 0.006938796490430832 56
1762355577273 0.006933301221579313 57
1762355577283 0.006798170506954193 58
1762355577293 0.006794178858399391 59
1762355577304 0.006960160098969936 60
1762355577314 0.00669338321313262 61
1762355577324 0.006832596845924854 62
1762355577334 0.006759900599718094 63
1762355577343 0.00668990146368742 64
1762355577354 0.006713613402098417 65
1762355577363 0.006635461468249559 66
1762355577375 0.006712744478136301 67
1762355577385 0.006588530261069536 68
1762355577395 0.006727014668285847 69
1762355577407 0.006629031151533127 70
1762355577417 0.006536262575536966 71
1762355577426 0.006587216630578041 72
1762355577433 0.006526991259306669 73
1762355577433 0.006470975931733847 74
1762355577455 0.006422679405659437 75
1762355577465 0.006457021459937096 76
1762355577474 0.006573461461812258 77
1762355577485 0.006580018904060125 78
1762355577495 0.006708252709358931 79
1762355577505 0.006654346827417612 80
1762355577515 0.006428384222090244 81
1762355577524 0.0064724343828856945 82
1762355577534 0.006352078635245562 83
1762355577544 0.006272451486438513 84
1762355577554 0.006286171730607748 85
1762355577565 0.006301981396973133 86
1762355577576 0.006301457528024912 87
1762355577586 0.0062768347561359406 88
1762355577596 0.006289092358201742 89
1762355577606 0.006265078205615282 90
1762355577616 0.006319259759038687 91
1762355577625 0.0061951810494065285 92
1762355577635 0.006283635273575783 93
1762355577644 0.006147807464003563 94
1762355577654 0.006108165718615055 95
1762355577663 0.006281514652073383 96
1762355577674 0.006334793288260698 97
1762355577713 0.0061137559823691845 98
1762355577727 0.006179430987685919 99
1762355577739 0.006133048329502344 100
