1762938277388 9.999999747378752e-05 1
1762938277429 0.0005949999904260039 2
1762938277467 0.0010900000343099236 3
1762938277503 0.0015849999617785215 4
1762938277540 0.0020800000056624413 5
1762938277575 0.002575000049546361 6
1762938277602 0.0030700000934302807 7
1762938277644 0.0035649999044835567 8
1762938277679 0.00406000018119812 9
1762938277702 0.004554999992251396 10
1762938277733 0.005049999803304672 11
1762938277765 0.005545000080019236 12
1762938277812 0.006039999891072512 13
1762938277848 0.006535000167787075 14
1762938277883 0.007029999978840351 15
1762938277919 0.007524999789893627 16
1762938277951 0.008019999600946903 17
1762938277985 0.008515000343322754 18
1762938278024 0.00901000015437603 19
