1762938433154 0.047485895454883575 1
1762938433169 0.024422863498330116 2
1762938433181 0.020120831206440926 3
1762938433192 0.017155544832348824 4
1762938433204 0.015570884570479393 5
1762938433214 0.015812722966074944 6
1762938433224 0.017198115587234497 7
1762938433235 0.013560389168560505 8
1762938433244 0.013476294465363026 9
1762938433244 0.014851173385977745 10
1762938433265 0.015171084553003311 11
1762938433276 0.01366770826280117 12
1762938433286 0.01124205905944109 13
1762938433293 0.013371187262237072 14
1762938433293 0.012640775181353092 15
1762938433309 0.012554756365716457 16
1762938433325 0.010786017403006554 17
1762938433335 0.012686184607446194 18
1762938433345 0.012014884501695633 19
1762938433355 0.014127866365015507 20
1762938433365 0.014232129789888859 21
1762938433375 0.011955061927437782 22
1762938433379 0.011496112681925297 23
1762938433395 0.011170295998454094 24
1762938433407 0.012806226499378681 25
1762938433410 0.012158529832959175 26
1762938433428 0.012556545436382294 27
1762938433444 0.009163400158286095 28
1762938433444 0.013589301146566868 29
1762938433473 0.010877015069127083 30
1762938433494 0.012461467646062374 31
1762938433512 0.013594228774309158 32
1762938433530 0.011907679960131645 33
