1762938364342 0.044692523777484894 1
1762938364354 0.03219776600599289 2
1762938364366 0.03203493729233742 3
1762938364379 0.02993006445467472 4
1762938364389 0.027371978387236595 5
1762938364401 0.02438439056277275 6
1762938364410 0.028956079855561256 7
1762938364421 0.023572880774736404 8
1762938364434 0.02915474772453308 9
1762938364445 0.02587922103703022 10
1762938364455 0.028040289878845215 11
1762938364465 0.02659163437783718 12
1762938364476 0.026681246235966682 13
1762938364486 0.024368366226553917 14
1762938364496 0.023969171568751335 15
1762938364507 0.024156464263796806 16
1762938364517 0.024600598961114883 17
1762938364528 0.022882649675011635 18
1762938364537 0.02429577149450779 19
1762938364548 0.024271285161376 20
1762938364559 0.02274230867624283 21
1762938364568 0.025664551183581352 22
1762938364579 0.02222149819135666 23
1762938364589 0.023847730830311775 24
1762938364599 0.026904376223683357 25
1762938364610 0.02297893352806568 26
1762938364620 0.022842364385724068 27
1762938364630 0.023584773764014244 28
1762938364642 0.022347619757056236 29
1762938364652 0.02380308136343956 30
1762938364662 0.02834799326956272 31
1762938364673 0.02406003326177597 32
1762938364683 0.024599388241767883 33
1762938364694 0.02689984254539013 34
1762938364703 0.02338274195790291 35
1762938364714 0.02500026673078537 36
1762938364724 0.02501152828335762 37
1762938364734 0.025721918791532516 38
1762938364744 0.026534464210271835 39
1762938364754 0.023575857281684875 40
1762938364765 0.02707064524292946 41
1762938364776 0.026595210656523705 42
1762938364786 0.02665657363831997 43
1762938364795 0.02417875826358795 44
1762938364808 0.024956678971648216 45
1762938364817 0.025511212646961212 46
1762938364828 0.023403337225317955 47
1762938364839 0.023005781695246696 48
1762938364849 0.02441105805337429 49
1762938364860 0.023396266624331474 50
1762938364870 0.02546735294163227 51
1762938364880 0.024949198588728905 52
1762938364893 0.024310516193509102 53
