1762938277364 0.45657792687416077 1
1762938277404 0.22880953550338745 2
1762938277440 0.17172494530677795 3
1762938277478 0.14597107470035553 4
1762938277509 0.13176433742046356 5
1762938277550 0.12300962209701538 6
1762938277586 0.11645526438951492 7
1762938277618 0.10878217965364456 8
1762938277647 0.1102975532412529 9
1762938277689 0.10605960339307785 10
1762938277718 0.10651237517595291 11
1762938277749 0.10697968304157257 12
1762938277780 0.10556208342313766 13
1762938277812 0.10260796546936035 14
1762938277850 0.10319437831640244 15
1762938277894 0.10550977289676666 16
1762938277919 0.10351518541574478 17
1762938277951 0.10264352709054947 18
1762938277985 0.10231507569551468 19
