1762938277369 0.32089099287986755 1
1762938277404 0.08767037838697433 2
1762938277445 0.05051657557487488 3
1762938277483 0.03913598135113716 4
1762938277519 0.03269505128264427 5
1762938277556 0.0295419804751873 6
1762938277590 0.028008395805954933 7
1762938277618 0.025887155905365944 8
1762938277647 0.02624635584652424 9
1762938277694 0.0253266841173172 10
1762938277718 0.025257591158151627 11
1762938277749 0.02565779536962509 12
1762938277780 0.025553802028298378 13
1762938277827 0.024745093658566475 14
1762938277850 0.024803927168250084 15
1762938277898 0.025509750470519066 16
1762938277935 0.02478906512260437 17
1762938277970 0.024877719581127167 18
1762938278001 0.02464076317846775 19
