1762938788313 9.999999747378752e-06 1
1762938788352 5.949999831500463e-05 2
1762938788378 0.00010900000052060932 3
1762938788415 0.0001584999990882352 4
1762938788440 0.00020799999765586108 5
1762938788476 0.0002575000107754022 6
1762938788495 0.00030700000934302807 7
1762938788526 0.00035650000791065395 8
1762938788562 0.00040600000647827983 9
1762938788593 0.0004555000050459057 10
1762938788624 0.0005050000036135316 11
1762938788659 0.000554499973077327 12
1762938788690 0.0006040000007487833 13
1762938788721 0.0006535000284202397 14
