1762938864342 0.3170870840549469 1
1762938864350 0.05602944642305374 2
1762938864350 0.045295897871255875 3
1762938864367 0.03931151330471039 4
1762938864367 0.035087477415800095 5
1762938864392 0.03397073596715927 6
1762938864401 0.03296856954693794 7
1762938864410 0.03154640272259712 8
1762938864417 0.032198887318372726 9
1762938864417 0.029908562079072 10
1762938864439 0.029225081205368042 11
1762938864448 0.029158785939216614 12
1762938864459 0.029878409579396248 13
1762938864469 0.029106657952070236 14
1762938864478 0.028337519615888596 15
1762938864489 0.02816757559776306 16
1762938864498 0.028291190043091774 17
1762938864507 0.028569960966706276 18
1762938864517 0.026863908395171165 19
1762938864526 0.028764428570866585 20
1762938864532 0.027823057025671005 21
1762938864532 0.02801288664340973 22
1762938864548 0.02728745900094509 23
1762938864548 0.028239604085683823 24
1762938864564 0.027040045708417892 25
1762938864564 0.02737342193722725 26
1762938864579 0.026842014864087105 27
1762938864595 0.026733219623565674 28
1762938864595 0.027872230857610703 29
1762938864611 0.026412563398480415 30
1762938864611 0.025920094922184944 31
1762938864633 0.026206431910395622 32
1762938864642 0.026268653571605682 33
1762938864651 0.02563999593257904 34
1762938864661 0.025863172486424446 35
1762938864670 0.02645687572658062 36
1762938864674 0.025735920295119286 37
1762938864674 0.025220699608325958 38
1762938864689 0.02655285969376564 39
1762938864705 0.025650374591350555 40
1762938864705 0.02561340108513832 41
1762938864720 0.025526652112603188 42
1762938864720 0.025411665439605713 43
1762938864741 0.025115637108683586 44
1762938864750 0.025764193385839462 45
1762938864759 0.02612568438053131 46
1762938864766 0.02488265186548233 47
1762938864766 0.025668399408459663 48
1762938864781 0.02584274671971798 49
1762938864781 0.02452418953180313 50
1762938864797 0.025443164631724358 51
1762938864813 0.024903258308768272 52
1762938864823 0.025946220383048058 53
1762938864832 0.025017742067575455 54
1762938864841 0.0255934689193964 55
1762938864851 0.025395624339580536 56
1762938864860 0.0257393941283226 57
1762938864866 0.025332247838377953 58
1762938864866 0.025826362892985344 59
1762938864881 0.025374814867973328 60
1762938864897 0.025749128311872482 61
1762938864897 0.02575761452317238 62
1762938864913 0.02611246146261692 63
1762938864928 0.02554171532392502 64
1762938864928 0.025786809623241425 65
1762938864947 0.027034197002649307 66
