1762938945284 0.23917479813098907 1
1762938945284 0.054373908787965775 2
1762938945310 0.03699863329529762 3
1762938945319 0.03303023800253868 4
1762938945328 0.026714110746979713 5
1762938945340 0.021293794736266136 6
1762938945349 0.021798202767968178 7
1762938945362 0.01931990124285221 8
1762938945372 0.019375020638108253 9
1762938945381 0.016881242394447327 10
1762938945392 0.016628192737698555 11
1762938945401 0.016223646700382233 12
1762938945410 0.016796523705124855 13
1762938945419 0.015199060551822186 14
1762938945421 0.014430948533117771 15
1762938945436 0.013650564476847649 16
1762938945436 0.01417610514909029 17
1762938945452 0.013042978942394257 18
1762938945466 0.012919707223773003 19
1762938945476 0.013118992559611797 20
1762938945485 0.01168889831751585 21
1762938945498 0.012011772021651268 22
1762938945505 0.01181869488209486 23
1762938945525 0.011917171999812126 24
1762938945534 0.0111400680616498 25
1762938945543 0.010877715423703194 26
1762938945552 0.011216569691896439 27
1762938945561 0.010501492768526077 28
1762938945570 0.010174998082220554 29
1762938945579 0.010319235734641552 30
1762938945579 0.010199439711868763 31
1762938945595 0.00972028635442257 32
1762938945595 0.009808880276978016 33
1762938945610 0.009611228480935097 34
1762938945610 0.009715617634356022 35
1762938945633 0.00948986317962408 36
1762938945646 0.009057542309165001 37
1762938945655 0.009651047177612782 38
1762938945665 0.009635135531425476 39
1762938945675 0.008140399120748043 40
1762938945684 0.00977072399109602 41
1762938945693 0.009272626601159573 42
1762938945703 0.008639697916805744 43
1762938945703 0.009958868846297264 44
1762938945719 0.009577956050634384 45
1762938945719 0.010078501887619495 46
1762938945734 0.010412008501589298 47
1762938945734 0.010113497264683247 48
1762938945758 0.010847924277186394 49
1762938945766 0.010716306045651436 50
1762938945767 0.009906964376568794 51
1762938945783 0.009968169964849949 52
1762938945783 0.009847616776823997 53
1762938945803 0.01006538886576891 54
1762938945812 0.009816327132284641 55
1762938945820 0.009875785559415817 56
1762938945820 0.009729652665555477 57
1762938945836 0.00996576901525259 58
1762938945836 0.009591404348611832 59
1762938945859 0.009860060177743435 60
1762938945868 0.01021361444145441 61
1762938945876 0.010019833222031593 62
1762938945876 0.00990535132586956 63
1762938945892 0.00971304066479206 64
1762938945892 0.00978698581457138 65
