1762353257014 0.044294051826000214 1
1762353257024 0.01567971333861351 2
1762353257035 0.009169723838567734 3
1762353257045 0.006835766602307558 4
1762353257045 0.005696520674973726 5
1762353257063 0.005287669133394957 6
1762353257071 0.005000509321689606 7
1762353257080 0.004944345448166132 8
1762353257088 0.00480330316349864 9
1762353257096 0.004761041607707739 10
1762353257104 0.0047106072306632996 11
1762353257112 0.0046834396198391914 12
1762353257121 0.00459293695166707 13
1762353257124 0.004579778295010328 14
1762353257124 0.004605126567184925 15
1762353257147 0.00458037294447422 16
1762353257155 0.004517764784395695 17
1762353257163 0.004489963408559561 18
1762353257172 0.004455175716429949 19
1762353257174 0.004484085366129875 20
1762353257174 0.004431211389601231 21
1762353257190 0.004399039316922426 22
1762353257190 0.004312838427722454 23
1762353257206 0.004348347894847393 24
1762353257206 0.0042677996680140495 25
1762353257228 0.004248672630637884 26
1762353257236 0.004251545760780573 27
1762353257245 0.004225163254886866 28
1762353257253 0.004189344123005867 29
1762353257262 0.004101547412574291 30
1762353257270 0.004064610227942467 31
1762353257278 0.0040766098536551 32
1762353257287 0.004060080274939537 33
1762353257295 0.003954899962991476 34
1762353257296 0.003931937739253044 35
1762353257311 0.003935415763407946 36
1762353257311 0.0038694001268595457 37
1762353257327 0.0038407931569963694 38
1762353257335 0.003807188244536519 39
1762353257342 0.003799436381086707 40
1762353257342 0.003724918467923999 41
1762353257358 0.0037490397226065397 42
1762353257358 0.003695071442052722 43
1762353257373 0.0036840648390352726 44
1762353257373 0.003619460854679346 45
1762353257391 0.00359355635009706 46
1762353257399 0.003560186829417944 47
1762353257407 0.0035185646265745163 48
1762353257415 0.0035777869634330273 49
1762353257423 0.0035375887528061867 50
1762353257432 0.003471971256658435 51
1762353257440 0.0034288642928004265 52
1762353257448 0.003399520181119442 53
1762353257452 0.003397830994799733 54
1762353257452 0.0033313098829239607 55
1762353257468 0.003298781346529722 56
1762353257468 0.0032545991707593203 57
1762353257484 0.0032351198606193066 58
1762353257484 0.0031636932399123907 59
1762353257499 0.0031655803322792053 60
1762353257499 0.003095193998888135 61
1762353257520 0.0031297325622290373 62
1762353257528 0.00313952355645597 63
1762353257536 0.0031089000403881073 64
1762353257544 0.0030434257350862026 65
1762353257552 0.003011321881785989 66
1762353257560 0.002964591607451439 67
1762353257568 0.0029234341345727444 68
1762353257576 0.0029326260555535555 69
1762353257576 0.0029246117919683456 70
1762353257592 0.002887640381231904 71
1762353257592 0.0028559104539453983 72
1762353257609 0.0028545784298330545 73
1762353257613 0.0028441764879971743 74
1762353257627 0.002807183424010873 75
1762353257635 0.0027573059778660536 76
1762353257649 0.0028148996643722057 77
1762353257657 0.002751691732555628 78
1762353257665 0.0027205843944102526 79
1762353257670 0.0027370168827474117 80
1762353257670 0.0026993188075721264 81
1762353257687 0.0026574120856821537 82
1762353257687 0.0026353560388088226 83
1762353257702 0.002649447647854686 84
1762353257702 0.0026378664188086987 85
1762353257718 0.0025792275555431843 86
1762353257718 0.002537155756726861 87
1762353257734 0.0025395015254616737 88
1762353257734 0.002519793575629592 89
1762353257752 0.002526765689253807 90
1762353257760 0.002449773484840989 91
1762353257769 0.002466800156980753 92
1762353257778 0.0025080456398427486 93
1762353257786 0.0024974714033305645 94
1762353257794 0.0024997787550091743 95
1762353257803 0.0024310857988893986 96
1762353257808 0.002444039797410369 97
1762353257808 0.0024827681481838226 98
1762353257824 0.002420710399746895 99
1762353257824 0.0023797692265361547 100
