1762352756437 0.01182460319250822 1
1762352756446 0.008287006989121437 2
1762352756451 0.006744320038706064 3
1762352756451 0.006033430807292461 4
1762352756474 0.005625316873192787 5
1762352756484 0.005393958650529385 6
1762352756485 0.005258748307824135 7
1762352756501 0.005331605207175016 8
1762352756501 0.005046278238296509 9
1762352756520 0.005010498687624931 10
1762352756528 0.004922055639326572 11
1762352756537 0.00495500024408102 12
1762352756545 0.004858598578721285 13
1762352756550 0.004900502040982246 14
1762352756550 0.0048431516624987125 15
1762352756569 0.004806507844477892 16
1762352756577 0.004800360184162855 17
1762352756585 0.004811511375010014 18
1762352756593 0.004828450735658407 19
1762352756601 0.0047938828356564045 20
1762352756609 0.004757709335535765 21
1762352756618 0.004759977106004953 22
1762352756627 0.004726035986095667 23
1762352756636 0.004747012164443731 24
1762352756644 0.004714314825832844 25
1762352756653 0.00472361221909523 26
1762352756661 0.004691159352660179 27
1762352756669 0.004672630224376917 28
1762352756678 0.004725953564047813 29
1762352756688 0.0046747829765081406 30
1762352756689 0.004650988150388002 31
1762352756705 0.0046034944243729115 32
1762352756705 0.0046464730985462666 33
1762352756720 0.004611853510141373 34
1762352756736 0.0045993453823029995 35
1762352756736 0.004544904455542564 36
1762352756751 0.004544055089354515 37
1762352756751 0.004554664250463247 38
