1762939760096 9.999999747378752e-06 1
1762939760132 5.949999831500463e-05 2
1762939760164 0.00010900000052060932 3
1762939760196 0.0001584999990882352 4
1762939760227 0.00020799999765586108 5
1762939760259 0.0002575000107754022 6
1762939760290 0.00030700000934302807 7
1762939760321 0.00035650000791065395 8
1762939760339 0.00040600000647827983 9
1762939760371 0.0004555000050459057 10
1762939760418 0.0005050000036135316 11
1762939760449 0.000554499973077327 12
1762939760480 0.0006040000007487833 13
1762939760607 0.0006535000284202397 14
1762939760676 0.0007029999978840351 15
1762939760738 0.0007525000255554914 16
1762939760772 0.0008019999950192869 17
1762939760794 0.0008515000226907432 18
1762939760829 0.0009009999921545386 19
