1762939997644 0.10376845300197601 1
1762939997651 0.03688791021704674 2
1762939997651 0.02329380437731743 3
1762939997674 0.0187519658356905 4
1762939997675 0.016941433772444725 5
1762939997695 0.016161588951945305 6
1762939997704 0.015375572256743908 7
1762939997713 0.014875013381242752 8
1762939997722 0.01392568089067936 9
1762939997725 0.0135376350954175 10
1762939997741 0.013690920546650887 11
1762939997750 0.012706207111477852 12
1762939997759 0.012292946688830853 13
1762939997768 0.011788072995841503 14
1762939997777 0.012390721589326859 15
1762939997786 0.011711494997143745 16
1762939997791 0.011456945911049843 17
1762939997791 0.011530897580087185 18
1762939997807 0.01137949526309967 19
1762939997807 0.01130806002765894 20
1762939997822 0.011194641701877117 21
1762939997840 0.010941853746771812 22
1762939997849 0.010987724177539349 23
1762939997858 0.010553372092545033 24
1762939997866 0.010955320671200752 25
1762939997870 0.010462339967489243 26
1762939997870 0.010731245391070843 27
1762939997885 0.010694971308112144 28
1762939997901 0.010837831534445286 29
1762939997901 0.010261434130370617 30
1762939997917 0.010330642573535442 31
1762939997917 0.010740174911916256 32
1762939997932 0.010484417900443077 33
1762939997932 0.010451119393110275 34
1762939997948 0.010501237586140633 35
1762939997948 0.010154981166124344 36
1762939997971 0.010423364117741585 37
1762939997979 0.01030675694346428 38
1762939997979 0.010556879453361034 39
1762939997994 0.010140524245798588 40
1762939997994 0.010636008344590664 41
1762939998010 0.010711492970585823 42
1762939998010 0.011382757686078548 43
1762939998026 0.011760290712118149 44
1762939998026 0.011125653050839901 45
1762939998041 0.010837552137672901 46
1762939998057 0.010167200118303299 47
1762939998057 0.010682445019483566 48
1762939998076 0.01080497819930315 49
1762939998085 0.011025541462004185 50
1762939998091 0.011255741119384766 51
1762939998091 0.011603537946939468 52
1762939998106 0.011645091697573662 53
1762939998106 0.011311065405607224 54
1762939998122 0.011355411261320114 55
1762939998138 0.011166103184223175 56
1762939998138 0.011414097622036934 57
1762939998155 0.01111348532140255 58
1762939998164 0.011344578117132187 59
1762939998173 0.011387525126338005 60
1762939998174 0.011517420411109924 61
1762939998190 0.011078454554080963 62
1762939998190 0.011449945159256458 63
1762939998205 0.010807703249156475 64
1762939998205 0.00987930316478014 65
1762939998221 0.010032963007688522 66
1762939998237 0.010838382877409458 67
1762939998237 0.011721759103238583 68
1762939998252 0.012692080810666084 69
1762939998252 0.013108874671161175 70
