1762939859850 0.27389779686927795 1
1762939859870 0.07422468066215515 2
1762939859880 0.048081111162900925 3
1762939859885 0.04306047409772873 4
1762939859885 0.04035313427448273 5
1762939859908 0.04005894809961319 6
1762939859918 0.03685314953327179 7
1762939859927 0.03727799654006958 8
1762939859937 0.036154408007860184 9
1762939859946 0.03528250381350517 10
1762939859951 0.03499548137187958 11
1762939859951 0.035043828189373016 12
1762939859967 0.033198777586221695 13
1762939859967 0.034336552023887634 14
1762939859990 0.034263256937265396 15
1762939859999 0.032996270805597305 16
1762939860008 0.034640904515981674 17
1762939860018 0.0338176004588604 18
1762939860027 0.03300078958272934 19
1762939860027 0.032478492707014084 20
1762939860042 0.03311634063720703 21
1762939860042 0.03230878710746765 22
1762939860058 0.032410524785518646 23
1762939860058 0.03215906769037247 24
1762939860073 0.03117353841662407 25
1762939860089 0.03180408477783203 26
1762939860089 0.030953872948884964 27
1762939860107 0.03189217299222946 28
1762939860116 0.03105865977704525 29
1762939860125 0.0304323248565197 30
1762939860134 0.030744781717658043 31
1762939860136 0.03151430934667587 32
1762939860136 0.030323660001158714 33
1762939860151 0.031841084361076355 34
1762939860167 0.029650678858160973 35
1762939860167 0.02941899187862873 36
1762939860183 0.03031023032963276 37
1762939860183 0.030408907681703568 38
1762939860198 0.030582597479224205 39
1762939860198 0.02935159206390381 40
1762939860214 0.03019695356488228 41
1762939860230 0.030313150957226753 42
1762939860240 0.03058120794594288 43
1762939860249 0.030669530853629112 44
1762939860258 0.0302380733191967 45
1762939860267 0.029044901952147484 46
1762939860268 0.029872683808207512 47
1762939860284 0.02923387475311756 48
1762939860284 0.027935225516557693 49
1762939860303 0.027961432933807373 50
1762939860311 0.0274354275316 51
1762939860320 0.027767356485128403 52
1762939860329 0.02749168872833252 53
1762939860338 0.027191221714019775 54
1762939860347 0.026831667870283127 55
1762939860354 0.02651824615895748 56
1762939860354 0.026270383968949318 57
1762939860370 0.02603365108370781 58
1762939860370 0.026916328817605972 59
1762939860386 0.02644786611199379 60
1762939860386 0.0261184424161911 61
1762939860401 0.026286656036973 62
1762939860417 0.025447387248277664 63
1762939860417 0.025870490819215775 64
1762939860433 0.025365080684423447 65
1762939860433 0.025535568594932556 66
1762939860448 0.025715552270412445 67
1762939860464 0.025106841698288918 68
1762939860464 0.024712348356842995 69
1762939860479 0.024979613721370697 70
1762939860479 0.024422382935881615 71
1762939860495 0.024735072627663612 72
1762939860495 0.024280909448862076 73
1762939860511 0.02527902089059353 74
1762939860511 0.024964846670627594 75
1762939860526 0.025193646550178528 76
1762939860542 0.0239900890737772 77
1762939860551 0.02490345947444439 78
1762939860560 0.024498365819454193 79
1762939860567 0.025017183274030685 80
1762939860567 0.024340732023119926 81
1762939860583 0.024022512137889862 82
1762939860583 0.0243881493806839 83
1762939860598 0.024297859519720078 84
1762939860598 0.024336764588952065 85
1762939860622 0.024821816012263298 86
1762939860631 0.024441789835691452 87
1762939860634 0.024027707055211067 88
1762939860634 0.02434813603758812 89
1762939860649 0.02426382526755333 90
1762939860666 0.02415580302476883 91
1762939860667 0.024080192670226097 92
1762939860685 0.023927094414830208 93
1762939860697 0.023951271548867226 94
1762939860706 0.023552538827061653 95
1762939860715 0.02366853505373001 96
1762939860718 0.02340826392173767 97
1762939860718 0.024059241637587547 98
1762939860734 0.022586163133382797 99
1762939860752 0.023434393107891083 100
