1762939760069 1.1819337606430054 1
1762939760108 1.1323285102844238 2
1762939760141 1.042776107788086 3
1762939760167 0.9403874278068542 4
1762939760205 0.8431105613708496 5
1762939760227 0.7657286524772644 6
1762939760259 0.6861549019813538 7
1762939760290 0.608177125453949 8
1762939760330 0.5294261574745178 9
1762939760355 0.4620199203491211 10
1762939760386 0.3937152624130249 11
1762939760428 0.3424586057662964 12
1762939760449 0.2972445487976074 13
1762939760560 0.2552991509437561 14
1762939760632 0.2265552580356598 15
1762939760692 0.20088748633861542 16
1762939760745 0.1835598647594452 17
1762939760778 0.1699625849723816 18
1762939760813 0.15906479954719543 19
