1762939760069 2.1817471981048584 1
1762939760113 1.9929124116897583 2
1762939760146 1.7128108739852905 3
1762939760167 1.3943283557891846 4
1762939760210 1.1207195520401 5
1762939760227 0.9276614189147949 6
1762939760259 0.7435921430587769 7
1762939760290 0.582023561000824 8
1762939760334 0.444194495677948 9
1762939760355 0.3388197422027588 10
1762939760386 0.24794195592403412 11
1762939760433 0.18717308342456818 12
1762939760464 0.14147809147834778 13
1762939760575 0.10467679798603058 14
1762939760641 0.08208837360143661 15
1762939760692 0.06354095041751862 16
1762939760745 0.05332724750041962 17
1762939760778 0.04604491591453552 18
1762939760818 0.04056001082062721 19
