1762521399620 4.999999873689376e-05 1
1762521399638 0.00029749999521300197 2
1762521399679 0.0005450000171549618 3
1762521399703 0.0007924999808892608 4
1762521399734 0.0010400000028312206 5
1762521399762 0.0012875000247731805 6
1762521399782 0.0015350000467151403 7
1762521399813 0.0017824999522417784 8
1762521399836 0.00203000009059906 9
1762521399871 0.002277499996125698 10
1762521399905 0.002524999901652336 11
1762521399921 0.002772500040009618 12
1762521399952 0.003019999945536256 13
1762521399989 0.0032675000838935375 14
1762521400016 0.0035149999894201756 15
1762521400045 0.0037624998949468136 16
1762521400072 0.004009999800473452 17
1762521400088 0.004257500171661377 18
1762521400122 0.004505000077188015 19
1762521400154 0.004752499982714653 20
1762521400173 0.004999999888241291 21
1762521400204 0.00499826529994607 22
1762521400223 0.004993063863366842 23
1762521400261 0.00498440396040678 24
1762521400274 0.004972298629581928 25
1762521400305 0.004956766963005066 26
1762521400340 0.004937832243740559 27
1762521400355 0.004915524274110794 28
1762521400390 0.004889877047389746 29
1762521400425 0.004860930610448122 30
1762521400441 0.00482872873544693 31
1762521400478 0.004793322179466486 32
1762521400500 0.0047547644935548306 33
1762521400526 0.004713116213679314 34
1762521400558 0.004668440204113722 35
1762521400577 0.004620806779712439 36
1762521400609 0.004570288117974997 37
1762521400627 0.004516962915658951 38
