1762524237686 0.018910342827439308 1
1762524237686 0.017873387783765793 2
1762524237706 0.017883503809571266 3
1762524237714 0.017881670966744423 4
1762524237724 0.0177675262093544 5
1762524237732 0.0178096741437912 6
1762524237745 0.01776229217648506 7
1762524237759 0.017749806866049767 8
1762524237769 0.017697986215353012 9
1762524237777 0.01741347648203373 10
1762524237786 0.016937946900725365 11
1762524237793 0.016771849244832993 12
1762524237801 0.01648169383406639 13
1762524237803 0.016243819147348404 14
1762524237803 0.016031872481107712 15
1762524237819 0.015850435942411423 16
1762524237835 0.01509536150842905 17
1762524237836 0.013942522928118706 18
1762524237851 0.01323823630809784 19
1762524237860 0.01288518961519003 20
1762524237868 0.012663919478654861 21
1762524237876 0.012594863772392273 22
1762524237884 0.012458601966500282 23
1762524237892 0.012232692912220955 24
1762524237900 0.011932541616261005 25
1762524237905 0.01159526128321886 26
1762524237905 0.011331078596413136 27
1762524237920 0.011176169849932194 28
1762524237920 0.01096042338758707 29
1762524237937 0.01091910433024168 30
1762524237937 0.010761510580778122 31
1762524237953 0.010680959559977055 32
1762524237953 0.01070138718932867 33
1762524237968 0.010524801909923553 34
1762524237968 0.010496207512915134 35
1762524237987 0.010335794650018215 36
1762524237987 0.01138092577457428 37
1762524237987 0.010645494796335697 38
1762524238010 0.010419024154543877 39
1762524238014 0.010475179180502892 40
1762524238014 0.01031955424696207 41
1762524238030 0.010223394259810448 42
1762524238038 0.010114530101418495 43
1762524238038 0.010224512778222561 44
1762524238054 0.010088917799293995 45
1762524238054 0.010578280314803123 46
1762524238069 0.010308338329195976 47
1762524238069 0.010458306409418583 48
1762524238088 0.010256470181047916 49
1762524238088 0.010034220293164253 50
1762524238088 0.009901866316795349 51
1762524238104 0.0098153380677104 52
1762524238104 0.009761406108736992 53
1762524238120 0.009746256284415722 54
1762524238120 0.009687540121376514 55
1762524238139 0.009691032581031322 56
1762524238139 0.009618561714887619 57
1762524238155 0.009634549729526043 58
1762524238155 0.009564563632011414 59
1762524238170 0.00951870996505022 60
1762524238170 0.009519461542367935 61
1762524238189 0.009448479861021042 62
1762524238189 0.009433927945792675 63
1762524238206 0.009737992659211159 64
1762524238214 0.009445315226912498 65
1762524238221 0.00969097763299942 66
1762524238230 0.010176814161241055 67
1762524238234 0.00941476970911026 68
1762524238246 0.009324370883405209 69
1762524238254 0.009277479723095894 70
1762524238262 0.009260998107492924 71
1762524238270 0.009245463646948338 72
1762524238278 0.0091744065284729 73
1762524238280 0.009097576141357422 74
1762524238290 0.009114720858633518 75
1762524238290 0.009124375879764557 76
1762524238306 0.009089123457670212 77
1762524238306 0.009092491120100021 78
1762524238322 0.00907572265714407 79
1762524238322 0.009042324498295784 80
1762524238340 0.008949474431574345 81
1762524238348 0.008921364322304726 82
1762524238356 0.009044939652085304 83
1762524238358 0.008925018832087517 84
1762524238358 0.008988686837255955 85
1762524238374 0.008874836377799511 86
1762524238374 0.009320256300270557 87
1762524238392 0.009142178110778332 88
1762524238392 0.00888876710087061 89
1762524238407 0.009039564058184624 90
1762524238407 0.009586985222995281 91
1762524238423 0.009350784122943878 92
1762524238423 0.009011354297399521 93
1762524238442 0.008913346566259861 94
1762524238473 0.009005933068692684 95
1762524238493 0.008837656117975712 96
1762524238508 0.009354012086987495 97
1762524238524 0.00917819608002901 98
1762524238524 0.008959969505667686 99
1762524238546 0.009190299548208714 100
