1762521544911 0.031409017741680145 1
1762521544928 0.024186771363019943 2
1762521544937 0.023864781484007835 3
1762521544945 0.023213792592287064 4
1762521544952 0.02341090887784958 5
1762521544962 0.02285453863441944 6
1762521544963 0.022879796102643013 7
1762521544979 0.02267111837863922 8
1762521544985 0.022189704701304436 9
1762521544996 0.022266533225774765 10
1762521545004 0.02223532274365425 11
1762521545013 0.022035321220755577 12
1762521545021 0.022092575207352638 13
1762521545029 0.022043069824576378 14
1762521545036 0.02184387296438217 15
1762521545036 0.021735571324825287 16
1762521545052 0.021927332505583763 17
1762521545060 0.021827401593327522 18
1762521545069 0.02174536883831024 19
1762521545077 0.021638832986354828 20
1762521545085 0.02165454626083374 21
1762521545093 0.02140500396490097 22
1762521545101 0.021473418921232224 23
1762521545109 0.021489277482032776 24
1762521545109 0.021319663152098656 25
1762521545124 0.021371545270085335 26
1762521545124 0.02136809751391411 27
1762521545137 0.021241670474410057 28
1762521545137 0.021186333149671555 29
1762521545153 0.021242139860987663 30
1762521545153 0.021203648298978806 31
1762521545168 0.02109777368605137 32
1762521545168 0.021069800481200218 33
1762521545187 0.02098904550075531 34
1762521545187 0.021077509969472885 35
1762521545203 0.021021448075771332 36
1762521545203 0.020961066707968712 37
1762521545219 0.0209793783724308 38
1762521545219 0.020970862358808517 39
1762521545234 0.020846432074904442 40
1762521545238 0.02076164074242115 41
1762521545238 0.020841676741838455 42
1762521545253 0.02073422260582447 43
1762521545253 0.020636165514588356 44
1762521545284 0.02054654061794281 45
1762521545296 0.020573418587446213 46
1762521545296 0.020539402961730957 47
1762521545312 0.020519431680440903 48
1762521545312 0.02053907699882984 49
1762521545328 0.020325560122728348 50
1762521545339 0.020282737910747528 51
1762521545339 0.020337991416454315 52
1762521545354 0.020195012912154198 53
1762521545354 0.020160913467407227 54
1762521545370 0.020228134468197823 55
1762521545370 0.020118745043873787 56
1762521545386 0.020090514793992043 57
1762521545389 0.020104622468352318 58
1762521545389 0.019973983988165855 59
1762521545405 0.019908810034394264 60
1762521545405 0.01989198476076126 61
1762521545420 0.019746137782931328 62
1762521545420 0.0198717899620533 63
1762521545440 0.01971115544438362 64
1762521545440 0.01974528282880783 65
1762521545455 0.01958448998630047 66
1762521545455 0.019549641758203506 67
1762521545471 0.019704025238752365 68
1762521545471 0.019537540152668953 69
1762521545491 0.019569076597690582 70
1762521545499 0.01954779028892517 71
1762521545506 0.019461000338196754 72
1762521545514 0.01944045163691044 73
1762521545515 0.01940048113465309 74
1762521545515 0.01945936121046543 75
1762521545530 0.019380178302526474 76
1762521545541 0.019296763464808464 77
1762521545541 0.019374269992113113 78
1762521545557 0.019258851185441017 79
1762521545557 0.019330687820911407 80
1762521545572 0.019201228395104408 81
1762521545572 0.019163543358445168 82
1762521545592 0.0191069096326828 83
1762521545593 0.01916276477277279 84
1762521545593 0.01913086324930191 85
1762521545609 0.019143251702189445 86
1762521545609 0.01906786672770977 87
1762521545624 0.019055992364883423 88
1762521545624 0.018953848630189896 89
1762521545642 0.01897387020289898 90
1762521545642 0.01894674450159073 91
1762521545658 0.01887005940079689 92
1762521545658 0.01899203099310398 93
1762521545678 0.019042622298002243 94
1762521545686 0.018987156450748444 95
1762521545694 0.01892215386033058 96
1762521545701 0.01886642351746559 97
1762521545702 0.01886407472193241 98
1762521545702 0.018817555159330368 99
1762521545725 0.018898174166679382 100
