1762521399598 0.14550963044166565 1
1762521399624 0.1265779584646225 2
1762521399659 0.11864272505044937 3
1762521399688 0.1148715540766716 4
1762521399703 0.11341538280248642 5
1762521399734 0.1111881360411644 6
1762521399770 0.10838131606578827 7
1762521399782 0.10798688977956772 8
1762521399820 0.10812146216630936 9
1762521399851 0.10791800171136856 10
1762521399889 0.10770665854215622 11
1762521399905 0.10798259824514389 12
1762521399936 0.10787425190210342 13
1762521399968 0.10824871063232422 14
1762521399997 0.10897009074687958 15
1762521400025 0.10899738222360611 16
1762521400046 0.10938887298107147 17
1762521400072 0.11050267517566681 18
1762521400103 0.10960497707128525 19
1762521400122 0.10971860587596893 20
1762521400154 0.11035564541816711 21
1762521400188 0.11230171471834183 22
1762521400204 0.11024382710456848 23
1762521400242 0.10914473235607147 24
1762521400265 0.1093965694308281 25
1762521400289 0.10931210964918137 26
1762521400321 0.11170859634876251 27
1762521400340 0.11020372807979584 28
1762521400375 0.10955705493688583 29
1762521400390 0.11037158966064453 30
1762521400425 0.10923174768686295 31
1762521400456 0.10883016884326935 32
1762521400486 0.10969257354736328 33
1762521400500 0.11032833158969879 34
1762521400526 0.10868225991725922 35
1762521400558 0.10853978991508484 36
1762521400594 0.1090136170387268 37
1762521400609 0.10978085547685623 38
