1762521399602 0.04026001691818237 1
1762521399624 0.029481608420610428 2
1762521399663 0.02577720768749714 3
1762521399688 0.024390501901507378 4
1762521399720 0.024051126092672348 5
1762521399734 0.02345563843846321 6
1762521399774 0.022359201684594154 7
1762521399797 0.022291352972388268 8
1762521399820 0.02234097197651863 9
1762521399851 0.022189389914274216 10
1762521399889 0.02207907848060131 11
1762521399905 0.02215881459414959 12
1762521399936 0.022092211991548538 13
1762521399971 0.02214152365922928 14
1762521400001 0.02235979028046131 15
1762521400029 0.0222609955817461 16
1762521400046 0.022436708211898804 17
1762521400072 0.022535381838679314 18
1762521400103 0.022442838177084923 19
1762521400122 0.02232903428375721 20
1762521400154 0.02243916504085064 21
1762521400188 0.02327747642993927 22
1762521400204 0.022586261853575706 23
1762521400246 0.02214469015598297 24
1762521400265 0.022303376346826553 25
1762521400289 0.02227044850587845 26
1762521400324 0.02313639037311077 27
1762521400340 0.02255331166088581 28
1762521400375 0.02228536829352379 29
1762521400406 0.02254049852490425 30
1762521400425 0.022182011976838112 31
1762521400456 0.02217898704111576 32
1762521400490 0.02254057303071022 33
1762521400516 0.022449340671300888 34
1762521400542 0.022066980600357056 35
1762521400558 0.022101135924458504 36
1762521400598 0.022279666736721992 37
1762521400624 0.022416092455387115 38
