1762256913668 9.999999747378752e-06 1
1762256913691 5.949999831500463e-05 2
1762256913714 0.00010900000052060932 3
1762256913722 0.0001584999990882352 4
1762256913754 0.00020799999765586108 5
1762256913769 0.0002575000107754022 6
1762256913785 0.00030700000934302807 7
1762256913821 0.00035650000791065395 8
1762256913842 0.00040600000647827983 9
1762256913863 0.0004555000050459057 10
1762256913878 0.0005050000036135316 11
1762256913894 0.000554499973077327 12
1762256913925 0.0006040000007487833 13
1762256913941 0.0006535000284202397 14
1762256913957 0.0007029999978840351 15
1762256913988 0.0007525000255554914 16
1762256914015 0.0008019999950192869 17
1762256914038 0.0008515000226907432 18
1762256914060 0.0009009999921545386 19
1762256914082 0.000950500019825995 20
1762256914104 0.0010000000474974513 21
1762256914117 0.0009996530134230852 22
1762256914144 0.0009986128425225616 23
1762256914160 0.0009968808153644204 24
1762256914191 0.0009944597259163857 25
1762256914207 0.0009913534158840775 26
1762256914223 0.0009875664254650474 27
1762256914258 0.00098310480825603 28
1762256914269 0.0009779754327610135 29
1762256914300 0.00097218609880656 30
1762256914322 0.0009657457703724504 31
1762256914344 0.0009586644009687006 32
1762256914365 0.0009509529336355627 33
1762256914379 0.0009426231845282018 34
1762256914394 0.0009336880757473409 35
1762256914425 0.0009241613443009555 36
1762256914441 0.0009140576585195959 37
1762256914474 0.0009033926180563867 38
1762256914488 0.0008921826956793666 39
1762256914503 0.0008804451208561659 40
1762256914535 0.0008681980543769896 41
1762256914550 0.0008554603555239737 42
1762256914583 0.000842251640278846 43
1762256914606 0.0008285922813229263 44
1762256914628 0.0008145033498294652 45
1762256914649 0.0008000066154636443 46
1762256914671 0.0007851243717595935 47
1762256914691 0.0007698795525357127 48
1762256914707 0.0007542957318946719 49
1762256914722 0.0007383968913927674 50
1762256914754 0.0007222075364552438 51
1762256914769 0.0007057526963762939 52
1762256914801 0.0006890576332807541 53
1762256914822 0.00067214819137007 54
1762256914832 0.0006550503894686699 55
1762256914864 0.0006377906538546085 56
1762256914879 0.0006203955272212625 57
1762256914895 0.0006028918433003128 58
1762256914926 0.0005853066104464233 59
1762256914941 0.0005676668952219188 60
1762256914973 0.0005499999970197678 61
1762256914988 0.0005323330988176167 62
1762256915018 0.0005146933835931122 63
1762256915040 0.0004971081507392228 64
1762256915062 0.0004796044959221035 65
1762256915083 0.00046220936928875744 66
1762256915106 0.0004449495754670352 67
1762256915128 0.00042785180266946554 68
1762256915151 0.00041094236075878143 69
1762256915167 0.0003942473267670721 70
1762256915183 0.0003777924575842917 71
1762256915214 0.00036160313175059855 72
1762256915230 0.0003457042621448636 73
1762256915261 0.0003301204415038228 74
1762256915277 0.0003148756513837725 75
1762256915308 0.0002999934076797217 76
1762256915329 0.00028549664421007037 77
1762256915348 0.00027140771271660924 78
1762256915364 0.00025774838286451995 79
1762256915380 0.0002445396676193923 80
1762256915411 0.00023180195421446115 81
1762256915437 0.00021955487318336964 82
1762256915458 0.00020781731291208416 83
1762256915473 0.0001966073759831488 84
1762256915489 0.0001859423500718549 85
1762256915520 0.00017583867884241045 86
1762256915546 0.00016631193284410983 87
1762256915567 0.00015737679495941848 88
1762256915589 0.00014904706040397286 89
1762256915598 0.00014133557851891965 90
1762256915633 0.00013425420911516994 91
1762256915654 0.00012781389523297548 92
1762256915676 0.00012202456855447963 93
1762256915701 0.00011689514212775975 94
1762256915718 0.00011243353219470009 95
1762256915734 0.00010864662181120366 96
1762256915765 0.00010554024629527703 97
1762256915780 0.00010311919322703034 98
1762256915796 0.00010138720244867727 99
1762256915827 0.00010034693696070462 100
