1762257044594 0.044046904891729355 1
1762257044597 0.018213899806141853 2
1762257044597 0.011579605750739574 3
1762257044615 0.00900600478053093 4
1762257044622 0.007797830272465944 5
1762257044624 0.00725996308028698 6
1762257044624 0.006881939712911844 7
1762257044642 0.006651734001934528 8
1762257044649 0.006534144282341003 9
1762257044655 0.006455685012042522 10
1762257044661 0.0063433097675442696 11
1762257044668 0.006330547854304314 12
1762257044673 0.006271956022828817 13
1762257044673 0.006226374302059412 14
1762257044673 0.006204807199537754 15
1762257044689 0.006181292701512575 16
1762257044689 0.006286779418587685 17
1762257044704 0.006131286267191172 18
1762257044704 0.006192793603986502 19
1762257044704 0.006139083299785852 20
1762257044720 0.006152034271508455 21
1762257044720 0.006111834663897753 22
1762257044735 0.006107708904892206 23
1762257044735 0.006112814415246248 24
1762257044735 0.006115212105214596 25
1762257044751 0.006094061303883791 26
1762257044751 0.0060974047519266605 27
1762257044767 0.006088289897888899 28
1762257044767 0.0060704913921654224 29
1762257044767 0.006100253202021122 30
1762257044785 0.006071335636079311 31
1762257044791 0.006081792060285807 32
1762257044798 0.0060737584717571735 33
1762257044805 0.006092781201004982 34
1762257044812 0.006041080690920353 35
1762257044818 0.0060631828382611275 36
1762257044825 0.00605029845610261 37
1762257044831 0.006047836504876614 38
1762257044837 0.00606332765892148 39
1762257044843 0.006037907209247351 40
1762257044850 0.006070705130696297 41
1762257044856 0.006025246344506741 42
1762257044862 0.006004855036735535 43
1762257044863 0.00603879988193512 44
1762257044863 0.006031468976289034 45
1762257044882 0.006066055502742529 46
1762257044888 0.0060025728307664394 47
1762257044894 0.006016882602125406 48
1762257044901 0.006027459632605314 49
1762257044907 0.006006492767482996 50
1762257044913 0.00601261667907238 51
