1762257212935 0.0462220162153244 1
1762257212943 0.01592640019953251 2
1762257212944 0.01018922682851553 3
1762257212944 0.00788514781743288 4
1762257212963 0.006978779565542936 5
1762257212969 0.006628774106502533 6
1762257212976 0.006371011026203632 7
1762257212982 0.006246583070605993 8
1762257212988 0.006159454584121704 9
1762257212993 0.006073595955967903 10
1762257212993 0.006033136043697596 11
1762257212993 0.005980315152555704 12
1762257213009 0.005933159962296486 13
1762257213009 0.005894728470593691 14
1762257213027 0.005885115824639797 15
1762257213033 0.005832406226545572 16
1762257213039 0.005808635149151087 17
1762257213045 0.005792942363768816 18
1762257213049 0.0057452707551419735 19
1762257213049 0.005754054524004459 20
1762257213064 0.005701834801584482 21
1762257213064 0.005720085930079222 22
1762257213064 0.005708376411348581 23
1762257213080 0.005681916140019894 24
1762257213080 0.0056498125195503235 25
1762257213080 0.005589937791228294 26
1762257213095 0.005540591198951006 27
1762257213095 0.0055413381196558475 28
1762257213111 0.005534584634006023 29
1762257213111 0.0054900990799069405 30
1762257213111 0.005441722925752401 31
1762257213133 0.005434980150312185 32
1762257213139 0.005357439164072275 33
1762257213145 0.005361552350223064 34
1762257213151 0.005302869714796543 35
1762257213157 0.005201289895921946 36
1762257213158 0.005191318690776825 37
1762257213158 0.005156607832759619 38
1762257213173 0.005076997447758913 39
1762257213173 0.0051031531766057014 40
1762257213173 0.004957219585776329 41
1762257213189 0.004923430737107992 42
1762257213189 0.004898626822978258 43
1762257213205 0.004853239748626947 44
1762257213205 0.004831171594560146 45
1762257213220 0.004716478753834963 46
1762257213220 0.004755278583616018 47
1762257213220 0.004650609567761421 48
1762257213239 0.0047766901552677155 49
1762257213245 0.004568701609969139 50
1762257213251 0.0046457648277282715 51
1762257213258 0.004590777214616537 52
1762257213264 0.004500219132751226 53
1762257213267 0.00449840072542429 54
1762257213267 0.004430202767252922 55
1762257213283 0.004339746665209532 56
1762257213283 0.004422320052981377 57
1762257213283 0.004321784246712923 58
1762257213299 0.004368632100522518 59
1762257213299 0.004311474971473217 60
1762257213299 0.004238495137542486 61
1762257213314 0.0042296238243579865 62
1762257213314 0.004227848723530769 63
1762257213330 0.004119955934584141 64
1762257213330 0.004095909651368856 65
1762257213330 0.0039994497783482075 66
1762257213351 0.003997974097728729 67
1762257213357 0.003978329710662365 68
1762257213363 0.004008364398032427 69
1762257213370 0.0038951532915234566 70
1762257213376 0.003921844065189362 71
1762257213378 0.0039029312320053577 72
1762257213378 0.0038672408554702997 73
1762257213393 0.0037904358468949795 74
1762257213393 0.003716627601534128 75
1762257213393 0.0037443237379193306 76
1762257213414 0.0036249172408133745 77
1762257213420 0.0036831730976700783 78
1762257213426 0.003707736264914274 79
1762257213433 0.0035370795521885157 80
1762257213439 0.003465632675215602 81
1762257213445 0.0035219306591898203 82
1762257213451 0.003451266558840871 83
1762257213459 0.0033318321220576763 84
1762257213465 0.0035020809154957533 85
1762257213472 0.0035902189556509256 86
1762257213479 0.0033064819872379303 87
1762257213485 0.0032440992072224617 88
1762257213486 0.003229473950341344 89
1762257213486 0.0033447088208049536 90
1762257213502 0.003380219452083111 91
1762257213502 0.003250547917559743 92
1762257213502 0.003244113875553012 93
1762257213517 0.0032149108592420816 94
1762257213517 0.0031679836101830006 95
1762257213533 0.00320049119181931 96
1762257213533 0.003100791247561574 97
1762257213533 0.0031718816608190536 98
1762257213548 0.003122426802292466 99
1762257213548 0.0030916822142899036 100
