1762256913649 0.30487534403800964 1
1762256913675 0.23413239419460297 2
1762256913698 0.18758313357830048 3
1762256913720 0.16345755755901337 4
1762256913738 0.14934393763542175 5
1762256913754 0.13754400610923767 6
1762256913769 0.12893140316009521 7
1762256913806 0.12503249943256378 8
1762256913827 0.120010145008564 9
1762256913849 0.11298122256994247 10
1762256913863 0.1024537906050682 11
1762256913878 0.09443007409572601 12
1762256913910 0.09347298741340637 13
1762256913925 0.08875127881765366 14
1762256913941 0.08470448851585388 15
1762256913972 0.08186698704957962 16
1762256913988 0.07660497725009918 17
1762256914022 0.07356013357639313 18
1762256914044 0.07374978810548782 19
1762256914066 0.07151833921670914 20
1762256914089 0.06856974214315414 21
1762256914111 0.06609998643398285 22
1762256914132 0.06500470638275146 23
1762256914144 0.06304041296243668 24
1762256914176 0.06105324253439903 25
1762256914191 0.06111204996705055 26
1762256914207 0.06013195961713791 27
1762256914238 0.05745048448443413 28
1762256914264 0.05727231502532959 29
1762256914285 0.05649597942829132 30
1762256914300 0.05625121667981148 31
1762256914328 0.05557027459144592 32
1762256914350 0.054910287261009216 33
1762256914371 0.05536755546927452 34
1762256914379 0.055348947644233704 35
1762256914410 0.054560765624046326 36
1762256914425 0.05325038358569145 37
1762256914457 0.05189460515975952 38
1762256914481 0.05312604084610939 39
1762256914488 0.052965063601732254 40
1762256914519 0.054011713713407516 41
1762256914535 0.05225488916039467 42
1762256914566 0.05272099748253822 43
1762256914589 0.05129551887512207 44
1762256914612 0.05246180668473244 45
1762256914634 0.05287535861134529 46
1762256914649 0.05212555453181267 47
1762256914677 0.05127695947885513 48
1762256914691 0.050418123602867126 49
1762256914707 0.05078831687569618 50
1762256914738 0.05079912766814232 51
1762256914754 0.0506385900080204 52
1762256914786 0.050569020211696625 53
1762256914807 0.051011018455028534 54
1762256914829 0.05078568682074547 55
1762256914848 0.05092152953147888 56
1762256914864 0.049787238240242004 57
1762256914879 0.049140773713588715 58
1762256914916 0.04900772124528885 59
1762256914926 0.04895150288939476 60
1762256914957 0.048946794122457504 61
1762256914973 0.04916119575500488 62
1762256914988 0.04865492507815361 63
1762256915019 0.04797627776861191 64
1762256915046 0.04781558737158775 65
1762256915068 0.047753166407346725 66
1762256915090 0.04743307828903198 67
1762256915112 0.04750039801001549 68
1762256915135 0.04698270931839943 69
1762256915157 0.04752848297357559 70
1762256915167 0.04722626879811287 71
1762256915199 0.04697037860751152 72
1762256915214 0.046435222029685974 73
1762256915246 0.04680405929684639 74
1762256915261 0.04652119800448418 75
1762256915277 0.04665779322385788 76
1762256915308 0.04643620550632477 77
1762256915333 0.04598593711853027 78
1762256915348 0.04595772922039032 79
1762256915364 0.04564176872372627 80
1762256915395 0.04597378149628639 81
1762256915411 0.046044234186410904 82
1762256915443 0.04566248506307602 83
1762256915458 0.04556635022163391 84
1762256915473 0.045923978090286255 85
1762256915505 0.0454881526529789 86
1762256915520 0.045742958784103394 87
1762256915552 0.045188359916210175 88
1762256915573 0.0452289804816246 89
1762256915595 0.045893196016550064 90
1762256915613 0.04555896297097206 91
1762256915639 0.04558144882321358 92
1762256915660 0.04537312313914299 93
1762256915676 0.04542611166834831 94
1762256915707 0.04533718526363373 95
1762256915718 0.04523274302482605 96
1762256915749 0.04484637826681137 97
1762256915765 0.04483637586236 98
1762256915780 0.045130517333745956 99
1762256915812 0.045254502445459366 100
