1762256913654 0.1458146870136261 1
1762256913678 0.08776094764471054 2
1762256913701 0.05710872262716293 3
1762256913722 0.04378563165664673 4
1762256913738 0.036526672542095184 5
1762256913754 0.030977899208664894 6
1762256913785 0.027350910007953644 7
1762256913809 0.0256208386272192 8
1762256913830 0.023757921531796455 9
1762256913852 0.021271834149956703 10
1762256913863 0.017429696395993233 11
1762256913894 0.015055306255817413 12
1762256913910 0.015195723623037338 13
1762256913925 0.014043735340237617 14
1762256913957 0.01274510845541954 15
1762256913972 0.012189500965178013 16
1762256913988 0.01085470151156187 17
1762256914025 0.010212857276201248 18
1762256914047 0.010358061641454697 19
1762256914069 0.009922536090016365 20
1762256914092 0.009305543266236782 21
1762256914114 0.008760363794863224 22
1762256914136 0.008624440059065819 23
1762256914144 0.008239875547587872 24
1762256914176 0.007851769216358662 25
1762256914191 0.007934106513857841 26
1762256914223 0.007794054690748453 27
1762256914238 0.007205594796687365 28
1762256914267 0.007290020119398832 29
1762256914285 0.007107216399163008 30
1762256914300 0.00705155311152339 31
1762256914332 0.007015816401690245 32
1762256914353 0.006846903823316097 33
1762256914374 0.006930079311132431 34
1762256914394 0.006962998304516077 35
1762256914410 0.006809544749557972 36
1762256914425 0.006582306697964668 37
1762256914461 0.006435489282011986 38
1762256914484 0.006628952454775572 39
1762256914503 0.00661051832139492 40
1762256914519 0.006745492573827505 41
1762256914535 0.00649058073759079 42
1762256914570 0.006602914538234472 43
1762256914592 0.006340045016258955 44
1762256914615 0.0064606801606714725 45
1762256914634 0.006526508368551731 46
1762256914649 0.006461094133555889 47
1762256914680 0.006330022122710943 48
1762256914691 0.006293256301432848 49
1762256914722 0.006364128552377224 50
1762256914738 0.006343169137835503 51
1762256914754 0.006285503972321749 52
1762256914789 0.006267743185162544 53
1762256914810 0.0063192215748131275 54
1762256914832 0.006259504240006208 55
1762256914848 0.006356209982186556 56
1762256914864 0.006213263608515263 57
1762256914895 0.006101170089095831 58
1762256914920 0.006074591539800167 59
1762256914926 0.00603519519791007 60
1762256914957 0.006057567894458771 61
1762256914973 0.006067773327231407 62
1762256915006 0.005968188866972923 63
1762256915019 0.005902365781366825 64
1762256915049 0.005891464184969664 65
1762256915071 0.005918178241699934 66
1762256915093 0.005886449012905359 67
1762256915115 0.005914602894335985 68
1762256915138 0.005807166453450918 69
1762256915160 0.0059424093924462795 70
1762256915167 0.005887412466108799 71
1762256915199 0.005851055961102247 72
1762256915230 0.005793844815343618 73
1762256915246 0.005920564290136099 74
1762256915261 0.005852275528013706 75
1762256915292 0.005860732402652502 76
1762256915308 0.005820932798087597 77
1762256915333 0.005760764703154564 78
1762256915348 0.005767066031694412 79
1762256915380 0.0056886519305408 80
1762256915395 0.005743552464991808 81
1762256915411 0.005727709736675024 82
1762256915446 0.005708904005587101 83
1762256915458 0.005743364337831736 84
1762256915489 0.005827205255627632 85
1762256915505 0.005740057677030563 86
1762256915520 0.005775820463895798 87
1762256915555 0.005686681717634201 88
1762256915577 0.005676924716681242 89
1762256915598 0.005863033700734377 90
1762256915613 0.005717571824789047 91
1762256915642 0.005712635349482298 92
1762256915660 0.0057215760461986065 93
1762256915686 0.005792135838419199 94
1762256915710 0.005723534617573023 95
1762256915718 0.005642436444759369 96
1762256915749 0.005647280719131231 97
1762256915765 0.00567129161208868 98
1762256915780 0.0057152435183525085 99
1762256915812 0.005762296263128519 100
