1762303499146 0.024801788851618767 1
1762303499163 0.010094213299453259 2
1762303499172 0.007568394299596548 3
1762303499180 0.0063731553964316845 4
1762303499185 0.005784332286566496 5
1762303499197 0.005446447059512138 6
1762303499197 0.005180674605071545 7
1762303499213 0.005105899181216955 8
1762303499214 0.005042030941694975 9
1762303499231 0.004965434782207012 10
1762303499239 0.00492995698004961 11
1762303499247 0.00502977566793561 12
1762303499255 0.0050802091136574745 13
1762303499263 0.0049196528270840645 14
1762303499271 0.004906071815639734 15
1762303499279 0.004883200395852327 16
1762303499279 0.00487503781914711 17
1762303499295 0.004889224655926228 18
1762303499295 0.004898322746157646 19
1762303499310 0.00491010956466198 20
1762303499318 0.004919834900647402 21
1762303499326 0.004876378457993269 22
1762303499333 0.004916335456073284 23
1762303499341 0.004922929685562849 24
1762303499349 0.004885274916887283 25
1762303499358 0.004850744269788265 26
1762303499358 0.0048520383425056934 27
1762303499373 0.004879973828792572 28
1762303499381 0.004870711360126734 29
1762303499387 0.004878087434917688 30
1762303499387 0.004849432501941919 31
1762303499403 0.004834013991057873 32
1762303499403 0.004847472067922354 33
1762303499419 0.004808833356946707 34
1762303499430 0.0047897580079734325 35
1762303499439 0.004766550846397877 36
1762303499447 0.004772243555635214 37
1762303499455 0.004762160591781139 38
1762303499463 0.004755028989166021 39
1762303499464 0.004782881122082472 40
1762303499464 0.004758227150887251 41
1762303499480 0.004724912811070681 42
1762303499480 0.0047223735600709915 43
1762303499495 0.004694905132055283 44
1762303499495 0.004699246026575565 45
1762303499511 0.004692257381975651 46
1762303499527 0.004720698110759258 47
1762303499527 0.004683081991970539 48
1762303499543 0.004668546840548515 49
1762303499551 0.004674014635384083 50
1762303499559 0.004699851851910353 51
1762303499567 0.00463930843397975 52
1762303499574 0.0046524242497980595 53
1762303499575 0.0046239434741437435 54
1762303499575 0.004623988643288612 55
1762303499598 0.004701047204434872 56
1762303499605 0.004645436070859432 57
1762303499606 0.004627723712474108 58
1762303499606 0.00462122168391943 59
1762303499621 0.004656748380511999 60
1762303499621 0.004599329549819231 61
1762303499637 0.004567952826619148 62
1762303499637 0.004567025229334831 63
1762303499653 0.0045959665440022945 64
1762303499653 0.004619853105396032 65
1762303499676 0.004563684109598398 66
1762303499683 0.004555041436105967 67
1762303499686 0.0045006051659584045 68
1762303499686 0.004507237579673529 69
1762303499708 0.004548431374132633 70
1762303499715 0.004493883810937405 71
1762303499723 0.004465095698833466 72
1762303499732 0.004458218347281218 73
1762303499740 0.0045101456344127655 74
1762303499747 0.0044875615276396275 75
1762303499755 0.004466777667403221 76
1762303499763 0.004501930437982082 77
1762303499771 0.004442091099917889 78
1762303499779 0.004541344009339809 79
1762303499787 0.004494601394981146 80
1762303499794 0.004458880051970482 81
1762303499802 0.004390428774058819 82
1762303499810 0.00437573716044426 83
1762303499817 0.0043829940259456635 84
1762303499825 0.0043907868675887585 85
1762303499833 0.004382356535643339 86
1762303499841 0.004357001278549433 87
1762303499849 0.004306062590330839 88
1762303499857 0.004298057407140732 89
1762303499865 0.004410448018461466 90
1762303499873 0.004297027830034494 91
1762303499881 0.004314829595386982 92
1762303499889 0.004266650881618261 93
1762303499897 0.0043789781630039215 94
1762303499904 0.004341620020568371 95
1762303499904 0.004337521735578775 96
1762303499920 0.004322810098528862 97
1762303499928 0.004203196614980698 98
1762303499935 0.004228852689266205 99
1762303499935 0.0041794124990701675 100
