1762303932963 0.04964631050825119 1
1762303932971 0.012602729722857475 2
1762303932971 0.008221682161092758 3
1762303932996 0.00609896844252944 4
1762303933007 0.005342086777091026 5
1762303933009 0.004949047230184078 6
1762303933024 0.004692442249506712 7
1762303933032 0.004538875538855791 8
1762303933041 0.004423097241669893 9
1762303933049 0.004347884561866522 10
1762303933058 0.004294173792004585 11
1762303933066 0.004247304517775774 12
1762303933074 0.004207170568406582 13
1762303933082 0.004175341222435236 14
1762303933090 0.00413866201415658 15
1762303933099 0.004096796736121178 16
1762303933102 0.004122334532439709 17
1762303933102 0.004083466250449419 18
1762303933117 0.004057824611663818 19
1762303933117 0.0040228283032774925 20
1762303933133 0.003975961823016405 21
1762303933133 0.003974242135882378 22
1762303933149 0.003957997541874647 23
1762303933149 0.003921664785593748 24
1762303933164 0.003875715658068657 25
1762303933164 0.0038979840464890003 26
1762303933180 0.003850923851132393 27
1762303933180 0.003826647065579891 28
1762303933196 0.003825032152235508 29
1762303933196 0.003780749160796404 30
1762303933216 0.0037600554060190916 31
1762303933224 0.0037320167757570744 32
1762303933229 0.003673440543934703 33
1762303933229 0.0036336705088615417 34
1762303933244 0.003575583454221487 35
1762303933244 0.003547466592863202 36
1762303933263 0.003509668167680502 37
1762303933272 0.0034750979393720627 38
1762303933279 0.0034727377351373434 39
1762303933287 0.003411084646359086 40
1762303933291 0.003357475157827139 41
1762303933291 0.0033057439140975475 42
1762303933311 0.003258560784161091 43
1762303933319 0.003256086492910981 44
1762303933327 0.0032153199426829815 45
1762303933334 0.0031316373497247696 46
1762303933338 0.0031145550310611725 47
1762303933338 0.0030968296341598034 48
1762303933354 0.003064107848331332 49
1762303933354 0.0030191875994205475 50
1762303933374 0.002978430362418294 51
1762303933382 0.0029692361131310463 52
1762303933390 0.00294552487321198 53
1762303933398 0.002899180632084608 54
1762303933406 0.0028113380540162325 55
1762303933414 0.0028655303176492453 56
1762303933422 0.0027683558873832226 57
1762303933431 0.002713138237595558 58
1762303933439 0.0026916228234767914 59
1762303933447 0.002702254569157958 60
1762303933450 0.002664012834429741 61
1762303933450 0.002606902504339814 62
1762303933466 0.0026050067972391844 63
1762303933466 0.0025835151318460703 64
1762303933482 0.0025485174264758825 65
1762303933482 0.0025569540448486805 66
1762303933502 0.002505604177713394 67
1762303933510 0.002504435833543539 68
1762303933510 0.002438641618937254 69
1762303933525 0.0024332525208592415 70
1762303933525 0.0023746686056256294 71
1762303933541 0.0023994995281100273 72
1762303933541 0.0023634398821741343 73
1762303933556 0.0023220537696033716 74
1762303933556 0.002362210303544998 75
1762303933572 0.0022952749859541655 76
1762303933572 0.002265883143991232 77
1762303933588 0.0022430431563407183 78
1762303933588 0.002215912565588951 79
1762303933607 0.0022066927049309015 80
1762303933615 0.0021923095919191837 81
1762303933623 0.0021727806888520718 82
1762303933631 0.0021307116840034723 83
1762303933639 0.002133537782356143 84
1762303933646 0.0021026055328547955 85
1762303933655 0.0021243554074317217 86
1762303933662 0.002068115631118417 87
1762303933666 0.002091849222779274 88
1762303933666 0.0020691410172730684 89
1762303933686 0.002006856258958578 90
1762303933694 0.0020303393248468637 91
1762303933701 0.0020012655295431614 92
1762303933701 0.001998655730858445 93
1762303933718 0.001959263114258647 94
1762303933726 0.0019386336207389832 95
1762303933729 0.0019722466822713614 96
1762303933729 0.0018987443763762712 97
1762303933744 0.0018746196292340755 98
1762303933744 0.0018962202593684196 99
1762303933764 0.0018869173945859075 100
