1762769329758 0.053071774542331696 1
1762769329778 0.03375124931335449 2
1762769329787 0.03051052801311016 3
1762769329797 0.029351267963647842 4
1762769329808 0.029537353664636612 5
1762769329818 0.028748687356710434 6
1762769329825 0.026213644072413445 7
1762769329825 0.026002023369073868 8
1762769329841 0.025879794731736183 9
1762769329856 0.02471267245709896 10
1762769329858 0.02323208749294281 11
1762769329875 0.021284019574522972 12
1762769329875 0.02129235863685608 13
1762769329891 0.02250703237950802 14
1762769329891 0.020307699218392372 15
1762769329908 0.021295705810189247 16
1762769329923 0.019205376505851746 17
1762769329924 0.020350700244307518 18
1762769329941 0.019110597670078278 19
1762769329941 0.01980455406010151 20
1762769329958 0.018358243629336357 21
1762769329958 0.021027768030762672 22
1762769329977 0.020316878333687782 23
1762769329992 0.020730456337332726 24
1762769330001 0.021428672596812248 25
1762769330011 0.022455738857388496 26
1762769330020 0.02292437106370926 27
1762769330032 0.017312459647655487 28
1762769330041 0.01920107938349247 29
1762769330051 0.0211808942258358 30
1762769330061 0.02145479992032051 31
1762769330070 0.023798665031790733 32
1762769330083 0.02364431321620941 33
1762769330092 0.02372361160814762 34
1762769330092 0.021174650639295578 35
1762769330108 0.022226056084036827 36
1762769330108 0.022041497752070427 37
1762769330124 0.02179669216275215 38
1762769330124 0.023907233029603958 39
1762769330141 0.02342936396598816 40
1762769330158 0.026031864807009697 41
1762769330158 0.02734976075589657 42
1762769330174 0.025339871644973755 43
1762769330174 0.027144121006131172 44
1762769330191 0.027236342430114746 45
1762769330191 0.023862488567829132 46
1762769330208 0.02371068298816681 47
