1762769120960 0.1410772204399109 1
1762769120970 0.0539589487016201 2
1762769120980 0.03957446292042732 3
1762769120989 0.03387432172894478 4
1762769120999 0.031943757086992264 5
1762769121008 0.029654743149876595 6
1762769121013 0.028166234493255615 7
1762769121013 0.02842688001692295 8
1762769121029 0.028429018333554268 9
1762769121045 0.02783331274986267 10
1762769121046 0.027825824916362762 11
1762769121063 0.028020842000842094 12
1762769121063 0.02730540931224823 13
1762769121079 0.027401786297559738 14
1762769121079 0.026871204376220703 15
1762769121096 0.027341322973370552 16
1762769121112 0.026735642924904823 17
1762769121113 0.026590196415781975 18
1762769121129 0.026893164962530136 19
1762769121129 0.026103021577000618 20
1762769121146 0.02617775835096836 21
1762769121146 0.026685994118452072 22
1762769121167 0.026600688695907593 23
1762769121167 0.026433264836668968 24
1762769121186 0.02669556997716427 25
1762769121195 0.026454055681824684 26
1762769121204 0.026907742023468018 27
1762769121212 0.0273363646119833 28
1762769121212 0.027642959728837013 29
1762769121228 0.02867736853659153 30
1762769121239 0.027896661311388016 31
1762769121249 0.027550818398594856 32
1762769121259 0.027622630819678307 33
1762769121263 0.028068846091628075 34
1762769121263 0.02844306454062462 35
1762769121278 0.02641875110566616 36
1762769121278 0.026826079934835434 37
1762769121294 0.028485793620347977 38
1762769121309 0.026760375127196312 39
1762769121309 0.029041746631264687 40
1762769121325 0.02832726202905178 41
1762769121325 0.027765756472945213 42
1762769121341 0.02735181711614132 43
1762769121341 0.029366370290517807 44
1762769121356 0.029503177851438522 45
1762769121356 0.0298155527561903 46
1762769121372 0.029460271820425987 47
1762769121372 0.02984917350113392 48
1762769121388 0.030391192063689232 49
1762769121403 0.03017590381205082 50
1762769121403 0.030220942571759224 51
1762769121419 0.03002932481467724 52
1762769121419 0.030301470309495926 53
1762769121434 0.029381101951003075 54
1762769121434 0.02998962625861168 55
1762769121450 0.029172496870160103 56
1762769121450 0.030471714213490486 57
1762769121466 0.02960737608373165 58
1762769121466 0.030033554881811142 59
1762769121481 0.029290396720170975 60
1762769121497 0.02860197238624096 61
1762769121497 0.030180132016539574 62
1762769121513 0.029497968032956123 63
1762769121513 0.029535505920648575 64
