1762914695130 9.999999747378752e-05 1
1762914695158 0.0005949999904260039 2
1762914695195 0.0010900000343099236 3
1762914695226 0.0015849999617785215 4
1762914695256 0.0020800000056624413 5
1762914695273 0.002575000049546361 6
1762914695304 0.0030700000934302807 7
1762914695341 0.0035649999044835567 8
1762914695364 0.00406000018119812 9
1762914695401 0.004554999992251396 10
1762914695427 0.005049999803304672 11
1762914695460 0.005545000080019236 12
1762914695474 0.006039999891072512 13
1762914695506 0.006535000167787075 14
1762914695569 0.007029999978840351 15
1762914695588 0.007524999789893627 16
1762914695620 0.008019999600946903 17
1762914695660 0.008515000343322754 18
1762914695676 0.00901000015437603 19
1762914695718 0.009504999965429306 20
1762914695738 0.009999999776482582 21
1762914695770 0.00999653059989214 22
1762914695801 0.009986127726733685 23
1762914695832 0.00996880792081356 24
1762914695861 0.009944597259163857 25
1762914695890 0.009913533926010132 26
1762914695922 0.009875664487481117 27
1762914695944 0.009831048548221588 28
1762914695984 0.009779754094779491 29
1762914696006 0.009721861220896244 30
1762914696037 0.00965745747089386 31
