1762914695090 0.18457381427288055 1
1762914695130 0.11995214968919754 2
1762914695158 0.1133139431476593 3
1762914695199 0.1125900149345398 4
1762914695231 0.11167780309915543 5
1762914695260 0.1116509735584259 6
1762914695288 0.11075038462877274 7
1762914695304 0.11103332787752151 8
1762914695346 0.11090423166751862 9
1762914695375 0.1113547533750534 10
1762914695405 0.1104840561747551 11
1762914695427 0.11091586202383041 12
1762914695464 0.11038873344659805 13
1762914695490 0.1104942038655281 14
1762914695521 0.11019285768270493 15
1762914695573 0.11024001240730286 16
1762914695604 0.10820402204990387 17
1762914695620 0.10712699592113495 18
1762914695664 0.10911373049020767 19
1762914695694 0.10540658980607986 20
1762914695722 0.10509210079908371 21
1762914695738 0.1042078509926796 22
1762914695770 0.10193856805562973 23
1762914695801 0.10241002589464188 24
1762914695832 0.10149655491113663 25
1762914695866 0.09992155432701111 26
1762914695895 0.10102681815624237 27
1762914695927 0.09941495209932327 28
1762914695958 0.09938037395477295 29
1762914695989 0.09847456961870193 30
1762914696006 0.09924811869859695 31
1762917896766 0.029304321855306625 1
1762917896777 0.023669539019465446 2
1762917896786 0.021840473636984825 3
1762917896788 0.02182674966752529 4
1762917896804 0.020079446956515312 5
1762917896804 0.0205646064132452 6
1762917896823 0.019717764109373093 7
1762917896831 0.01974482275545597 8
1762917896840 0.019655955955386162 9
1762917896848 0.01972980611026287 10
1762917896857 0.0198317002505064 11
1762917896866 0.019168782979249954 12
1762917896874 0.018693793565034866 13
1762917896884 0.018496621400117874 14
1762917896886 0.01813230849802494 15
1762917896902 0.018131740391254425 16
1762917896911 0.018622860312461853 17
1762917896919 0.017649048939347267 18
1762917896920 0.017274945974349976 19
1762917896937 0.01749960146844387 20
1762917896946 0.01711610145866871 21
1762917896954 0.017560353502631187 22
1762917896963 0.017242923378944397 23
1762917896971 0.016902023926377296 24
1762917896971 0.016773849725723267 25
1762917896987 0.016867078840732574 26
1762917896987 0.01667519100010395 27
1762917897002 0.01645640842616558 28
1762917897002 0.016307760030031204 29
1762917897018 0.01622522808611393 30
1762917897018 0.015869244933128357 31
1762917897034 0.01578473672270775 32
1762917897034 0.015516324900090694 33
1762917897049 0.015588515438139439 34
1762917897049 0.015196243301033974 35
1762917897071 0.015328992158174515 36
1762917897076 0.015167683362960815 37
1762917897076 0.01531660184264183 38
1762917897093 0.014489948749542236 39
1762917897107 0.014803707599639893 40
1762917897115 0.014139343053102493 41
1762917897124 0.013466491363942623 42
1762917897132 0.01347567979246378 43
1762917897137 0.014046228490769863 44
1762917897137 0.012934989295899868 45
1762917897152 0.01289594080299139 46
1762917897152 0.012911616824567318 47
1762917897174 0.01368768885731697 48
1762917897183 0.012823657132685184 49
1762917897191 0.012008920311927795 50
1762917897200 0.01273532398045063 51
1762917897208 0.01164171937853098 52
1762917897216 0.011369193904101849 53
1762917897226 0.012198174372315407 54
1762917897235 0.011339695192873478 55
1762917897243 0.01152907032519579 56
1762917897251 0.011892583221197128 57
1762917897253 0.011051286943256855 58
1762917897268 0.011165881529450417 59
1762917897276 0.010732094757258892 60
1762917897284 0.0105436397716403 61
1762917897294 0.010735307820141315 62
1762917897295 0.010473689995706081 63
1762917897295 0.011329339817166328 64
1762917897310 0.010813148692250252 65
1762917897326 0.01159009337425232 66
1762917897326 0.01029572356492281 67
1762917897341 0.010897216387093067 68
1762917897341 0.010028273798525333 69
1762917897357 0.01227109506726265 70
1762917897357 0.010156111791729927 71
1762917897378 0.010374199599027634 72
1762917897386 0.010334530845284462 73
1762917897395 0.010171601548790932 74
1762917897404 0.010417120531201363 75
1762917897409 0.010460950434207916 76
1762917897421 0.010059361346065998 77
1762917897430 0.010399133898317814 78
1762917897438 0.00980697013437748 79
1762917897447 0.010067380964756012 80
1762917897453 0.009962465614080429 81
1762917897453 0.009906786493957043 82
1762917897469 0.01000474113970995 83
1762917897469 0.011122480034828186 84
1762917897488 0.01104552112519741 85
1762917897497 0.009556728415191174 86
1762917897505 0.009772838093340397 87
1762917897514 0.009565952233970165 88
1762917897519 0.009558681398630142 89
1762917897519 0.009383389726281166 90
1762917897535 0.009778864681720734 91
1762917897535 0.009525266475975513 92
1762917897551 0.00976976752281189 93
1762918401226 0.027107059955596924 1
1762918401244 0.016805559396743774 2
1762918401248 0.01442922092974186 3
1762918401264 0.013468090444803238 4
1762918401266 0.012566782534122467 5
1762918401280 0.011823713779449463 6
1762918401280 0.011364346370100975 7
1762918401303 0.011124489828944206 8
1762918401312 0.010610032826662064 9
1762918401320 0.01041458360850811 10
1762918401329 0.010159374214708805 11
1762918401337 0.009975998662412167 12
1762918401346 0.009741242974996567 13
1762918401354 0.00977432169020176 14
1762918401362 0.009574070572853088 15
1762918401370 0.009366701357066631 16
1762918401379 0.00919298455119133 17
1762918401385 0.009121123701334 18
1762918401385 0.009019299410283566 19
1762918401405 0.008844283409416676 20
1762918401415 0.00875866413116455 21
1762918401423 0.00865772645920515 22
1762918401433 0.008611872792243958 23
1762918401441 0.00852355919778347 24
1762918401447 0.008484840393066406 25
1762918401447 0.008387929759919643 26
1762918401462 0.008374195545911789 27
1762918401462 0.008306385949254036 28
1762918401478 0.008268218487501144 29
1762918401478 0.008180438540875912 30
1762918401494 0.008195305243134499 31
1762918401494 0.008122698403894901 32
1762918401509 0.008076527155935764 33
1762918401509 0.008033928461372852 34
1762918401525 0.008004375733435154 35
1762918401540 0.007953445427119732 36
1762918401540 0.007942655123770237 37
1762918401557 0.007861004211008549 38
1762918401565 0.007857177406549454 39
1762918401572 0.007821225561201572 40
1762918401572 0.0077287605963647366 41
1762918401588 0.00774813536554575 42
1762918401588 0.007749088108539581 43
1762918401604 0.007677359506487846 44
1762918401604 0.007679504808038473 45
1762918401624 0.007638339418917894 46
1762918401633 0.0076955086551606655 47
1762918401642 0.007593754678964615 48
1762918401651 0.007617802359163761 49
1762918401659 0.0075560095719993114 50
1762918401668 0.007487356662750244 51
1762918401678 0.007514657452702522 52
1762918401682 0.0074514420703053474 53
1762918401682 0.007435847073793411 54
1762918401698 0.00739806005731225 55
1762918401714 0.0073440708220005035 56
1762918401714 0.007385117467492819 57
1762918401729 0.007317248731851578 58
1762918401729 0.007307917810976505 59
1762918401745 0.007278293836861849 60
1762918401745 0.00734587712213397 61
1762918401761 0.007222416810691357 62
1762918401761 0.00725760031491518 63
1762918401780 0.007172293495386839 64
1762918401789 0.0071475924924016 65
1762918401791 0.007202477660030127 66
1762918401807 0.0071027325466275215 67
1762918401807 0.007063570898026228 68
1762918401823 0.0070006465539336205 69
1762918401823 0.006980001460760832 70
1762918401838 0.0069444612599909306 71
1762918401838 0.006953705567866564 72
1762918401854 0.006905334535986185 73
1762918401854 0.006953314878046513 74
1762918401874 0.006894868332892656 75
1762918401882 0.006848274264484644 76
1762918401891 0.006810563150793314 77
1762918401900 0.006827428005635738 78
1762918401905 0.006777786184102297 79
1762918401919 0.006719290278851986 80
1762918401928 0.006742445286363363 81
1762918401936 0.006758682429790497 82
1762918401945 0.006707216612994671 83
1762918401946 0.006656003650277853 84
1762918401961 0.006608218420296907 85
1762918401970 0.006622883956879377 86
1762918401978 0.006602349691092968 87
1762918401986 0.006539684254676104 88
1762918401995 0.006536370143294334 89
1762918402004 0.006519135553389788 90
1762918402010 0.00641714408993721 91
1762918402010 0.006468061823397875 92
1762918402026 0.006438560783863068 93
1762918402026 0.006381132174283266 94
1762918402041 0.006357175298035145 95
1762918402041 0.006362913176417351 96
1762918402057 0.0063011799938976765 97
1762918402057 0.006360598374158144 98
1762918402073 0.006329351104795933 99
1762918402088 0.006289770361036062 100
