1762914695107 0.18457381427288055 1
1762914695142 0.11995214968919754 2
1762914695174 0.1133139431476593 3
1762914695203 0.1125900149345398 4
1762914695235 0.11167780309915543 5
1762914695264 0.1116509735584259 6
1762914695288 0.11075038462877274 7
1762914695321 0.11103332787752151 8
1762914695348 0.11090423166751862 9
1762914695379 0.1113547533750534 10
1762914695407 0.1104840561747551 11
1762914695439 0.11091586202383041 12
1762914695468 0.11038873344659805 13
1762914695490 0.1104942038655281 14
1762914695521 0.11019285768270493 15
1762914695573 0.11024001240730286 16
1762914695604 0.10820402204990387 17
1762914695635 0.10712699592113495 18
1762914695668 0.10911373049020767 19
1762914695698 0.10540658980607986 20
1762914695723 0.10509210079908371 21
1762914695754 0.1042078509926796 22
1762914695770 0.10193856805562973 23
1762914695801 0.10241002589464188 24
1762914695832 0.10149655491113663 25
1762914695870 0.09992155432701111 26
1762914695895 0.10102681815624237 27
1762914695932 0.09941495209932327 28
1762914695962 0.09938037395477295 29
1762914695990 0.09847456961870193 30
1762914696021 0.09924811869859695 31
