1762914695112 0.05936799943447113 1
1762914695142 0.02773716300725937 2
1762914695178 0.024621611461043358 3
1762914695207 0.0241543035954237 4
1762914695239 0.023661544546484947 5
1762914695268 0.02373303286731243 6
1762914695288 0.023542232811450958 7
1762914695325 0.023583125323057175 8
1762914695348 0.02354273945093155 9
1762914695384 0.02346762828528881 10
1762914695407 0.023340266197919846 11
1762914695444 0.023454075679183006 12
1762914695472 0.023350302129983902 13
1762914695490 0.02315918728709221 14
1762914695537 0.022969013080000877 15
1762914695573 0.02258085273206234 16
1762914695604 0.020949913188815117 17
1762914695635 0.020351126790046692 18
1762914695673 0.021206490695476532 19
1762914695702 0.019570546224713326 20
1762914695723 0.019325653091073036 21
1762914695754 0.019017720595002174 22
1762914695785 0.01825813017785549 23
1762914695817 0.018403558060526848 24
1762914695832 0.018145930022001266 25
1762914695874 0.017628740519285202 26
1762914695895 0.017980145290493965 27
1762914695935 0.017464159056544304 28
1762914695966 0.017515547573566437 29
1762914695990 0.017167454585433006 30
1762914696021 0.01759626530110836 31
