1762928840942 0.15807084739208221 1
1762928840977 0.12147986143827438 2
1762928841009 0.11624746024608612 3
1762928841040 0.11520631611347198 4
1762928841060 0.11409042775630951 5
1762928841091 0.1127934455871582 6
1762928841123 0.11186686158180237 7
1762928841157 0.11120876669883728 8
1762928841186 0.11133232712745667 9
1762928841204 0.11147186905145645 10
1762928841235 0.11008381843566895 11
1762928841273 0.10916876792907715 12
1762932689304 0.026775846257805824 1
1762932689314 0.02507072500884533 2
1762932689325 0.025487450882792473 3
1762932689334 0.024830665439367294 4
1762932689347 0.025258269160985947 5
1762932689359 0.02542605623602867 6
1762932689368 0.025210531428456306 7
1762932689377 0.025056099519133568 8
1762932689387 0.02497241646051407 9
1762932689396 0.02566569484770298 10
1762932689405 0.025729110464453697 11
1762932689414 0.025404127314686775 12
1762932689423 0.025450291112065315 13
1762932689431 0.024946384131908417 14
1762932689441 0.02534210868179798 15
1762932689449 0.025584055110812187 16
1762932689459 0.02550606243312359 17
1762932689467 0.026050081476569176 18
1762932689476 0.02554507367312908 19
1762932689484 0.025764917954802513 20
1762932689493 0.025457952171564102 21
1762932689502 0.025428343564271927 22
1762932689511 0.025520894676446915 23
1762932689521 0.024523911997675896 24
1762932689530 0.024206014350056648 25
1762932689539 0.02399635687470436 26
1762932689547 0.023350128903985023 27
1762932689552 0.023220770061016083 28
1762932689552 0.024923166260123253 29
1762932689573 0.024133222177624702 30
1762932689582 0.023252615705132484 31
1762932689591 0.02355511300265789 32
1762932689593 0.02344631589949131 33
1762932689593 0.022613396868109703 34
1762932689617 0.02202543057501316 35
1762932689627 0.02176092565059662 36
1762932689641 0.021400827914476395 37
1762932689659 0.020728401839733124 38
1762932689671 0.020399997010827065 39
1762932689688 0.02005319856107235 40
1762932689699 0.01977548934519291 41
1762932689708 0.019498072564601898 42
1762932689718 0.019317014142870903 43
1762932689738 0.018860401585698128 44
1762932689750 0.018550772219896317 45
1762932689761 0.018015636131167412 46
1762932689771 0.017642945051193237 47
1762932689780 0.016797827556729317 48
1762932689793 0.017796590924263 49
1762932689805 0.017373595386743546 50
1762932689815 0.01687585562467575 51
1762932689829 0.01632731407880783 52
1762932689846 0.015967274084687233 53
1762932689861 0.015775581821799278 54
1762932689876 0.014384855516254902 55
1762932689888 0.015378864482045174 56
1762932689902 0.014780604280531406 57
1762932689916 0.013823739252984524 58
1762932689925 0.013490518555045128 59
1762932689935 0.013068831525743008 60
1762932689946 0.01348111778497696 61
1762932689955 0.012530196458101273 62
1762932689964 0.012160329148173332 63
1762932689973 0.012308863922953606 64
1762932689982 0.012085924856364727 65
1762932689991 0.011849882081151009 66
1762932689999 0.010773176327347755 67
1762932690009 0.010475465096533298 68
1762932690017 0.010289950296282768 69
1762932690026 0.012712264433503151 70
1762932690035 0.01402093842625618 71
1762932690044 0.012067475356161594 72
1762932690053 0.010627960786223412 73
1762932690062 0.010089379735291004 74
1762932690071 0.009823974221944809 75
1762932690079 0.00929376482963562 76
1762932690088 0.009179803542792797 77
1762932690097 0.009105227887630463 78
1762932690106 0.009109939448535442 79
1762932690114 0.00889300461858511 80
1762932690127 0.008758804760873318 81
1762932690136 0.008763733319938183 82
1762932690145 0.008729556575417519 83
1762932690154 0.008612781763076782 84
1762932690163 0.00855610053986311 85
1762932690173 0.008346440270543098 86
1762932690182 0.008623081259429455 87
1762932690191 0.008438906632363796 88
1762932690200 0.008440252393484116 89
1762932690209 0.008227693848311901 90
1762932690219 0.00801599770784378 91
1762932690227 0.00794432032853365 92
1762932690237 0.007777085993438959 93
1762932690246 0.00782831571996212 94
1762932690256 0.007800029590725899 95
1762932690265 0.00775128835812211 96
1762932690274 0.0076965633779764175 97
1762932690283 0.007731699850410223 98
1762932690292 0.007736339699476957 99
1762932690300 0.00761794438585639 100
