1762339414734 0.030155392363667488 1
1762339414743 0.009662249125540257 2
1762339414744 0.00859894510358572 3
1762339414764 0.0079241544008255 4
1762339414772 0.007443332578986883 5
1762339414783 0.007048047613352537 6
1762339414795 0.006734989117830992 7
1762339414804 0.00654393108561635 8
1762339414814 0.006393091287463903 9
1762339414822 0.006280093919485807 10
1762339414831 0.006228419486433268 11
1762339414839 0.006192980799823999 12
1762339414847 0.0061346618458628654 13
1762339414848 0.006139698438346386 14
1762339414848 0.006098470184952021 15
1762339414863 0.006054780445992947 16
1762339414880 0.006080904509872198 17
1762339414888 0.005986668635159731 18
1762339414895 0.006000095047056675 19
1762339414895 0.005850889254361391 20
1762339414911 0.00596232945099473 21
1762339414911 0.005902478471398354 22
1762339414926 0.005856483243405819 23
1762339414926 0.005855116993188858 24
1762339414946 0.005831118673086166 25
1762339414954 0.005816982593387365 26
1762339414957 0.005776907783001661 27
1762339414957 0.005760482512414455 28
1762339414973 0.005824103485792875 29
1762339414973 0.005782509222626686 30
1762339414994 0.005782867316156626 31
1762339415002 0.005752896424382925 32
1762339415011 0.005695086903870106 33
1762339415020 0.005674601532518864 34
1762339415028 0.005679754540324211 35
1762339415037 0.005608404986560345 36
1762339415045 0.005662019830197096 37
1762339415056 0.005643745418637991 38
1762339415063 0.0055682766251266 39
1762339415072 0.005544096231460571 40
1762339415080 0.005584339145570993 41
1762339415089 0.005600073840469122 42
1762339415097 0.005556428339332342 43
1762339415105 0.005499540828168392 44
1762339415112 0.005512023810297251 45
1762339415121 0.005476745311170816 46
1762339415125 0.005461857654154301 47
1762339415125 0.005500269588083029 48
1762339415141 0.005489409435540438 49
1762339415141 0.005476648919284344 50
1762339415157 0.005468457471579313 51
1762339415157 0.005488408729434013 52
1762339415172 0.005415334831923246 53
1762339415172 0.005456683691591024 54
1762339415188 0.005453498102724552 55
1762339415188 0.005320013500750065 56
1762339415203 0.005335201974958181 57
1762339415203 0.005375461652874947 58
1762339415219 0.00532374856993556 59
1762339415219 0.005383672658354044 60
1762339415235 0.0053702532313764095 61
1762339415235 0.005322492681443691 62
1762339415250 0.005366625729948282 63
1762339415266 0.005321175791323185 64
1762339415275 0.005290172528475523 65
1762339415287 0.0052943420596420765 66
1762339415293 0.005264695733785629 67
1762339415293 0.0052832867950201035 68
1762339415308 0.005249928683042526 69
1762339415308 0.005244955886155367 70
1762339415324 0.005217742640525103 71
1762339415324 0.005210992880165577 72
1762339415340 0.005223867483437061 73
1762339415340 0.005244626197963953 74
1762339415355 0.005245554260909557 75
1762339415355 0.005266801919788122 76
1762339415375 0.005251559894531965 77
1762339415379 0.005273876246064901 78
1762339415379 0.005248048808425665 79
1762339415395 0.005248961504548788 80
1762339415395 0.0052209096029400826 81
1762339415414 0.005171135533601046 82
1762339415422 0.005142293870449066 83
1762339415425 0.005182799883186817 84
1762339415425 0.005152435041964054 85
1762339415446 0.005154467187821865 86
1762339415455 0.005149523727595806 87
1762339415465 0.005144405644387007 88
1762339415472 0.005172164179384708 89
1762339415482 0.005132369697093964 90
1762339415490 0.005149866919964552 91
1762339415500 0.005129518918693066 92
1762339415508 0.005079235881567001 93
1762339415517 0.005099779460579157 94
1762339415526 0.005095857661217451 95
1762339415534 0.005096616689115763 96
1762339415542 0.005041677504777908 97
1762339415550 0.005015331786125898 98
1762339415559 0.005048232618719339 99
1762339415559 0.00502496212720871 100
