1762337814202 0.03891632705926895 1
1762337814213 0.014783098362386227 2
1762337814222 0.010909444652497768 3
1762337814231 0.00943654403090477 4
1762337814239 0.008746369741857052 5
1762337814248 0.00843780767172575 6
1762337814256 0.008249572478234768 7
1762337814264 0.008145235478878021 8
1762337814272 0.007986387237906456 9
1762337814280 0.00799977034330368 10
1762337814289 0.007953822612762451 11
1762337814297 0.007928725332021713 12
1762337814304 0.007925833575427532 13
1762337814304 0.007803339045494795 14
1762337814323 0.007733498699963093 15
1762337814332 0.00767375435680151 16
1762337814339 0.0076836529187858105 17
1762337814347 0.007603463716804981 18
1762337814356 0.007643058896064758 19
1762337814364 0.007532656192779541 20
1762337814372 0.007457084488123655 21
1762337814380 0.007434849627315998 22
1762337814387 0.007411199621856213 23
1762337814387 0.007395250257104635 24
1762337814403 0.007371822372078896 25
1762337814403 0.00735485227778554 26
1762337814419 0.007373211905360222 27
1762337814419 0.007364087738096714 28
1762337814435 0.00731293810531497 29
1762337814443 0.0073087820783257484 30
1762337814451 0.007304640021175146 31
1762337814458 0.0073334043845534325 32
1762337814466 0.0073031773790717125 33
1762337814474 0.007324696518480778 34
1762337814483 0.007284110877662897 35
1762337814485 0.007273452822118998 36
1762337814485 0.007225081790238619 37
1762337814500 0.007251988630741835 38
1762337814500 0.007176813203841448 39
1762337814516 0.007273312192410231 40
1762337814516 0.007147862575948238 41
1762337814539 0.007194510195404291 42
1762337814547 0.007196113001555204 43
1762337814547 0.007188363466411829 44
1762337814562 0.007105239201337099 45
1762337814562 0.007117787376046181 46
1762337814578 0.007117407396435738 47
1762337814578 0.007090222556143999 48
1762337814594 0.007058881223201752 49
1762337814594 0.0070526800118386745 50
1762337814609 0.006980686914175749 51
1762337814609 0.006950526498258114 52
1762337814628 0.0069649736396968365 53
1762337814636 0.006935195531696081 54
1762337814645 0.0069006141275167465 55
1762337814652 0.006903854664415121 56
1762337814656 0.006855132523924112 57
1762337814656 0.006805996410548687 58
1762337814677 0.006811918690800667 59
1762337814685 0.006810011342167854 60
1762337814688 0.006788752507418394 61
1762337814688 0.006752382963895798 62
1762337814703 0.006740656681358814 63
1762337814703 0.006723728496581316 64
1762337814719 0.006691008806228638 65
1762337814719 0.00669708801433444 66
1762337814740 0.006680376827716827 67
1762337814748 0.006649009417742491 68
1762337814756 0.006652213167399168 69
1762337814764 0.006615491583943367 70
1762337814772 0.006600561086088419 71
1762337814780 0.006558247376233339 72
1762337814788 0.0065673114731907845 73
1762337814796 0.006591548211872578 74
1762337814797 0.006570529658347368 75
1762337814797 0.006533657666295767 76
1762337814813 0.006508330348879099 77
1762337814813 0.006506912410259247 78
1762337814828 0.006441408768296242 79
1762337814828 0.006467161700129509 80
1762337814844 0.006408283486962318 81
1762337814844 0.006445923820137978 82
1762337814867 0.006380199454724789 83
1762337814875 0.00637746462598443 84
1762337814875 0.006319368723779917 85
1762337814875 0.006322628352791071 86
1762337814897 0.00637554656714201 87
1762337814905 0.0063239107839763165 88
1762337814906 0.0062867579981684685 89
1762337814906 0.006318297237157822 90
1762337814922 0.006270756479352713 91
1762337814922 0.006273807026445866 92
1762337814938 0.006241295486688614 93
1762337814938 0.006299971602857113 94
1762337814953 0.006208579987287521 95
1762337814953 0.006207979749888182 96
1762337814975 0.006243748124688864 97
1762337814983 0.006289676297456026 98
1762337814991 0.006241700146347284 99
1762337814999 0.006180884316563606 100
