1762271701988 0.026817316189408302 1
1762271701999 0.00875780452042818 2
1762271702008 0.006331061013042927 3
1762271702016 0.0055992756970226765 4
1762271702024 0.005334837827831507 5
1762271702034 0.0051813493482768536 6
1762271702042 0.005105956457555294 7
1762271702051 0.005067150574177504 8
1762271702058 0.005039360374212265 9
1762271702065 0.005053191911429167 10
1762271702065 0.005004893522709608 11
1762271702080 0.004978754557669163 12
1762271702091 0.004986973945051432 13
1762271702099 0.004951606038957834 14
1762271702107 0.004941414576023817 15
1762271702116 0.004918442573398352 16
1762271702125 0.004928241483867168 17
1762271702134 0.004934290889650583 18
1762271702142 0.0049004144966602325 19
1762271702152 0.004932570271193981 20
1762271702160 0.004911425057798624 21
1762271702168 0.004911036230623722 22
1762271702176 0.004874796606600285 23
1762271702185 0.004901766311377287 24
1762271702193 0.004869427066296339 25
1762271702199 0.004886580631136894 26
1762271702199 0.004870009608566761 27
1762271702217 0.004857935011386871 28
1762271702225 0.004872853867709637 29
1762271702233 0.0048566884361207485 30
1762271702240 0.004871889017522335 31
1762271702248 0.004844828974455595 32
1762271702256 0.004841363988816738 33
1762271702264 0.004828140139579773 34
1762271702272 0.0048317937180399895 35
1762271702280 0.004821081180125475 36
1762271702284 0.00483144773170352 37
1762271702284 0.004820975475013256 38
1762271702300 0.004814778920263052 39
1762271702300 0.00482292240485549 40
1762271702315 0.004806975368410349 41
1762271702315 0.004814219661056995 42
1762271702334 0.004801114089787006 43
1762271702342 0.004780969582498074 44
1762271702351 0.004786361008882523 45
1762271702361 0.004806051030755043 46
1762271702362 0.004778111819177866 47
1762271702378 0.00478822598233819 48
1762271702388 0.004769712686538696 49
1762271702394 0.004778426606208086 50
1762271702394 0.004759359639137983 51
1762271702410 0.004769651219248772 52
1762271702410 0.004760595969855785 53
1762271702426 0.004757053218781948 54
1762271702442 0.004740427248179913 55
1762271702451 0.00474250502884388 56
1762271702456 0.00473752012476325 57
1762271702456 0.004750615917146206 58
1762271702472 0.004732538480311632 59
1762271702472 0.004737142939120531 60
1762271702492 0.0046900371089577675 61
1762271702501 0.004735191818326712 62
1762271702510 0.004694080445915461 63
1762271702519 0.004684894345700741 64
1762271702527 0.004702588077634573 65
1762271702533 0.00468091107904911 66
1762271702544 0.004738995805382729 67
1762271702560 0.004652667324990034 68
1762271702560 0.004625516943633556 69
1762271702575 0.004678158555179834 70
1762271702582 0.004658067133277655 71
1762271702582 0.004648021887987852 72
1762271702601 0.004659001715481281 73
1762271702609 0.0046160416677594185 74
1762271702617 0.004627138376235962 75
1762271702617 0.004582271445542574 76
1762271702635 0.004640406463295221 77
1762271702643 0.004656221251934767 78
1762271702651 0.004641118925064802 79
1762271702658 0.004598528612405062 80
1762271702666 0.004559324122965336 81
1762271702666 0.00457898061722517 82
1762271702682 0.004558243788778782 83
1762271702690 0.004569627810269594 84
1762271702698 0.004524913150817156 85
1762271702699 0.004529207944869995 86
1762271702699 0.004501809366047382 87
1762271702722 0.004520038142800331 88
1762271702730 0.004482232965528965 89
1762271702738 0.004464201629161835 90
1762271702746 0.004483653698116541 91
1762271702750 0.004423852078616619 92
1762271702750 0.00447128526866436 93
1762271702765 0.004377999342978001 94
1762271702765 0.00443286495283246 95
1762271702781 0.004377084784209728 96
1762271702781 0.004434503149241209 97
1762271702797 0.004471251741051674 98
1762271702797 0.004375924356281757 99
1762271702816 0.004313797224313021 100
