1762272158546 0.03601805120706558 1
1762272158559 0.009331610053777695 2
1762272158562 0.006502332631498575 3
1762272158578 0.005451334174722433 4
1762272158588 0.004944110754877329 5
1762272158588 0.004702114965766668 6
1762272158605 0.0045274305157363415 7
1762272158605 0.004432306624948978 8
1762272158621 0.004339138511568308 9
1762272158621 0.004299575928598642 10
1762272158638 0.004230646416544914 11
1762272158638 0.004165371879935265 12
1762272158655 0.00413544150069356 13
1762272158655 0.004094947129487991 14
1762272158676 0.0040234667249023914 15
1762272158684 0.004000525921583176 16
1762272158694 0.003941909410059452 17
1762272158702 0.0039238580502569675 18
1762272158711 0.00386772770434618 19
1762272158719 0.0038858498446643353 20
1762272158721 0.0038283742032945156 21
1762272158737 0.003812702838331461 22
1762272158738 0.0038039302453398705 23
1762272158755 0.003762877779081464 24
1762272158755 0.0037027690559625626 25
1762272158771 0.003714240388944745 26
1762272158771 0.0036592341493815184 27
1762272158788 0.0035973996855318546 28
1762272158788 0.0036012395285069942 29
1762272158805 0.0035861621145159006 30
1762272158805 0.003521329490467906 31
1762272158821 0.003557091113179922 32
1762272158821 0.0034766127355396748 33
1762272158838 0.00346260704100132 34
1762272158838 0.00345675740391016 35
1762272158855 0.003375420579686761 36
1762272158870 0.003338844748213887 37
1762272158871 0.003325143363326788 38
1762272158871 0.003270450746640563 39
1762272158891 0.0033075895626097918 40
1762272158905 0.0032708148937672377 41
1762272158905 0.003202670020982623 42
1762272158921 0.0031794621609151363 43
1762272158921 0.003128178184852004 44
1762272158942 0.00308654154650867 45
1762272158950 0.0030612132977694273 46
1762272158959 0.0030247161630541086 47
1762272158967 0.002988731488585472 48
1762272158977 0.002975400071591139 49
1762272158985 0.002960029523819685 50
1762272158994 0.0028657149523496628 51
1762272159000 0.002848277101293206 52
1762272159005 0.0028483185451477766 53
1762272159005 0.0028575046453624964 54
1762272159021 0.0027828647289425135 55
1762272159038 0.0027681009378284216 56
1762272159038 0.0026955981738865376 57
1762272159056 0.002796257147565484 58
1762272159064 0.0026843699160963297 59
1762272159073 0.002580196363851428 60
1762272159077 0.0025650442112237215 61
1762272159088 0.0025351920630782843 62
1762272159105 0.002504620235413313 63
1762272159105 0.0024877148680388927 64
1762272159122 0.002450087107717991 65
1762272159122 0.0024711196310818195 66
1762272159138 0.00237434939481318 67
1762272159138 0.0024204084184020758 68
1762272159155 0.002346184104681015 69
1762272159155 0.002310301410034299 70
1762272159172 0.0022453987039625645 71
1762272159172 0.002214765874668956 72
1762272159194 0.0022586060222238302 73
1762272159202 0.0022403751499950886 74
1762272159213 0.0022143598180264235 75
1762272159222 0.0021264338865876198 76
1762272159231 0.0021568716038018465 77
1762272159238 0.0021441280841827393 78
1762272159238 0.002101900987327099 79
1762272159255 0.0020800752099603415 80
1762272159255 0.002053905976936221 81
1762272159275 0.002033292083069682 82
1762272159283 0.0020282601471990347 83
1762272159292 0.0019636033102869987 84
1762272159296 0.0020257404539734125 85
1762272159305 0.001989584183320403 86
1762272159305 0.0019214465282857418 87
1762272159322 0.0019233537605032325 88
1762272159322 0.0019757843110710382 89
1762272159338 0.0018782829865813255 90
1762272159338 0.001942162518389523 91
1762272159355 0.0018720435909926891 92
1762272159372 0.0018242733785882592 93
1762272159372 0.001869190251454711 94
1762272159388 0.0018170145340263844 95
1762272159408 0.0018516074633225799 96
1762272159424 0.001869903993792832 97
1762272159438 0.0018293486209586263 98
1762272159438 0.0017679570009931922 99
1762272159455 0.0017632580129429698 100
