1762891795484 9.999999747378752e-05 1
1762891795510 0.0005949999904260039 2
1762891795549 0.0010900000343099236 3
1762891795574 0.0015849999617785215 4
1762891795590 0.0020800000056624413 5
1762891795635 0.002575000049546361 6
1762891795659 0.0030700000934302807 7
1762891795691 0.0035649999044835567 8
1762891795717 0.00406000018119812 9
1762891795748 0.004554999992251396 10
1762891795763 0.005049999803304672 11
1762891795806 0.005545000080019236 12
1762891795826 0.006039999891072512 13
1762891795863 0.006535000167787075 14
1762891795892 0.007029999978840351 15
1762891795908 0.007524999789893627 16
1762891795950 0.008019999600946903 17
1762891795966 0.008515000343322754 18
1762891796008 0.00901000015437603 19
1762891796024 0.009504999965429306 20
1762891796055 0.009999999776482582 21
1762891796086 0.00999653059989214 22
1762891796122 0.009986127726733685 23
1762891796154 0.00996880792081356 24
1762891796183 0.009944597259163857 25
1762891796200 0.009913533926010132 26
1762891796231 0.009875664487481117 27
1762891796262 0.009831048548221588 28
1762891796300 0.009779754094779491 29
1762891796325 0.009721861220896244 30
1762891796357 0.00965745747089386 31
1762891796386 0.009586644358932972 32
1762891796408 0.009509528987109661 33
