1762891795453 0.17174309492111206 1
1762891795488 0.10856572538614273 2
1762891795510 0.09705636650323868 3
1762891795553 0.09347451478242874 4
1762891795574 0.09128595888614655 5
1762891795610 0.09054269641637802 6
1762891795639 0.08956579864025116 7
1762891795659 0.08801990747451782 8
1762891795695 0.08796002715826035 9
1762891795717 0.08735878020524979 10
1762891795748 0.08565624058246613 11
1762891795779 0.08506058901548386 12
1762891795810 0.08617419004440308 13
1762891795826 0.08495254069566727 14
1762891795867 0.08451033383607864 15
1762891795892 0.08450748771429062 16
1762891795926 0.08499591797590256 17
1762891795950 0.08517386019229889 18
1762891795982 0.08481963723897934 19
1762891796008 0.08488902449607849 20
1762891796039 0.08552050590515137 21
1762891796055 0.08417721092700958 22
1762891796086 0.08493109792470932 23
1762891796129 0.08541008830070496 24
1762891796158 0.0845818743109703 25
1762891796187 0.08456254750490189 26
1762891796200 0.08422265201807022 27
1762891796231 0.08442128449678421 28
1762891796262 0.08393677324056625 29
1762891796305 0.08412760496139526 30
1762891796325 0.08453100919723511 31
1762891796361 0.08465088158845901 32
1762891796392 0.08326274901628494 33
1762892192500 0.02011306770145893 1
1762892192502 0.015766127035021782 2
1762892192519 0.014340611174702644 3
1762892192519 0.013775017112493515 4
1762892192531 0.013465718366205692 5
1762892192547 0.013197347521781921 6
1762892192547 0.012984897941350937 7
1762892192564 0.012790272012352943 8
1762892192572 0.012571893632411957 9
1762892192581 0.012260094285011292 10
1762892192589 0.01198326051235199 11
1762892192596 0.011412431485950947 12
1762892192596 0.011119794100522995 13
1762892192611 0.010662741027772427 14
1762892192611 0.010134254582226276 15
1762892192630 0.009779704734683037 16
1762892192632 0.009670507162809372 17
1762892192648 0.009453384205698967 18
1762892192657 0.009243269450962543 19
1762892192666 0.009051112458109856 20
1762892192674 0.008846823126077652 21
1762892192680 0.008620302192866802 22
1762892192680 0.008683436550199986 23
1762892192696 0.00856371782720089 24
1762892192696 0.008619990199804306 25
1762892192711 0.008372444659471512 26
1762892192711 0.008273446001112461 27
1762892192727 0.008080748841166496 28
1762892192727 0.008133159950375557 29
1762892192749 0.008087130263447762 30
1762892192757 0.007856881245970726 31
1762892192765 0.007852514274418354 32
1762892192773 0.0075971344485878944 33
1762892192782 0.007555497344583273 34
1762892192790 0.0077786752954125404 35
1762892192792 0.007629942614585161 36
1762892192792 0.007672244682908058 37
1762892192817 0.007521710358560085 38
1762892192825 0.007477283012121916 39
1762892192834 0.007545068860054016 40
1762892192842 0.007674919907003641 41
1762892192846 0.007461885921657085 42
1762892192846 0.007287540938705206 43
1762892192865 0.007392898667603731 44
1762892192874 0.007345148362219334 45
1762892192883 0.007164821028709412 46
1762892192892 0.007065950892865658 47
1762892192900 0.007104757707566023 48
1762892192900 0.007276913151144981 49
1762892192916 0.007304728962481022 50
1762892192916 0.007222895510494709 51
1762892192932 0.007019250653684139 52
1762892192932 0.0070166923105716705 53
1762892192947 0.0071599469520151615 54
1762892192947 0.007173784077167511 55
1762892192963 0.007167556323111057 56
1762892192963 0.006927822716534138 57
1762892192979 0.006893707439303398 58
1762892192979 0.006846960633993149 59
1762892192994 0.006878850050270557 60
1762892192994 0.006885837763547897 61
1762892193010 0.006837597116827965 62
1762892193010 0.006856867112219334 63
1762892193026 0.006770271807909012 64
1762892193026 0.006844050716608763 65
1762892193041 0.0068334247916936874 66
1762892193064 0.0068083652295172215 67
1762892193073 0.006846134550869465 68
1762892193078 0.006953719537705183 69
1762892193078 0.006868793163448572 70
1762892193098 0.006658258847892284 71
1762892193106 0.006577454973012209 72
1762892193115 0.006733535788953304 73
1762892193119 0.0068376148119568825 74
1762892193132 0.006825850810855627 75
1762892193140 0.006772584747523069 76
1762892193148 0.006754680071026087 77
1762892193156 0.006520238239318132 78
1762892193162 0.006537868641316891 79
1762892193162 0.006607992108911276 80
1762892193178 0.006571405101567507 81
1762892193178 0.006584429647773504 82
1762892193194 0.006587344221770763 83
1762892431538 0.02169058844447136 1
1762892431557 0.011009952053427696 2
1762892431567 0.009585566818714142 3
1762892431576 0.009121309034526348 4
1762892431585 0.008931080810725689 5
1762892431597 0.00882604718208313 6
1762892431606 0.008699753321707249 7
1762892431616 0.00850243866443634 8
1762892431625 0.00838730949908495 9
1762892431634 0.008286760188639164 10
1762892431642 0.008217297494411469 11
1762892431650 0.0080639086663723 12
1762892431658 0.007947118021547794 13
1762892431658 0.00790109671652317 14
1762892431674 0.007806871086359024 15
1762892431674 0.0077423593029379845 16
1762892431689 0.007729298900812864 17
1762892431689 0.00762446504086256 18
1762892431705 0.007580104749649763 19
1762892431705 0.007550736423581839 20
1762892431720 0.007506024558097124 21
1762892431720 0.007431573700159788 22
1762892431736 0.007401587441563606 23
1762892431736 0.0072018420323729515 24
1762892431752 0.007149162702262402 25
1762892431752 0.007084671873599291 26
1762892431767 0.006951766088604927 27
1762892431767 0.006884427275508642 28
1762892431783 0.0068291774950921535 29
1762892431783 0.006787030026316643 30
1762892431799 0.006737714633345604 31
1762892431799 0.006727021653205156 32
1762892431814 0.0066618784330785275 33
1762892431814 0.006624240893870592 34
1762892431831 0.0065883672796189785 35
1762892431845 0.006545820273458958 36
1762892431854 0.00650659529492259 37
1762892431863 0.006501608062535524 38
1762892431871 0.006436002440750599 39
1762892431875 0.0064287371933460236 40
1762892431875 0.006398060359060764 41
1762892431895 0.00629752641543746 42
1762892431903 0.00632281880825758 43
1762892431911 0.006354126147925854 44
1762892431919 0.006291861645877361 45
1762892431928 0.006255622487515211 46
1762892431936 0.006225560326129198 47
1762892431941 0.00625707907602191 48
1762892431941 0.006191394757479429 49
1762892431956 0.006167110521346331 50
1762892431956 0.006141080986708403 51
1762892431972 0.006142645142972469 52
1762892431972 0.006255006417632103 53
1762892431988 0.006157882511615753 54
1762892431988 0.006122129037976265 55
1762892432003 0.006071534939110279 56
1762892432003 0.006071233190596104 57
1762892432019 0.006054036784917116 58
1762892432034 0.00603893306106329 59
1762892432034 0.00604845630005002 60
1762892432050 0.005991627927869558 61
1762892432050 0.005967198871076107 62
1762892432066 0.005957417190074921 63
1762892432066 0.005925472360104322 64
1762892432081 0.005891204345971346 65
1762892432081 0.005868448875844479 66
1762892432103 0.005793932359665632 67
1762892432113 0.0058358823880553246 68
1762892432121 0.005799869541078806 69
1762892432129 0.005705524701625109 70
1762892432137 0.005715022329241037 71
1762892432141 0.005657543893903494 72
1762892432141 0.005643974989652634 73
1762892432156 0.0056323218159377575 74
1762892432172 0.00562028493732214 75
1762892432172 0.005682440008968115 76
1762892432187 0.00566779263317585 77
1762892432187 0.005572690162807703 78
1762892432204 0.00555122597143054 79
1762892432212 0.005547720938920975 80
1762892432220 0.005526943132281303 81
1762892432228 0.005560010671615601 82
1762892432236 0.005539174657315016 83
1762892432241 0.005477948114275932 84
1762892432241 0.005468171089887619 85
1762892432256 0.00548372371122241 86
1762892432256 0.0054686544463038445 87
1762892432272 0.0054350486025214195 88
1762892432272 0.005455038044601679 89
1762892432288 0.005436561070382595 90
1762892432288 0.005429246928542852 91
1762892432303 0.005430213641375303 92
1762892432303 0.005392333492636681 93
1762892432319 0.0053873187862336636 94
1762892432319 0.0054682414047420025 95
1762892432334 0.0053870235569775105 96
1762892432334 0.005389867816120386 97
1762892432350 0.005419095512479544 98
1762892432350 0.0053909956477582455 99
1762892432377 0.005332654342055321 100
