1762891795458 0.17174309492111206 1
1762891795494 0.10856572538614273 2
1762891795527 0.09705636650323868 3
1762891795558 0.09347451478242874 4
1762891795574 0.09128595888614655 5
1762891795611 0.09054269641637802 6
1762891795644 0.08956579864025116 7
1762891795659 0.08801990747451782 8
1762891795699 0.08796002715826035 9
1762891795717 0.08735878020524979 10
1762891795748 0.08565624058246613 11
1762891795779 0.08506058901548386 12
1762891795814 0.08617419004440308 13
1762891795842 0.08495254069566727 14
1762891795871 0.08451033383607864 15
1762891795892 0.08450748771429062 16
1762891795930 0.08499591797590256 17
1762891795950 0.08517386019229889 18
1762891795987 0.08481963723897934 19
1762891796008 0.08488902449607849 20
1762891796039 0.08552050590515137 21
1762891796071 0.08417721092700958 22
1762891796086 0.08493109792470932 23
1762891796133 0.08541008830070496 24
1762891796162 0.0845818743109703 25
1762891796191 0.08456254750490189 26
1762891796215 0.08422265201807022 27
1762891796247 0.08442128449678421 28
1762891796278 0.08393677324056625 29
1762891796309 0.08412760496139526 30
1762891796325 0.08453100919723511 31
1762891796365 0.08465088158845901 32
1762891796397 0.08326274901628494 33
