1762891795463 0.05231200531125069 1
1762891795497 0.022199878469109535 2
1762891795531 0.017055010423064232 3
1762891795559 0.01590294949710369 4
1762891795574 0.015101593919098377 5
1762891795611 0.01514747180044651 6
1762891795648 0.014802458696067333 7
1762891795676 0.014520252123475075 8
1762891795703 0.014350377954542637 9
1762891795732 0.014250258915126324 10
1762891795748 0.013889425434172153 11
1762891795779 0.013636001385748386 12
1762891795818 0.013938159681856632 13
1762891795842 0.013647082261741161 14
1762891795876 0.013495687395334244 15
1762891795892 0.01350034587085247 16
1762891795933 0.013569122180342674 17
1762891795950 0.013564198277890682 18
1762891795991 0.013488858938217163 19
1762891796008 0.013602123595774174 20
1762891796039 0.013699796982109547 21
1762891796071 0.013396292924880981 22
1762891796102 0.013588194735348225 23
1762891796137 0.013623225502669811 24
1762891796166 0.013513369485735893 25
1762891796195 0.013531255535781384 26
1762891796215 0.013533215038478374 27
1762891796247 0.013513444922864437 28
1762891796278 0.01335782092064619 29
1762891796313 0.0134350610896945 30
1762891796340 0.013584244064986706 31
1762891796369 0.013582725077867508 32
1762891796401 0.013296564109623432 33
