1762524347926 4.999999873689376e-05 1
1762524347961 0.00029749999521300197 2
1762524347996 0.0005450000171549618 3
1762524348015 0.0007924999808892608 4
1762524348045 0.0010400000028312206 5
1762524348076 0.0012875000247731805 6
1762524348104 0.0015350000467151403 7
1762524348130 0.0017824999522417784 8
1762524348155 0.00203000009059906 9
1762524348181 0.002277499996125698 10
1762524348212 0.002524999901652336 11
1762524348231 0.002772500040009618 12
1762524348263 0.003019999945536256 13
1762524348297 0.0032675000838935375 14
1762524348313 0.0035149999894201756 15
1762524348353 0.0037624998949468136 16
1762524348374 0.004009999800473452 17
1762524348399 0.004257500171661377 18
1762524348433 0.004505000077188015 19
1762524348449 0.004752499982714653 20
1762524348484 0.004999999888241291 21
1762524348516 0.00499826529994607 22
1762524348534 0.004993063863366842 23
1762524348570 0.00498440396040678 24
1762524348585 0.004972298629581928 25
1762524348616 0.004956766963005066 26
1762524348651 0.004937832243740559 27
1762524348679 0.004915524274110794 28
1762524348701 0.004889877047389746 29
1762524348733 0.004860930610448122 30
1762524348752 0.00482872873544693 31
1762524348789 0.004793322179466486 32
1762524348811 0.0047547644935548306 33
1762524348843 0.004713116213679314 34
1762524348859 0.004668440204113722 35
1762524348887 0.004620806779712439 36
1762524348919 0.004570288117974997 37
