1762525914572 0.024701163172721863 1
1762525914578 0.01761658675968647 2
1762525914592 0.017096921801567078 3
1762525914592 0.01720675453543663 4
1762525914610 0.016452370211482048 5
1762525914618 0.016439465805888176 6
1762525914625 0.016240831464529037 7
1762525914634 0.01615745760500431 8
1762525914642 0.01606312394142151 9
1762525914650 0.016070906072854996 10
1762525914658 0.01592867262661457 11
1762525914666 0.015845490619540215 12
1762525914668 0.015796082094311714 13
1762525914675 0.01579849235713482 14
1762525914675 0.015839209780097008 15
1762525914698 0.015711437910795212 16
1762525914702 0.015535940416157246 17
1762525914702 0.015538048930466175 18
1762525914718 0.013943088240921497 19
1762525914726 0.01297907903790474 20
1762525914726 0.012552713043987751 21
1762525914741 0.012739073485136032 22
1762525914741 0.012092122808098793 23
1762525914757 0.011989583261311054 24
1762525914757 0.011828315444290638 25
1762525914776 0.011802656576037407 26
1762525914776 0.011691599152982235 27
1762525914792 0.011705003678798676 28
1762525914792 0.011507547460496426 29
1762525914807 0.011281418614089489 30
1762525914807 0.011178364977240562 31
1762525914823 0.010893839411437511 32
1762525914826 0.0106847258284688 33
1762525914826 0.010675058700144291 34
1762525914842 0.010519679635763168 35
1762525914842 0.010531988926231861 36
1762525914858 0.010376464575529099 37
1762525914858 0.010255207307636738 38
1762525914877 0.01011612918227911 39
1762525914877 0.010074934922158718 40
1762525914893 0.010014771483838558 41
1762525914893 0.00993623211979866 42
1762525914914 0.009803363122045994 43
1762525914921 0.009821075946092606 44
1762525914929 0.00982263870537281 45
1762525914936 0.009624872356653214 46
1762525914936 0.009533243253827095 47
1762525914952 0.009375487454235554 48
1762525914952 0.009415864013135433 49
1762525914972 0.0092728640884161 50
1762525914980 0.009187632240355015 51
1762525914988 0.009107573889195919 52
1762525914996 0.009049508720636368 53
1762525914999 0.008970305323600769 54
1762525914999 0.008929467760026455 55
1762525915015 0.008904343470931053 56
1762525915015 0.008851058781147003 57
1762525915028 0.008783063851296902 58
1762525915028 0.00870474148541689 59
1762525915044 0.008747115731239319 60
1762525915044 0.008677777834236622 61
1762525915059 0.008639905601739883 62
1762525915059 0.008638481609523296 63
1762525915079 0.008594580926001072 64
1762525915079 0.008520552888512611 65
1762525915098 0.008525565266609192 66
1762525915105 0.008631802164018154 67
1762525915108 0.008537095971405506 68
1762525915108 0.008399169892072678 69
1762525915129 0.008521219715476036 70
1762525915138 0.008437303826212883 71
1762525915146 0.008319808170199394 72
1762525915153 0.008326821029186249 73
1762525915154 0.008319275453686714 74
1762525915170 0.00832876656204462 75
1762525915170 0.008272428996860981 76
1762525915180 0.00832314882427454 77
1762525915180 0.00830207671970129 78
1762525915195 0.008158713579177856 79
1762525915195 0.008158635348081589 80
1762525915211 0.0081765903159976 81
1762525915211 0.008164637722074986 82
1762525915230 0.008122322149574757 83
1762525915230 0.008109505288302898 84
1762525915248 0.008063117042183876 85
1762525915256 0.008040252141654491 86
1762525915264 0.00804643239825964 87
1762525915264 0.008014957420527935 88
1762525915280 0.007941804826259613 89
1762525915280 0.008052811026573181 90
1762525915280 0.007936671376228333 91
1762525915303 0.008068184368312359 92
1762525915311 0.007874967530369759 93
1762525915311 0.007895431481301785 94
1762525915327 0.00784541666507721 95
1762525915331 0.007853745482861996 96
1762525915331 0.007813445292413235 97
1762525915350 0.007801872678101063 98
1762525915358 0.007818012498319149 99
1762525915366 0.007884698919951916 100
