1762524496607 0.03927023336291313 1
1762524496609 0.02508288063108921 2
1762524496609 0.0241092499345541 3
1762524496633 0.02364218235015869 4
1762524496639 0.02365492843091488 5
1762524496639 0.023437295109033585 6
1762524496659 0.02336815372109413 7
1762524496669 0.023207100108265877 8
1762524496669 0.023453131318092346 9
1762524496686 0.023290259763598442 10
1762524496694 0.02326413057744503 11
1762524496701 0.02312615141272545 12
1762524496709 0.02324887551367283 13
1762524496717 0.023204714059829712 14
1762524496725 0.023317700251936913 15
1762524496733 0.023573877289891243 16
1762524496741 0.023255765438079834 17
1762524496751 0.023449333384633064 18
1762524496762 0.023555371910333633 19
1762524496765 0.02322010137140751 20
1762524496765 0.02310219407081604 21
1762524496780 0.02309749461710453 22
1762524496780 0.023548360913991928 23
1762524496796 0.023042432963848114 24
1762524496807 0.023054152727127075 25
1762524496807 0.023192238062620163 26
1762524496823 0.02338285557925701 27
1762524496823 0.023369157686829567 28
1762524496838 0.022950386628508568 29
1762524496838 0.02320834994316101 30
1762524496857 0.022672364488244057 31
1762524496857 0.022702936083078384 32
1762524496857 0.0228411927819252 33
1762524496873 0.022796515375375748 34
1762524496873 0.022519551217556 35
1762524496889 0.022545835003256798 36
1762524496889 0.022300712764263153 37
1762524496908 0.022272920235991478 38
1762524496908 0.022125229239463806 39
1762524496927 0.022048095241189003 40
1762524496935 0.02205275557935238 41
1762524496944 0.02189122885465622 42
1762524496952 0.021863725036382675 43
1762524496960 0.021808791905641556 44
1762524496968 0.021582070738077164 45
1762524496968 0.021589383482933044 46
1762524496983 0.021612731739878654 47
1762524496983 0.021547820419073105 48
1762524496999 0.021487141028046608 49
1762524496999 0.021405430510640144 50
1762524497009 0.02138936147093773 51
1762524497009 0.021239053457975388 52
1762524497025 0.021274888888001442 53
1762524497025 0.02119435928761959 54
1762524497047 0.02116098627448082 55
1762524497055 0.021043065935373306 56
1762524497062 0.02097301185131073 57
1762524497062 0.020939737558364868 58
1762524497077 0.02100083976984024 59
1762524497077 0.020866459235548973 60
1762524497093 0.020824914798140526 61
1762524497093 0.02071995846927166 62
1762524497110 0.02079356089234352 63
1762524497110 0.020604323595762253 64
1762524497110 0.020644091069698334 65
1762524497126 0.020580515265464783 66
1762524497141 0.020595474168658257 67
1762524497141 0.02054474502801895 68
1762524497141 0.02049153298139572 69
1762524497165 0.02045995369553566 70
1762524497174 0.020472299307584763 71
1762524497182 0.02045590430498123 72
1762524497186 0.020364515483379364 73
1762524497186 0.020411981269717216 74
1762524497202 0.02031455934047699 75
1762524497211 0.020271359011530876 76
1762524497211 0.02031751535832882 77
1762524497227 0.02020023763179779 78
1762524497227 0.020305121317505836 79
1762524497243 0.02028512768447399 80
1762524497243 0.020251480862498283 81
1762524497261 0.020231299102306366 82
1762524497269 0.020196326076984406 83
1762524497277 0.02015017718076706 84
1762524497284 0.020190387964248657 85
1762524497292 0.02018730528652668 86
1762524497296 0.02009786106646061 87
1762524497296 0.020093414932489395 88
1762524497313 0.02012389898300171 89
1762524497313 0.02011267840862274 90
1762524497328 0.020059091970324516 91
1762524497328 0.02004045993089676 92
1762524497344 0.02009638212621212 93
1762524497344 0.020038491114974022 94
1762524497363 0.020062508061528206 95
1762524497371 0.02008853480219841 96
1762524497380 0.020013554021716118 97
1762524497388 0.02003924734890461 98
1762524497390 0.020029131323099136 99
1762524497390 0.019936157390475273 100
