1762524347904 0.1442459523677826 1
1762524347929 0.12745635211467743 2
1762524347976 0.11658311635255814 3
1762524348004 0.11159415543079376 4
1762524348029 0.11076703667640686 5
1762524348045 0.1105702668428421 6
1762524348080 0.11002230644226074 7
1762524348112 0.10955241322517395 8
1762524348130 0.10900410264730453 9
1762524348155 0.10952910780906677 10
1762524348197 0.1090734452009201 11
1762524348212 0.10982561856508255 12
1762524348247 0.11005149036645889 13
1762524348278 0.11017099767923355 14
1762524348297 0.11071967333555222 15
1762524348334 0.11071691662073135 16
1762524348359 0.11075633764266968 17
1762524348383 0.11138457804918289 18
1762524348414 0.11720146983861923 19
1762524348433 0.11791041493415833 20
1762524348465 0.12141238898038864 21
1762524348484 0.1131318062543869 22
1762524348524 0.11640065163373947 23
1762524348551 0.11328929662704468 24
1762524348577 0.1138518676161766 25
1762524348600 0.11287470906972885 26
1762524348632 0.11245973408222198 27
1762524348651 0.11176646500825882 28
1762524348686 0.11486227065324783 29
1762524348701 0.11842771619558334 30
1762524348736 0.11739512532949448 31
1762524348770 0.1133003681898117 32
1762524348796 0.12008856236934662 33
1762524348811 0.11262449622154236 34
1762524348843 0.11176446080207825 35
1762524348874 0.110874243080616 36
1762524348903 0.11220177263021469 37
