1762524347906 0.03978452458977699 1
1762524347929 0.030981438234448433 2
1762524347980 0.025700850412249565 3
1762524348008 0.023795397952198982 4
1762524348029 0.023388467729091644 5
1762524348061 0.023351091891527176 6
1762524348080 0.023208774626255035 7
1762524348116 0.023138025775551796 8
1762524348146 0.02289128303527832 9
1762524348171 0.022922277450561523 10
1762524348197 0.022724371403455734 11
1762524348228 0.022961556911468506 12
1762524348247 0.02301916852593422 13
1762524348282 0.022907886654138565 14
1762524348297 0.02306411974132061 15
1762524348338 0.02305556833744049 16
1762524348359 0.023117147386074066 17
1762524348383 0.023257102817296982 18
1762524348414 0.02582543157041073 19
1762524348433 0.026086758822202682 20
1762524348465 0.026971425861120224 21
1762524348499 0.023620570078492165 22
1762524348528 0.024970538914203644 23
1762524348555 0.023691145703196526 24
1762524348577 0.023987097665667534 25
1762524348600 0.023712772876024246 26
1762524348635 0.023522930219769478 27
1762524348651 0.02330009639263153 28
1762524348686 0.02451697178184986 29
1762524348717 0.026291320100426674 30
1762524348736 0.026246914640069008 31
1762524348774 0.023932786658406258 32
1762524348796 0.026416996493935585 33
1762524348829 0.02360052987933159 34
1762524348843 0.02336621843278408 35
1762524348874 0.023060137405991554 36
1762524348903 0.023546908050775528 37
