1762940416264 9.999999747378752e-06 1
1762940416301 5.949999831500463e-05 2
1762940416329 0.00010900000052060932 3
1762940416360 0.0001584999990882352 4
1762940416391 0.00020799999765586108 5
1762940416422 0.0002575000107754022 6
1762940416454 0.00030700000934302807 7
1762940416488 0.00035650000791065395 8
1762940416512 0.00040600000647827983 9
1762940416552 0.0004555000050459057 10
1762940416570 0.0005050000036135316 11
1762940416601 0.000554499973077327 12
1762940416632 0.0006040000007487833 13
1762940416677 0.0006535000284202397 14
1762940416694 0.0007029999978840351 15
1762940416726 0.0007525000255554914 16
1762940416757 0.0008019999950192869 17
1762940416806 0.0008515000226907432 18
1762940416828 0.0009009999921545386 19
1762940416870 0.000950500019825995 20
1762940416897 0.0010000000474974513 21
1762940416928 0.0009996530134230852 22
1762940416960 0.0009986128425225616 23
1762940416991 0.0009968808153644204 24
1762940417022 0.0009944597259163857 25
1762940417053 0.0009913534158840775 26
1762940417085 0.0009875664254650474 27
1762940417119 0.00098310480825603 28
1762940417145 0.0009779754327610135 29
1762940417179 0.00097218609880656 30
1762940417214 0.0009657457703724504 31
1762940417245 0.0009586644009687006 32
1762940417260 0.0009509529336355627 33
1762940417307 0.0009426231845282018 34
1762940417340 0.0009336880757473409 35
1762940417367 0.0009241613443009555 36
1762940417398 0.0009140576585195959 37
1762940417436 0.0009033926180563867 38
1762940417467 0.0008921826956793666 39
1762940417496 0.0008804451208561659 40
1762940417527 0.0008681980543769896 41
1762940417554 0.0008554603555239737 42
1762940417585 0.000842251640278846 43
1762940417616 0.0008285922813229263 44
1762940417653 0.0008145033498294652 45
1762940417679 0.0008000066154636443 46
1762940417710 0.0007851243717595935 47
1762940417746 0.0007698795525357127 48
1762940417772 0.0007542957318946719 49
1762940417809 0.0007383968913927674 50
1762940417828 0.0007222075364552438 51
1762940417872 0.0007057526963762939 52
