1762940471282 0.09203869849443436 1
1762940471305 0.03779773414134979 2
1762940471317 0.03427219018340111 3
1762940471326 0.03227341175079346 4
1762940471337 0.03200925141572952 5
1762940471346 0.031711965799331665 6
1762940471356 0.031443629413843155 7
1762940471365 0.03149121627211571 8
1762940471374 0.03126412257552147 9
1762940471383 0.03132413327693939 10
1762940471392 0.031247973442077637 11
1762940471398 0.03126443549990654 12
1762940471398 0.031186256557703018 13
1762940471414 0.03127729520201683 14
1762940471414 0.03112064115703106 15
1762940471430 0.031190719455480576 16
1762940471445 0.031162738800048828 17
1762940471445 0.031151099130511284 18
1762940471461 0.03115687146782875 19
1762940471461 0.031144749373197556 20
1762940471483 0.0311523899435997 21
1762940471491 0.031137840822339058 22
1762940471492 0.03112304024398327 23
1762940471507 0.031109582632780075 24
1762940471507 0.031129170209169388 25
1762940471523 0.031134942546486855 26
1762940471523 0.03116537444293499 27
1762940471539 0.031135059893131256 28
