1762940551630 0.04574497789144516 1
1762940551654 0.03256537392735481 2
1762940551654 0.031538426876068115 3
1762940551676 0.031574517488479614 4
1762940551686 0.031126562505960464 5
1762940551695 0.03112167678773403 6
1762940551703 0.03111421689391136 7
1762940551703 0.031107084825634956 8
1762940551719 0.031107556074857712 9
1762940551719 0.031111378222703934 10
1762940551734 0.03110112063586712 11
1762940551734 0.031077180057764053 12
1762940551750 0.031085912138223648 13
1762940551766 0.03111625462770462 14
1762940551766 0.031107256188988686 15
1762940551786 0.031101470813155174 16
1762940551795 0.03110509365797043 17
1762940551803 0.03110624849796295 18
1762940551803 0.03110221028327942 19
1762940551818 0.03109860047698021 20
1762940551818 0.031101228669285774 21
1762940551839 0.03109482303261757 22
1762940551848 0.031091557815670967 23
1762940551857 0.031095756217837334 24
1762940551867 0.031090667471289635 25
1762940551875 0.031082317233085632 26
1762940551884 0.03109310381114483 27
1762940551886 0.031088609248399734 28
