1762940416242 1.143235683441162 1
1762940416264 1.0444704294204712 2
1762940416310 0.8866115212440491 3
1762940416329 0.722038209438324 4
1762940416360 0.5792637467384338 5
1762940416391 0.44846174120903015 6
1762940416422 0.34728148579597473 7
1762940416454 0.27813223004341125 8
1762940416498 0.23775027692317963 9
1762940416528 0.21560558676719666 10
1762940416561 0.20496341586112976 11
1762940416585 0.1947937309741974 12
1762940416617 0.18947990238666534 13
1762940416648 0.1819281429052353 14
1762940416679 0.17955435812473297 15
1762940416710 0.1723112016916275 16
1762940416741 0.1674128919839859 17
1762940416772 0.16277886927127838 18
1762940416812 0.1582227349281311 19
1762940416848 0.15260203182697296 20
1762940416879 0.1494329422712326 21
1762940416897 0.14504630863666534 22
1762940416928 0.14280079305171967 23
1762940416960 0.13878653943538666 24
1762940416991 0.13602416217327118 25
1762940417022 0.13568001985549927 26
1762940417053 0.13342174887657166 27
1762940417085 0.133763387799263 28
1762940417129 0.13236981630325317 29
1762940417145 0.13133902847766876 30
1762940417179 0.12934818863868713 31
1762940417223 0.13083094358444214 32
1762940417245 0.13100525736808777 33
1762940417276 0.1307530701160431 34
1762940417307 0.129929319024086 35
1762940417349 0.1295442134141922 36
1762940417367 0.12873750925064087 37
1762940417398 0.12848840653896332 38
1762940417445 0.12726831436157227 39
1762940417476 0.12786367535591125 40
1762940417496 0.1272222250699997 41
1762940417527 0.1264154464006424 42
1762940417569 0.12693431973457336 43
1762940417601 0.1262764036655426 44
1762940417616 0.12596094608306885 45
1762940417662 0.12560266256332397 46
1762940417679 0.12538358569145203 47
1762940417710 0.12581264972686768 48
1762940417746 0.12569166719913483 49
1762940417772 0.12513703107833862 50
1762940417812 0.12355106323957443 51
1762940417844 0.12381523102521896 52
