1762940416248 2.1777472496032715 1
1762940416282 1.8229705095291138 2
1762940416313 1.3074499368667603 3
1762940416344 0.8688154816627502 4
1762940416376 0.5579524040222168 5
1762940416407 0.3388892114162445 6
1762940416438 0.2016410380601883 7
1762940416469 0.12901754677295685 8
1762940416503 0.09292826056480408 9
1762940416528 0.07585300505161285 10
1762940416566 0.06779351085424423 11
1762940416585 0.06095529720187187 12
1762940416617 0.057736217975616455 13
1762940416648 0.053325995802879333 14
1762940416679 0.05202527716755867 15
1762940416710 0.04790061339735985 16
1762940416741 0.04540218412876129 17
1762940416772 0.04297721013426781 18
1762940416812 0.04071947932243347 19
1762940416852 0.0382348895072937 20
1762940416883 0.036765776574611664 21
1762940416913 0.03480735421180725 22
1762940416944 0.03388996049761772 23
1762940416975 0.0327281653881073 24
1762940416991 0.031213948503136635 25
1762940417038 0.031102562323212624 26
1762940417069 0.03021654300391674 27
1762940417101 0.029844144359230995 28
1762940417129 0.029773930087685585 29
1762940417164 0.029359757900238037 30
1762940417196 0.02872135303914547 31
1762940417227 0.02921593375504017 32
1762940417245 0.029128972440958023 33
1762940417276 0.02895173616707325 34
1762940417307 0.02849770151078701 35
1762940417353 0.028899885714054108 36
1762940417383 0.02839404158294201 37
1762940417418 0.028457017615437508 38
1762940417446 0.028104055672883987 39
1762940417480 0.028221819549798965 40
1762940417511 0.02784113585948944 41
1762940417543 0.027531662955880165 42
1762940417569 0.027724390849471092 43
1762940417601 0.02746483124792576 44
1762940417635 0.027563966810703278 45
1762940417663 0.027451254427433014 46
1762940417694 0.027190430089831352 47
1762940417728 0.027507569640874863 48
1762940417746 0.027593933045864105 49
1762940417790 0.02711200714111328 50
1762940417812 0.026967646554112434 51
1762940417844 0.026772484183311462 52
