1762377432230 0.018328135833144188 1
1762377432239 0.011018453165888786 2
1762377432249 0.010663664899766445 3
1762377432250 0.010492277331650257 4
1762377432262 0.010256781242787838 5
1762377432262 0.009997541084885597 6
1762377432279 0.010077214799821377 7
1762377432279 0.009784914553165436 8
1762377432302 0.009993581101298332 9
1762377432310 0.009681813418865204 10
1762377432318 0.009869825094938278 11
1762377432326 0.009643389843404293 12
1762377432329 0.009802151471376419 13
1762377432329 0.00953864585608244 14
1762377432344 0.009849585592746735 15
1762377432360 0.009409266524016857 16
1762377432360 0.0095320800319314 17
1762377432375 0.009556525386869907 18
1762377432375 0.009432145394384861 19
1762377432391 0.009511392563581467 20
1762377432391 0.009063850156962872 21
1762377432407 0.00944363884627819 22
1762377432407 0.009258434176445007 23
1762377432422 0.008975764736533165 24
1762377432422 0.008929937146604061 25
1762377432438 0.008811979554593563 26
1762377432438 0.008672995492815971 27
1762377432454 0.008546802215278149 28
1762377432454 0.008492588996887207 29
1762377432469 0.008588476106524467 30
1762377432469 0.008681551553308964 31
1762377432482 0.008414999581873417 32
1762377432482 0.008288268931210041 33
1762377432498 0.008151499554514885 34
1762377432498 0.008282151073217392 35
1762377432514 0.008159908466041088 36
1762377432529 0.00806022621691227 37
1762377432529 0.008109311573207378 38
1762377432545 0.008313627913594246 39
1762377432545 0.00784355215728283 40
1762377432562 0.00783055555075407 41
1762377432571 0.007647763006389141 42
1762377432579 0.007789541035890579 43
1762377432587 0.007799972780048847 44
1762377432595 0.007619430311024189 45
1762377432603 0.00757553381845355 46
1762377432612 0.007322422694414854 47
1762377432612 0.007696452084928751 48
1762377432627 0.00789154227823019 49
1762377432627 0.00744856521487236 50
1762377432643 0.00739682000130415 51
1762377432643 0.006817856803536415 52
1762377432658 0.0074785915203392506 53
1762377432658 0.007033081259578466 54
1762377432674 0.0071983980014920235 55
1762377432674 0.007138076238334179 56
1762377432690 0.006844659801572561 57
1762377432690 0.006753637921065092 58
1762377432705 0.0072224619798362255 59
1762377432705 0.006905560381710529 60
1762377432721 0.007002381607890129 61
1762377432721 0.006824133452028036 62
1762377432737 0.006800686940550804 63
1762377432737 0.0069099911488592625 64
1762377432752 0.0067301043309271336 65
1762377432768 0.007111676968634129 66
1762377432768 0.006746021565049887 67
1762377432783 0.006703213322907686 68
1762377432783 0.006697158794850111 69
1762377432799 0.006793190259486437 70
1762377432799 0.006691792514175177 71
1762377432812 0.00662772823125124 72
1762377432812 0.006843021139502525 73
1762377432829 0.007019418757408857 74
1762377432829 0.006976873613893986 75
1762377432846 0.006647799164056778 76
1762377432846 0.006738584488630295 77
1762377432861 0.006553049199283123 78
1762377432861 0.006400151178240776 79
1762377432877 0.006245417054742575 80
1762377432877 0.0062396107241511345 81
1762377432893 0.006626415532082319 82
1762377432893 0.00675644027069211 83
1762377432912 0.006285986863076687 84
1762377432912 0.006439460441470146 85
1762377432929 0.006581323221325874 86
1762377432929 0.006435203831642866 87
1762377432946 0.00634860759600997 88
1762377432946 0.0064499638974666595 89
1762377432962 0.007230086252093315 90
1762377432962 0.006851489655673504 91
1762377432979 0.006598363164812326 92
