1762380268870 0.027372853830456734 1
1762380268875 0.008125822059810162 2
1762380268886 0.007691128645092249 3
1762380268886 0.0074008312076330185 4
1762380268902 0.007225925102829933 5
1762380268917 0.007126866839826107 6
1762380268926 0.006972093600779772 7
1762380268936 0.006864763330668211 8
1762380268944 0.006784647703170776 9
1762380268951 0.006676062010228634 10
1762380268951 0.0066027711145579815 11
1762380268968 0.006537310313433409 12
1762380268968 0.0064669582061469555 13
1762380268984 0.006424962542951107 14
1762380268984 0.006382838357239962 15
1762380269007 0.006340689957141876 16
1762380269015 0.006315955892205238 17
1762380269023 0.006286837626248598 18
1762380269031 0.006255358923226595 19
1762380269035 0.0062515996396541595 20
1762380269050 0.006230020895600319 21
1762380269051 0.006220595445483923 22
1762380269067 0.006193004548549652 23
1762380269068 0.006185317877680063 24
1762380269084 0.006163714453577995 25
1762380269084 0.006149251013994217 26
1762380269101 0.0061347405426204205 27
1762380269101 0.006141493562608957 28
1762380269117 0.006132108625024557 29
1762380269117 0.0060969810001552105 30
1762380269132 0.006049026735126972 31
1762380269132 0.006048350129276514 32
1762380269148 0.006040973123162985 33
1762380269148 0.006029967218637466 34
1762380269163 0.006019684486091137 35
1762380269163 0.005995097104460001 36
1762380269179 0.0059989751316607 37
1762380269179 0.005996460560709238 38
1762380269202 0.005984199233353138 39
1762380269202 0.005923341494053602 40
1762380269218 0.0058884951286017895 41
1762380269218 0.005898075643926859 42
1762380269233 0.0059076095931231976 43
1762380269233 0.005898825358599424 44
1762380269249 0.00589488260447979 45
1762380269249 0.005910474807024002 46
1762380269264 0.005890250205993652 47
1762380269280 0.005859925411641598 48
1762380269280 0.005840738769620657 49
1762380269296 0.0058589596301317215 50
1762380269296 0.005839099176228046 51
1762380269311 0.00581912649795413 52
1762380269311 0.005806391127407551 53
1762380269327 0.005768218543380499 54
1762380269343 0.005746291484683752 55
1762380269343 0.0057143294252455235 56
1762380269358 0.005697248037904501 57
1762380269358 0.005667767021805048 58
1762380269374 0.005644535645842552 59
1762380269374 0.005592742934823036 60
1762380269389 0.005581790581345558 61
1762380269389 0.005567298270761967 62
1762380269405 0.00553087517619133 63
1762380269421 0.005473447497934103 64
1762380269421 0.005405265837907791 65
1762380269436 0.005388382822275162 66
1762380269436 0.005319464951753616 67
1762380269452 0.0052920314483344555 68
1762380269452 0.005274373106658459 69
1762380269468 0.005243776366114616 70
1762380269468 0.005164079833775759 71
1762380269483 0.005172479897737503 72
1762380269499 0.005117504857480526 73
1762380269499 0.005138150881975889 74
1762380269514 0.005061256233602762 75
1762380269514 0.0050672427751123905 76
1762380269534 0.005029220134019852 77
1762380269542 0.005007939413189888 78
1762380269551 0.004946405533701181 79
1762380269560 0.004919327795505524 80
1762380269567 0.004906808957457542 81
1762380269567 0.004864964168518782 82
1762380269582 0.0048293462023139 83
1762380269582 0.004778874572366476 84
1762380269598 0.004765584599226713 85
1762380269598 0.00474589504301548 86
1762380269614 0.004736950155347586 87
1762380269645 0.0047240834683179855 88
1762380269661 0.004718696232885122 89
1762380269676 0.0047167036682367325 90
1762380269692 0.004691577982157469 91
1762380269692 0.004718846641480923 92
1762380269707 0.004737918730825186 93
1762380269723 0.004726736806333065 94
1762380269723 0.004690517205744982 95
1762380269739 0.004663974978029728 96
1762380269750 0.004656015429645777 97
1762380269752 0.004634217359125614 98
1762380269769 0.004629848059266806 99
1762380269769 0.00465785339474678 100
