1762296396016 0.02481004223227501 1
1762296396039 0.009107961319386959 2
1762296396050 0.008748805150389671 3
1762296396058 0.008452802896499634 4
1762296396061 0.008310736157000065 5
1762296396079 0.008178722113370895 6
1762296396087 0.008026154711842537 7
1762296396096 0.007915236987173557 8
1762296396103 0.00778038427233696 9
1762296396112 0.007708073128014803 10
1762296396120 0.0076236664317548275 11
1762296396127 0.007552633993327618 12
1762296396127 0.007484300062060356 13
1762296396142 0.00747328856959939 14
1762296396142 0.007463478948920965 15
1762296396158 0.0074544185772538185 16
1762296396158 0.00744248041883111 17
1762296396176 0.007405372336506844 18
1762296396184 0.007353095803409815 19
1762296396188 0.007345062214881182 20
1762296396188 0.007336894981563091 21
1762296396207 0.007295064628124237 22
1762296396215 0.007338687311857939 23
1762296396220 0.007232640404254198 24
1762296396220 0.007206435780972242 25
1762296396235 0.0072882696986198425 26
1762296396235 0.00718527240678668 27
1762296396251 0.007260422687977552 28
1762296396251 0.007153903599828482 29
1762296396270 0.0070817731320858 30
1762296396278 0.007000490091741085 31
1762296396286 0.0069053019396960735 32
1762296396294 0.0067467219196259975 33
1762296396298 0.006615075748413801 34
1762296396298 0.006572915241122246 35
1762296396318 0.00636654905974865 36
1762296396325 0.006372759584337473 37
1762296396334 0.006332705728709698 38
1762296396342 0.006201963871717453 39
1762296396350 0.006192653905600309 40
1762296396358 0.006093592382967472 41
1762296396366 0.00603216327726841 42
1762296396374 0.005948217585682869 43
1762296396382 0.005894051399081945 44
1762296396390 0.005845957435667515 45
1762296396399 0.005785122513771057 46
1762296396406 0.005772403907030821 47
1762296396410 0.005737146362662315 48
1762296396410 0.0056421528570353985 49
1762296396430 0.005606108345091343 50
1762296396437 0.005555957090109587 51
1762296396439 0.005526173859834671 52
1762296396439 0.005455185193568468 53
1762296396454 0.005506151355803013 54
1762296396454 0.00541412178426981 55
1762296396470 0.005468470510095358 56
1762296396470 0.005341229494661093 57
1762296396493 0.005365349352359772 58
1762296396501 0.005320228170603514 59
1762296396509 0.005307053215801716 60
1762296396517 0.0053276256658136845 61
1762296396517 0.005252861883491278 62
1762296396532 0.0052539994940161705 63
1762296396540 0.005217773839831352 64
1762296396548 0.005219970364123583 65
1762296396548 0.005220819730311632 66
1762296396563 0.0051650395616889 67
1762296396563 0.005155391059815884 68
1762296396579 0.005135193467140198 69
1762296396579 0.005169000010937452 70
1762296396594 0.005083926022052765 71
1762296396594 0.005175097845494747 72
1762296396613 0.005072067957371473 73
1762296396621 0.005058086942881346 74
1762296396625 0.005064533557742834 75
1762296396625 0.005014875903725624 76
1762296396641 0.005069552455097437 77
1762296396641 0.005043882876634598 78
1762296396660 0.005036485847085714 79
1762296396668 0.005009856075048447 80
1762296396676 0.005029836669564247 81
1762296396676 0.0049927737563848495 82
1762296396692 0.004967639222741127 83
1762296396692 0.004950803238898516 84
1762296396708 0.004989113658666611 85
1762296396716 0.004977228585630655 86
1762296396723 0.0049203066155314445 87
1762296396731 0.004927458707243204 88
1762296396736 0.004908792674541473 89
1762296396736 0.004890579730272293 90
1762296396755 0.004858624655753374 91
1762296396763 0.004887124057859182 92
1762296396766 0.004895505029708147 93
1762296396766 0.004817266017198563 94
1762296396782 0.004831923637539148 95
1762296396782 0.00482957623898983 96
1762296396798 0.004810289945453405 97
1762296396798 0.004880493972450495 98
1762296396813 0.004738922230899334 99
1762296396813 0.004747465252876282 100
