1762294600335 0.021799687296152115 1
1762294600344 0.012515380047261715 2
1762294600353 0.01210806891322136 3
1762294600361 0.011818213388323784 4
1762294600371 0.011668432503938675 5
1762294600380 0.011484576389193535 6
1762294600389 0.01115636620670557 7
1762294600398 0.010849099606275558 8
1762294600408 0.010680836625397205 9
1762294600416 0.010479176416993141 10
1762294600424 0.010329630225896835 11
1762294600436 0.010198136791586876 12
1762294600446 0.010123634710907936 13
1762294600446 0.009952745400369167 14
1762294600461 0.009852838702499866 15
1762294600461 0.009705452248454094 16
1762294600477 0.009739002212882042 17
1762294600477 0.009716466069221497 18
1762294600493 0.009526935406029224 19
1762294600493 0.009595723822712898 20
1762294600508 0.009536528959870338 21
1762294600508 0.00923403911292553 22
1762294600524 0.009039362892508507 23
1762294600533 0.0089948745444417 24
1762294600541 0.009038425981998444 25
1762294600549 0.009039797820150852 26
1762294600557 0.008900895714759827 27
1762294600565 0.008835222572088242 28
1762294600572 0.009324959479272366 29
1762294600576 0.008985540829598904 30
1762294600576 0.008686896413564682 31
1762294600596 0.008700333535671234 32
1762294600604 0.00854125339537859 33
1762294600607 0.008418340235948563 34
1762294600607 0.008295639418065548 35
1762294600623 0.008210819214582443 36
1762294600623 0.008273261599242687 37
1762294600638 0.008191828615963459 38
1762294600638 0.008014986291527748 39
1762294600654 0.007977892644703388 40
1762294600654 0.007938860915601254 41
1762294600675 0.007881978526711464 42
1762294600683 0.007816481404006481 43
1762294600686 0.007678385823965073 44
1762294600686 0.007729274686425924 45
1762294600707 0.007890426553785801 46
1762294600714 0.007774022873491049 47
1762294600717 0.007798586506396532 48
1762294600717 0.00771606108173728 49
1762294600737 0.007867296226322651 50
1762294600746 0.008021267130970955 51
1762294600753 0.007793087977916002 52
1762294600761 0.007710346486419439 53
1762294600763 0.007708020508289337 54
1762294600763 0.007531315088272095 55
1762294600778 0.007437854073941708 56
1762294600778 0.007372088264673948 57
1762294600801 0.0072727203369140625 58
1762294600808 0.007457142695784569 59
1762294600816 0.007575156167149544 60
1762294600824 0.007317052688449621 61
1762294600832 0.00732004689052701 62
1762294600839 0.007447975687682629 63
1762294600847 0.007436955813318491 64
1762294600855 0.007482243701815605 65
1762294600864 0.007353988941758871 66
1762294600872 0.007361233700066805 67
1762294600881 0.007370205596089363 68
1762294600890 0.007227132096886635 69
1762294600898 0.007194312289357185 70
1762294600906 0.007215331308543682 71
1762294600913 0.007228394038975239 72
1762294600921 0.007273469120264053 73
1762294600929 0.007247092202305794 74
1762294600936 0.007634795270860195 75
