1762252914535 4.999999873689376e-05 1
1762252914582 0.00029749999521300197 2
1762252914626 0.0005450000171549618 3
1762252914682 0.0007924999808892608 4
1762252914735 0.0010400000028312206 5
1762252914781 0.0012875000247731805 6
1762252914813 0.0015350000467151403 7
1762252914848 0.0017824999522417784 8
1762252914890 0.00203000009059906 9
1762252914924 0.002277499996125698 10
1762252914965 0.002524999901652336 11
1762252915003 0.002772500040009618 12
1762252915051 0.003019999945536256 13
1762252915093 0.0032675000838935375 14
1762252915138 0.0035149999894201756 15
1762252915181 0.0037624998949468136 16
1762252915224 0.004009999800473452 17
1762252915267 0.004257500171661377 18
1762252915309 0.004505000077188015 19
1762252915347 0.004752499982714653 20
1762252915385 0.004999999888241291 21
1762252915436 0.00499826529994607 22
1762252915478 0.004993063863366842 23
1762252915507 0.00498440396040678 24
1762252915561 0.004972298629581928 25
1762252915600 0.004956766963005066 26
1762252915639 0.004937832243740559 27
1762252915676 0.004915524274110794 28
1762252915727 0.004889877047389746 29
1762252915760 0.004860930610448122 30
1762252915809 0.00482872873544693 31
1762252915852 0.004793322179466486 32
1762252915882 0.0047547644935548306 33
1762252915931 0.004713116213679314 34
1762252915970 0.004668440204113722 35
