1762252914505 0.2927759885787964 1
1762252914552 0.23409295082092285 2
1762252914595 0.15793414413928986 3
1762252914640 0.1319858729839325 4
1762252914698 0.12127498537302017 5
1762252914747 0.10430393368005753 6
1762252914790 0.08767875283956528 7
1762252914813 0.08207816630601883 8
1762252914868 0.07586898654699326 9
1762252914899 0.0715705007314682 10
1762252914937 0.06814407557249069 11
1762252914965 0.06792815029621124 12
1762252915019 0.06598307937383652 13
1762252915064 0.06340005993843079 14
1762252915107 0.06684385985136032 15
1762252915151 0.06592345982789993 16
1762252915191 0.06652645021677017 17
1762252915236 0.06695655733346939 18
1762252915281 0.06734944880008698 19
1762252915324 0.06324778497219086 20
1762252915362 0.06500079482793808 21
1762252915400 0.06337476521730423 22
1762252915439 0.06330213695764542 23
1762252915491 0.061955492943525314 24
1762252915523 0.06604649871587753 25
1762252915561 0.059962108731269836 26
1762252915616 0.06121870502829552 27
1762252915655 0.060272857546806335 28
1762252915692 0.0597677081823349 29
1762252915729 0.05710554122924805 30
1762252915776 0.06263364106416702 31
1762252915819 0.059988006949424744 32
1762252915865 0.058249302208423615 33
1762252915905 0.05850150063633919 34
1762252915943 0.05941018462181091 35
