1762252914511 0.14000430703163147 1
1762252914558 0.0894235298037529 2
1762252914601 0.04174535349011421 3
1762252914646 0.029979219660162926 4
1762252914706 0.025908542796969414 5
1762252914755 0.01918930932879448 6
1762252914794 0.014242557808756828 7
1762252914830 0.012771355919539928 8
1762252914868 0.011416826397180557 9
1762252914903 0.010555760003626347 10
1762252914944 0.00949877966195345 11
1762252914981 0.009468208067119122 12
1762252915019 0.00941803865134716 13
1762252915070 0.00869719497859478 14
1762252915114 0.009378709830343723 15
1762252915156 0.009332002140581608 16
1762252915199 0.009305889718234539 17
1762252915242 0.009622535668313503 18
1762252915287 0.009239239618182182 19
1762252915331 0.008348939940333366 20
1762252915362 0.009248797781765461 21
1762252915400 0.008490492589771748 22
1762252915455 0.00877789780497551 23
1762252915492 0.00832818541675806 24
1762252915539 0.00950252078473568 25
1762252915581 0.007995295338332653 26
1762252915622 0.008210773579776287 27
1762252915655 0.008061305619776249 28
1762252915692 0.008059672079980373 29
1762252915744 0.007524147164076567 30
1762252915776 0.008659307844936848 31
1762252915819 0.007920904085040092 32
1762252915870 0.007730260957032442 33
1762252915911 0.007772964891046286 34
1762252915949 0.007973160594701767 35
