1762337205390 0.03555784001946449 1
1762337205406 0.01180214248597622 2
1762337205412 0.008990376256406307 3
1762337205425 0.007554549723863602 4
1762337205432 0.006685872562229633 5
1762337205446 0.006105260457843542 6
1762337205454 0.0057538035325706005 7
1762337205464 0.0055223749950528145 8
1762337205472 0.005346142686903477 9
1762337205481 0.00525708356872201 10
1762337205489 0.005180417560040951 11
1762337205498 0.005092301871627569 12
1762337205506 0.0050646038725972176 13
1762337205515 0.0050131757743656635 14
1762337205521 0.0049996934831142426 15
1762337205521 0.00496408436447382 16
1762337205538 0.004952318500727415 17
1762337205546 0.004919035360217094 18
1762337205555 0.004897084087133408 19
1762337205563 0.004899710416793823 20
1762337205567 0.0048593804240226746 21
1762337205567 0.004855375271290541 22
1762337205582 0.004849773831665516 23
1762337205582 0.004843038506805897 24
1762337205598 0.004835309460759163 25
1762337205598 0.004825236275792122 26
1762337205614 0.00481822807341814 27
1762337205614 0.004777252208441496 28
1762337205629 0.004767885431647301 29
1762337205629 0.0047975704073905945 30
1762337205645 0.004750444553792477 31
1762337205645 0.004731441847980022 32
1762337205660 0.004713770933449268 33
1762337205660 0.004690729547291994 34
1762337205676 0.004700064659118652 35
1762337205686 0.004674241412431002 36
1762337205692 0.004647817928344011 37
1762337205692 0.004631349351257086 38
1762337205715 0.00459907716140151 39
1762337205724 0.004570051096379757 40
1762337205732 0.004584798123687506 41
1762337205738 0.004586122464388609 42
1762337205742 0.004527030512690544 43
1762337205742 0.004511534236371517 44
1762337205765 0.004484155680984259 45
1762337205772 0.004469593986868858 46
1762337205781 0.004431955050677061 47
1762337205785 0.004431093577295542 48
1762337205785 0.004430221393704414 49
1762337205801 0.004366867709904909 50
1762337205809 0.004332344047725201 51
1762337205809 0.004334081429988146 52
1762337205824 0.004328617360442877 53
1762337205824 0.004317844286561012 54
1762337205840 0.004267709329724312 55
1762337205840 0.004228602163493633 56
1762337205860 0.0042165955528616905 57
1762337205868 0.004248402547091246 58
1762337205876 0.004229254554957151 59
1762337205884 0.004149054177105427 60
1762337205892 0.0041006882674992085 61
1762337205895 0.004109227564185858 62
1762337205895 0.004054380115121603 63
1762337205911 0.00397335784509778 64
1762337205911 0.003993097227066755 65
1762337205926 0.00403961818665266 66
1762337205943 0.003991788253188133 67
1762337205943 0.003984948620200157 68
1762337205958 0.0038795198779553175 69
1762337205959 0.003922716248780489 70
1762337205959 0.003788313129916787 71
1762337205975 0.003894888097420335 72
1762337205975 0.0038953484036028385 73
1762337205998 0.003721442073583603 74
1762337206006 0.0037094070576131344 75
1762337206015 0.0037464776542037725 76
1762337206023 0.00361982686445117 77
1762337206025 0.003631118917837739 78
1762337206025 0.003691725432872772 79
1762337206047 0.0035828270483762026 80
1762337206051 0.0035434281453490257 81
1762337206051 0.0035422181244939566 82
1762337206067 0.003584575606510043 83
1762337206067 0.0034667516592890024 84
1762337206082 0.0035208254121243954 85
1762337206082 0.0034459135495126247 86
1762337206102 0.003417852334678173 87
1762337206111 0.003346285317093134 88
1762337206113 0.0034274542704224586 89
1762337206126 0.0033204362262040377 90
1762337206126 0.003281025681644678 91
1762337206143 0.0032889002468436956 92
1762337206151 0.0032373894937336445 93
1762337206160 0.0032628511544317007 94
1762337206161 0.0032570234034210443 95
1762337206176 0.00317947706207633 96
1762337206176 0.0031856491696089506 97
1762337206192 0.0031141892541199923 98
1762337206201 0.003105812007561326 99
1762337206209 0.003106009680777788 100
