1762336266276 0.03759472444653511 1
1762336266295 0.013389229774475098 2
1762336266298 0.009271418675780296 3
1762336266314 0.007524906191974878 4
1762336266318 0.006655558943748474 5
1762336266328 0.006228250917047262 6
1762336266328 0.006056084763258696 7
1762336266344 0.005980139132589102 8
1762336266344 0.005909189581871033 9
1762336266366 0.005876901093870401 10
1762336266374 0.005827870219945908 11
1762336266382 0.005816271062940359 12
1762336266390 0.005791884381324053 13
1762336266398 0.005762729328125715 14
1762336266401 0.005760494153946638 15
1762336266401 0.005752853117883205 16
1762336266417 0.005755391903221607 17
1762336266417 0.005753209814429283 18
1762336266432 0.005744141526520252 19
1762336266432 0.005749761126935482 20
1762336266448 0.0057255602441728115 21
1762336266463 0.005740041844546795 22
1762336266471 0.005721176974475384 23
1762336266480 0.005711248144507408 24
1762336266487 0.005711296573281288 25
1762336266494 0.005687491502612829 26
1762336266494 0.005713989958167076 27
1762336266511 0.005693837068974972 28
1762336266512 0.005688956007361412 29
1762336266512 0.005680739413946867 30
1762336266527 0.005678265821188688 31
1762336266527 0.005671589635312557 32
1762336266543 0.005676750093698502 33
1762336266559 0.0056648715399205685 34
1762336266559 0.005663660354912281 35
1762336266574 0.005660397000610828 36
1762336266582 0.005662622395902872 37
1762336266590 0.005649381782859564 38
1762336266598 0.005654264707118273 39
1762336266606 0.005637221969664097 40
1762336266614 0.00565092358738184 41
1762336266622 0.005634209141135216 42
1762336266622 0.00562323909252882 43
1762336266637 0.005649299826472998 44
1762336266637 0.005630139727145433 45
1762336266653 0.005627984646707773 46
1762336266653 0.005619877949357033 47
1762336266668 0.005618789233267307 48
1762336266668 0.005617585498839617 49
1762336266684 0.0055963993072509766 50
1762336266684 0.005601219367235899 51
1762336266703 0.005603202618658543 52
1762336266710 0.005595383234322071 53
1762336266714 0.005606662016361952 54
1762336266714 0.0056028468534350395 55
1762336266730 0.005591101944446564 56
1762336266730 0.005583820398896933 57
1762336266745 0.005579621065407991 58
1762336266761 0.005598538089543581 59
1762336266761 0.00558662973344326 60
1762336266776 0.005570264533162117 61
1762336266776 0.005580896511673927 62
1762336266792 0.005584475584328175 63
1762336266792 0.005564299877732992 64
1762336266816 0.005570125766098499 65
1762336266826 0.005550479982048273 66
1762336266840 0.005568722262978554 67
1762336266860 0.005559278652071953 68
1762336266887 0.005546298809349537 69
1762336266904 0.005535217933356762 70
1762336266919 0.005524233914911747 71
1762336266936 0.005545063875615597 72
1762336266952 0.005529261659830809 73
1762336266969 0.005548030138015747 74
1762336266988 0.0055165779776871204 75
1762336266999 0.005513129290193319 76
1762336267021 0.005501351784914732 77
1762336267036 0.005522866267710924 78
1762336267049 0.005493735894560814 79
1762336267057 0.005514934193342924 80
1762336267066 0.005510777235031128 81
1762336267075 0.005483963992446661 82
1762336267083 0.0054901521652936935 83
1762336267091 0.005490781273692846 84
1762336267100 0.005460037384182215 85
1762336267108 0.005472884979099035 86
1762336267117 0.005464276764541864 87
1762336267121 0.0054755317978560925 88
1762336267121 0.005454279948025942 89
1762336267136 0.005444072652608156 90
1762336267157 0.0054421075619757175 91
1762336267165 0.005433803889900446 92
1762336267174 0.00542413629591465 93
1762336267183 0.005410866346210241 94
1762336267191 0.005409996956586838 95
1762336267199 0.005435367580503225 96
1762336267199 0.0054044174030423164 97
1762336267214 0.00542296189814806 98
1762336267226 0.005388299468904734 99
1762336267226 0.005390118807554245 100
