1762945849577 9.999999747378752e-06 1
1762945849596 5.949999831500463e-05 2
1762945849627 0.00010900000052060932 3
1762945849658 0.0001584999990882352 4
1762945849688 0.00020799999765586108 5
1762945849725 0.0002575000107754022 6
1762945849769 0.00030700000934302807 7
1762945849802 0.00035650000791065395 8
1762945849830 0.00040600000647827983 9
1762945849866 0.0004555000050459057 10
1762945849901 0.0005050000036135316 11
1762945849934 0.000554499973077327 12
1762945849959 0.0006040000007487833 13
1762945849991 0.0006535000284202397 14
1762945850025 0.0007029999978840351 15
1762945850063 0.0007525000255554914 16
1762945850097 0.0008019999950192869 17
1762945850127 0.0008515000226907432 18
1762945850164 0.0009009999921545386 19
1762945850200 0.000950500019825995 20
1762945850236 0.0010000000474974513 21
1762945850261 0.0009996530134230852 22
1762945850310 0.0009986128425225616 23
1762945850346 0.0009968808153644204 24
1762945850378 0.0009944597259163857 25
1762945850408 0.0009913534158840775 26
1762945850440 0.0009875664254650474 27
1762945850470 0.00098310480825603 28
1762945850505 0.0009779754327610135 29
1762945850541 0.00097218609880656 30
1762945850579 0.0009657457703724504 31
1762945850610 0.0009586644009687006 32
1762945850649 0.0009509529336355627 33
1762945850683 0.0009426231845282018 34
1762945850709 0.0009336880757473409 35
1762945850740 0.0009241613443009555 36
1762945850776 0.0009140576585195959 37
1762945850807 0.0009033926180563867 38
1762945850830 0.0008921826956793666 39
1762945850861 0.0008804451208561659 40
1762945850892 0.0008681980543769896 41
1762945850934 0.0008554603555239737 42
1762945850960 0.000842251640278846 43
1762945851001 0.0008285922813229263 44
1762945851026 0.0008145033498294652 45
1762945851066 0.0008000066154636443 46
1762945851120 0.0007851243717595935 47
1762945851148 0.0007698795525357127 48
1762945851177 0.0007542957318946719 49
1762945851221 0.0007383968913927674 50
1762945851262 0.0007222075364552438 51
1762945851294 0.0007057526963762939 52
1762945851325 0.0006890576332807541 53
1762945851358 0.00067214819137007 54
1762945851393 0.0006550503894686699 55
1762945851428 0.0006377906538546085 56
1762945851459 0.0006203955272212625 57
1762945851476 0.0006028918433003128 58
1762945851523 0.0005853066104464233 59
1762945851559 0.0005676668952219188 60
1762945851592 0.0005499999970197678 61
1762945851625 0.0005323330988176167 62
1762945851657 0.0005146933835931122 63
1762945851677 0.0004971081507392228 64
1762945851708 0.0004796044959221035 65
1762945851751 0.00046220936928875744 66
1762945851784 0.0004449495754670352 67
1762945851825 0.00042785180266946554 68
1762945851859 0.00041094236075878143 69
1762945851894 0.0003942473267670721 70
1762945851929 0.0003777924575842917 71
1762945851961 0.00036160313175059855 72
1762945851985 0.0003457042621448636 73
