1762945913052 0.08493874967098236 1
1762945913064 0.03753102943301201 2
1762945913073 0.03286071866750717 3
1762945913080 0.031473372131586075 4
1762945913080 0.03104384057223797 5
1762945913095 0.030701274052262306 6
1762945913112 0.03059483878314495 7
1762945913112 0.0305663850158453 8
1762945913128 0.030485795810818672 9
1762945913143 0.030478306114673615 10
1762945913162 0.030509741976857185 11
1762945913172 0.030447207391262054 12
1762945913179 0.030451128259301186 13
1762945913179 0.030421508476138115 14
1762945913197 0.030427124351263046 15
1762945913212 0.0304315984249115 16
1762945913212 0.030404070392251015 17
1762945913228 0.030423160642385483 18
1762945913228 0.030437331646680832 19
1762945913244 0.030401084572076797 20
1762945913259 0.030450019985437393 21
1762945913259 0.030401552096009254 22
1762945913286 0.030414462089538574 23
1762945913297 0.030390139669179916 24
1762945913297 0.03036975860595703 25
1762945913314 0.0303946565836668 26
1762945913314 0.030395934358239174 27
1762945913339 0.03039546124637127 28
