1762945849552 1.3947094678878784 1
1762945849580 1.2713931798934937 2
1762945849611 1.0881626605987549 3
1762945849643 0.8908791542053223 4
1762945849680 0.7165355086326599 5
1762945849713 0.5518193244934082 6
1762945849741 0.4144923686981201 7
1762945849779 0.31803181767463684 8
1762945849811 0.2594987154006958 9
1762945849830 0.22860077023506165 10
1762945849876 0.20831289887428284 11
1762945849910 0.19599056243896484 12
1762945849944 0.1844421625137329 13
1762945849975 0.17731274664402008 14
1762945850006 0.17096425592899323 15
1762945850025 0.16591477394104004 16
1762945850072 0.16214784979820251 17
1762945850099 0.16045121848583221 18
1762945850127 0.15907104313373566 19
1762945850178 0.15859054028987885 20
1762945850214 0.1575886756181717 21
1762945850249 0.1562148630619049 22
1762945850283 0.15564925968647003 23
1762945850320 0.15293534100055695 24
1762945850355 0.15141808986663818 25
1762945850387 0.1520107239484787 26
1762945850408 0.14845560491085052 27
1762945850449 0.14760294556617737 28
1762945850470 0.14559416472911835 29
1762945850516 0.1427145004272461 30
1762945850553 0.14240358769893646 31
1762945850583 0.1394524872303009 32
1762945850626 0.14025473594665527 33
1762945850660 0.13833145797252655 34
1762945850692 0.13721129298210144 35
1762945850709 0.1356324851512909 36
1762945850740 0.13540992140769958 37
1762945850784 0.13426172733306885 38
1762945850816 0.13346736133098602 39
1762945850845 0.13207891583442688 40
1762945850879 0.13271772861480713 41
1762945850907 0.13068842887878418 42
1762945850944 0.13153445720672607 43
1762945850978 0.1307554990053177 44
1762945851010 0.1305265724658966 45
1762945851044 0.13075216114521027 46
1762945851081 0.1290891170501709 47
1762945851130 0.1297973245382309 48
1762945851165 0.12925896048545837 49
1762945851198 0.12831845879554749 50
1762945851226 0.1290183663368225 51
1762945851271 0.1275499016046524 52
1762945851303 0.12681885063648224 53
1762945851334 0.12723566591739655 54
1762945851369 0.12644560635089874 55
1762945851393 0.12580928206443787 56
1762945851437 0.12608705461025238 57
1762945851468 0.1256209909915924 58
1762945851492 0.12632666528224945 59
1762945851526 0.1259029060602188 60
1762945851569 0.12502194941043854 61
1762945851601 0.12478655576705933 62
1762945851634 0.1262623518705368 63
1762945851661 0.12540525197982788 64
1762945851692 0.12549935281276703 65
1762945851723 0.12375932186841965 66
1762945851752 0.12452910840511322 67
1762945851801 0.12521691620349884 68
1762945851835 0.12475839257240295 69
1762945851868 0.12434283643960953 70
1762945851901 0.12459931522607803 71
1762945851938 0.12409576773643494 72
1762945851970 0.12425769865512848 73
