1762945849557 3.2642290592193604 1
1762945849580 2.720764398574829 2
1762945849611 1.992051601409912 3
1762945849643 1.3245315551757812 4
1762945849685 0.8533674478530884 5
1762945849717 0.5222960114479065 6
1762945849741 0.28918808698654175 7
1762945849784 0.17016659677028656 8
1762945849814 0.11278047412633896 9
1762945849845 0.08536294102668762 10
1762945849881 0.07095510512590408 11
1762945849910 0.06203356385231018 12
1762945849948 0.05502554029226303 13
1762945849975 0.05106954276561737 14
1762945850011 0.04728974401950836 15
1762945850043 0.04530578851699829 16
1762945850077 0.04316483438014984 17
1762945850113 0.042154524475336075 18
1762945850147 0.04135608300566673 19
1762945850182 0.04110729694366455 20
1762945850218 0.0398409329354763 21
1762945850251 0.03972162678837776 22
1762945850283 0.039759114384651184 23
1762945850325 0.03817266598343849 24
1762945850360 0.03728332743048668 25
1762945850392 0.037291254848241806 26
1762945850408 0.036081988364458084 27
1762945850453 0.035696763545274734 28
1762945850485 0.0353819765150547 29
1762945850516 0.03320934250950813 30
1762945850558 0.03375399112701416 31
1762945850594 0.032239511609077454 32
1762945850631 0.032648954540491104 33
1762945850660 0.03170343488454819 34
1762945850696 0.031713489443063736 35
1762945850724 0.0308466088026762 36
1762945850755 0.03108833357691765 37
1762945850789 0.029929006472229958 38
1762945850820 0.02982466295361519 39
1762945850845 0.02980460785329342 40
1762945850883 0.0297154001891613 41
1762945850907 0.028715310618281364 42
1762945850949 0.029741808772087097 43
1762945850983 0.029114514589309692 44
1762945851015 0.028676936402916908 45
1762945851048 0.02916603907942772 46
1762945851093 0.028336087241768837 47
1762945851134 0.02869672328233719 48
1762945851167 0.028608057647943497 49
1762945851203 0.02812855876982212 50
1762945851226 0.028324255719780922 51
1762945851276 0.027934445068240166 52
1762945851307 0.027845513075590134 53
1762945851338 0.027960922569036484 54
1762945851373 0.027490215376019478 55
1762945851393 0.027462339028716087 56
1762945851439 0.02732812613248825 57
1762945851473 0.027217376977205276 58
1762945851492 0.027660734951496124 59
1762945851526 0.027500711381435394 60
1762945851573 0.027248891070485115 61
1762945851605 0.027067437767982483 62
1762945851638 0.027826650068163872 63
1762945851661 0.02734721079468727 64
1762945851692 0.027436811476945877 65
1762945851723 0.026492314413189888 66
1762945851752 0.02690819278359413 67
1762945851801 0.027198579162359238 68
1762945851840 0.02715742588043213 69
1762945851873 0.0270659439265728 70
1762945851910 0.02713574282824993 71
1762945851943 0.026852140203118324 72
1762945851970 0.027108201757073402 73
