1762939251304 9.999999747378752e-06 1
1762939251345 5.949999831500463e-05 2
1762939251374 0.00010900000052060932 3
1762939251405 0.0001584999990882352 4
1762939251441 0.00020799999765586108 5
1762939251472 0.0002575000107754022 6
1762939251500 0.00030700000934302807 7
1762939251531 0.00035650000791065395 8
1762939251563 0.00040600000647827983 9
1762939251592 0.0004555000050459057 10
1762939251628 0.0005050000036135316 11
1762939251652 0.000554499973077327 12
1762939251691 0.0006040000007487833 13
1762939251718 0.0006535000284202397 14
1762939251755 0.0007029999978840351 15
1762939251789 0.0007525000255554914 16
1762939251812 0.0008019999950192869 17
1762939251843 0.0008515000226907432 18
1762939251874 0.0009009999921545386 19
1762939251916 0.000950500019825995 20
1762939251937 0.0010000000474974513 21
1762939251968 0.0009996530134230852 22
1762939252008 0.0009986128425225616 23
1762939252031 0.0009968808153644204 24
1762939252070 0.0009944597259163857 25
1762939252101 0.0009913534158840775 26
1762939252133 0.0009875664254650474 27
1762939252164 0.00098310480825603 28
1762939252195 0.0009779754327610135 29
1762939252229 0.00097218609880656 30
1762939252249 0.0009657457703724504 31
1762939252280 0.0009586644009687006 32
1762939252322 0.0009509529336355627 33
1762939252343 0.0009426231845282018 34
1762939252386 0.0009336880757473409 35
1762939252418 0.0009241613443009555 36
1762939252434 0.0009140576585195959 37
1762939252465 0.0009033926180563867 38
1762939252496 0.0008921826956793666 39
1762939252541 0.0008804451208561659 40
1762939252568 0.0008681980543769896 41
1762939252599 0.0008554603555239737 42
1762939252631 0.000842251640278846 43
