1762939304605 0.05761830508708954 1
1762939304621 0.033667802810668945 2
1762939304631 0.03307583928108215 3
1762939304639 0.032610565423965454 4
1762939304639 0.03237790986895561 5
1762939304656 0.03197562322020531 6
1762939304704 0.03194097802042961 7
1762939304707 0.03173818066716194 8
1762939304738 0.03182792663574219 9
1762939304754 0.03175808861851692 10
1762939304769 0.03181684389710426 11
1762939304785 0.03181217610836029 12
1762939304817 0.03176066651940346 13
1762939304834 0.031698744744062424 14
1762939304838 0.031754083931446075 15
1762939304854 0.03164482116699219 16
1762939304870 0.031742364168167114 17
1762939304901 0.031699810177087784 18
1762939304932 0.031704191118478775 19
1762939304948 0.031721051782369614 20
1762939304963 0.03164082020521164 21
1762939304963 0.031680814921855927 22
1762939304979 0.0316680483520031 23
1762939304979 0.03167543187737465 24
1762939305005 0.03164854645729065 25
1762939305014 0.03166470304131508 26
1762939305023 0.031759344041347504 27
