1762939353740 0.045205116271972656 1
1762939353762 0.03446871042251587 2
1762939353771 0.032402388751506805 3
1762939353779 0.03178306296467781 4
1762939353791 0.03205540031194687 5
1762939353792 0.031670644879341125 6
1762939353811 0.03171740472316742 7
1762939353821 0.03176327794790268 8
1762939353829 0.03155965730547905 9
1762939353838 0.0316525362432003 10
1762939353842 0.031739164143800735 11
1762939353857 0.031685493886470795 12
1762939353857 0.031750116497278214 13
1762939353873 0.03163107857108116 14
1762939353873 0.03165286406874657 15
1762939353888 0.03171908110380173 16
1762939353904 0.03165928274393082 17
1762939353904 0.031708575785160065 18
1762939353920 0.03165704384446144 19
1762939353935 0.031757235527038574 20
1762939353935 0.03170134499669075 21
1762939353956 0.03163950517773628 22
1762939353966 0.03164920210838318 23
1762939353975 0.031641703099012375 24
1762939353984 0.031630393117666245 25
1762939353996 0.03163885697722435 26
