1762939251279 1.0988298654556274 1
1762939251304 1.0355921983718872 2
1762939251350 0.9396989345550537 3
1762939251374 0.775371789932251 4
1762939251405 0.6531299352645874 5
1762939251445 0.5403856039047241 6
1762939251477 0.4370766282081604 7
1762939251500 0.3567577302455902 8
1762939251531 0.28893885016441345 9
1762939251563 0.2597205936908722 10
1762939251592 0.22337263822555542 11
1762939251632 0.20917285978794098 12
1762939251652 0.19720381498336792 13
1762939251695 0.18145376443862915 14
1762939251718 0.1757989525794983 15
1762939251760 0.17303143441677094 16
1762939251793 0.16697263717651367 17
1762939251812 0.16515539586544037 18
1762939251843 0.16196651756763458 19
1762939251874 0.16146765649318695 20
1762939251920 0.15749989449977875 21
1762939251937 0.15616300702095032 22
1762939251968 0.15464358031749725 23
1762939252013 0.1495145708322525 24
1762939252031 0.14664225280284882 25
1762939252075 0.14369085431098938 26
1762939252101 0.1398191601037979 27
1762939252133 0.13499151170253754 28
1762939252164 0.13241373002529144 29
1762939252195 0.1322958767414093 30
1762939252233 0.12673406302928925 31
1762939252265 0.12773144245147705 32
1762939252280 0.1261632889509201 33
1762939252326 0.12606322765350342 34
1762939252358 0.12500479817390442 35
1762939252391 0.12372508645057678 36
1762939252418 0.1251320242881775 37
1762939252449 0.12388717383146286 38
1762939252480 0.12417253851890564 39
1762939252512 0.12161971628665924 40
1762939252546 0.11931747943162918 41
1762939252568 0.11917673796415329 42
1762939252599 0.11992450058460236 43
