1762939251290 2.0070605278015137 1
1762939251327 1.7352393865585327 2
1762939251353 1.4434891939163208 3
1762939251389 0.9956842064857483 4
1762939251421 0.7006963491439819 5
1762939251454 0.4801214337348938 6
1762939251484 0.31824833154678345 7
1762939251516 0.2097216248512268 8
1762939251547 0.13724014163017273 9
1762939251578 0.11002278327941895 10
1762939251608 0.0830208882689476 11
1762939251642 0.07116884738206863 12
1762939251668 0.062443848699331284 13
1762939251704 0.05323408171534538 14
1762939251734 0.0500616692006588 15
1762939251769 0.048938773572444916 16
1762939251803 0.045599255710840225 17
1762939251828 0.04472216218709946 18
1762939251859 0.042220573872327805 19
1762939251890 0.042685020714998245 20
1762939251921 0.04083169996738434 21
1762939251952 0.04020236060023308 22
1762939251983 0.039167750626802444 23
1762939252021 0.03765084594488144 24
1762939252047 0.03622056916356087 25
1762939252084 0.03570012003183365 26
1762939252117 0.03397471830248833 27
1762939252148 0.0327397882938385 28
1762939252179 0.03193524479866028 29
1762939252211 0.03232838585972786 30
1762939252233 0.029856055974960327 31
1762939252265 0.03096667490899563 32
1762939252296 0.030655821785330772 33
1762939252337 0.029824718832969666 34
1762939252358 0.02955164760351181 35
1762939252400 0.02891966700553894 36
1762939252418 0.029834087938070297 37
1762939252449 0.029684200882911682 38
1762939252480 0.029074206948280334 39
1762939252512 0.02904391661286354 40
1762939252552 0.028132058680057526 41
1762939252584 0.0284225195646286 42
1762939252615 0.02821655385196209 43
