1762517247059 4.999999873689376e-05 1
1762517247091 0.00029749999521300197 2
1762517247120 0.0005450000171549618 3
1762517247149 0.0007924999808892608 4
1762517247179 0.0010400000028312206 5
1762517247197 0.0012875000247731805 6
1762517247237 0.0015350000467151403 7
1762517247264 0.0017824999522417784 8
1762517247280 0.00203000009059906 9
1762517247314 0.002277499996125698 10
1762517247351 0.002524999901652336 11
1762517247377 0.002772500040009618 12
1762517247397 0.003019999945536256 13
1762517247430 0.0032675000838935375 14
1762517247464 0.0035149999894201756 15
1762517247497 0.0037624998949468136 16
1762517247517 0.004009999800473452 17
1762517247547 0.004257500171661377 18
1762517247581 0.004505000077188015 19
1762517247597 0.004752499982714653 20
1762517247630 0.004999999888241291 21
1762517247666 0.00499826529994607 22
1762517247689 0.004993063863366842 23
1762517247714 0.00498440396040678 24
1762517247750 0.004972298629581928 25
1762517247778 0.004956766963005066 26
1762517247799 0.004937832243740559 27
1762517247830 0.004915524274110794 28
1762517247864 0.004889877047389746 29
1762517247893 0.004860930610448122 30
1762517247914 0.00482872873544693 31
1762517247950 0.004793322179466486 32
1762517247980 0.0047547644935548306 33
1762517248002 0.004713116213679314 34
1762517248030 0.004668440204113722 35
1762517248064 0.004620806779712439 36
1762517248080 0.004570288117974997 37
1762517248122 0.004516962915658951 38
1762517248147 0.004460913594812155 39
1762517248164 0.004402225837111473 40
1762517248207 0.004340990446507931 41
1762517248235 0.004277301486581564 42
1762517248263 0.004211258143186569 43
1762517248280 0.004142961464822292 44
1762517248319 0.004072516690939665 45
1762517248347 0.004000033251941204 46
1762517248364 0.003925621975213289 47
1762517248404 0.0038493978790938854 48
1762517248432 0.0037714785430580378 49
1762517248454 0.0036919843405485153 50
1762517248480 0.00361103774048388 51
1762517248515 0.0035287633072584867 52
1762517248543 0.0034452881664037704 53
1762517248564 0.0033607410732656717 54
1762517248597 0.003275252180173993 55
1762517248629 0.0031889532692730427 56
1762517248657 0.0031019775196909904 57
1762517248680 0.003014459041878581 58
1762517248714 0.0029265328776091337 59
1762517248730 0.002838334534317255 60
1762517248767 0.002749999985098839 61
1762517248797 0.0026616654358804226 62
1762517248814 0.002573467092588544 63
1762517248855 0.0024855409283190966 64
1762517248880 0.002398022450506687 65
1762517248909 0.002311046700924635 66
1762517248930 0.002224748022854328 67
1762517248968 0.002139258896932006 68
1762517248996 0.002054711803793907 69
1762517249025 0.001971236662939191 70
1762517249047 0.0018889622297137976 71
1762517249080 0.0018080156296491623 72
1762517249114 0.0017285214271396399 73
1762517249146 0.001650602207519114 74
1762517249164 0.001574378227815032 75
1762517249197 0.0014999669510871172 76
1762517249214 0.001427483162842691 77
1762517249257 0.0013570386217907071 78
1762517249285 0.0012887419434264302 79
1762517249314 0.0012226983672007918 80
1762517249347 0.0011590097565203905 81
1762517249380 0.0010977743659168482 82
1762517249407 0.0010390866082161665 83
1762517249430 0.000983036938123405 84
1762517249464 0.0009297117358073592 85
1762517249480 0.0008791933651082218 86
1762517249521 0.0008315596496686339 87
1762517249549 0.0007868839893490076 88
1762517249564 0.0007452353020198643 89
1762517249607 0.0007066778489388525 90
1762517249630 0.0006712710601277649 91
1762517249663 0.0006390694761648774 92
1762517249680 0.000610122864600271 93
1762517249719 0.0005844756960868835 94
1762517249747 0.0005621676682494581 95
1762517249766 0.0005432331236079335 96
1762517249797 0.0005277012242004275 97
1762517249832 0.0005155959515832365 98
