1762517247031 0.1597283035516739 1
1762517247064 0.14710171520709991 2
1762517247091 0.1380200982093811 3
1762517247124 0.12149562686681747 4
1762517247153 0.10879139602184296 5
1762517247180 0.09836769104003906 6
1762517247197 0.08511562645435333 7
1762517247241 0.07795080542564392 8
1762517247264 0.072054423391819 9
1762517247297 0.07083028554916382 10
1762517247314 0.06822708994150162 11
1762517247355 0.06640627235174179 12
1762517247380 0.06804566085338593 13
1762517247397 0.06671132147312164 14
1762517247430 0.06446140259504318 15
1762517247464 0.06651732325553894 16
1762517247501 0.06524183601140976 17
1762517247517 0.07742727547883987 18
1762517247547 0.06562601774930954 19
1762517247581 0.0715428963303566 20
1762517247614 0.06758333742618561 21
1762517247630 0.06597091257572174 22
1762517247670 0.07069233059883118 23
1762517247698 0.0636245533823967 24
1762517247714 0.0655243992805481 25
1762517247754 0.06526264548301697 26
1762517247782 0.06585396826267242 27
1762517247799 0.06407830119132996 28
1762517247830 0.06185278668999672 29
1762517247864 0.06162627786397934 30
1762517247898 0.06353648006916046 31
1762517247914 0.06179734691977501 32
1762517247950 0.059591539204120636 33
1762517247985 0.060245439410209656 34
1762517248013 0.06038811430335045 35
1762517248030 0.061344679445028305 36
1762517248064 0.061761755496263504 37
1762517248099 0.05953695997595787 38
1762517248126 0.059133727103471756 39
1762517248152 0.06194811686873436 40
1762517248180 0.059544637799263 41
1762517248210 0.05808252841234207 42
1762517248239 0.05846172943711281 43
1762517248264 0.05836932733654976 44
1762517248280 0.056377194821834564 45
1762517248323 0.05844053626060486 46
1762517248347 0.0592392161488533 47
1762517248379 0.05707555264234543 48
1762517248404 0.058318331837654114 49
1762517248436 0.05482596158981323 50
1762517248463 0.05616828054189682 51
1762517248480 0.05671713128685951 52
1762517248519 0.05428653955459595 53
1762517248547 0.05632074922323227 54
1762517248564 0.055176857858896255 55
1762517248605 0.053120918571949005 56
1762517248630 0.05335539951920509 57
1762517248657 0.05193547531962395 58
1762517248680 0.05353418365120888 59
1762517248714 0.051649309694767 60
1762517248730 0.05239865928888321 61
1762517248767 0.05127589404582977 62
1762517248797 0.052864477038383484 63
1762517248830 0.05206780135631561 64
1762517248859 0.05210670828819275 65
1762517248880 0.049491673707962036 66
1762517248914 0.0509161651134491 67
1762517248930 0.051206860691308975 68
1762517248973 0.05094039440155029 69
1762517249001 0.04877588152885437 70
1762517249029 0.05020621418952942 71
1762517249047 0.04898544400930405 72
1762517249080 0.04827060550451279 73
1762517249114 0.04837688431143761 74
1762517249147 0.048470716923475266 75
1762517249164 0.04813787341117859 76
1762517249197 0.04747752472758293 77
1762517249230 0.04847429320216179 78
1762517249261 0.048019442707300186 79
1762517249289 0.0473778136074543 80
1762517249314 0.0469442717730999 81
1762517249347 0.04755118861794472 82
1762517249380 0.04658760130405426 83
1762517249407 0.04724656790494919 84
1762517249430 0.04699401929974556 85
1762517249464 0.0470259003341198 86
1762517249497 0.04668932035565376 87
1762517249525 0.04596922546625137 88
1762517249549 0.04663262143731117 89
1762517249581 0.04618195444345474 90
1762517249611 0.04666878283023834 91
1762517249630 0.046208515763282776 92
1762517249666 0.04656189680099487 93
1762517249680 0.045848239213228226 94
1762517249723 0.045766472816467285 95
1762517249751 0.04596833884716034 96
1762517249766 0.04610976576805115 97
1762517249797 0.04619516432285309 98
