1762517247041 0.045263491570949554 1
1762517247074 0.039430584758520126 2
1762517247097 0.03516467660665512 3
1762517247132 0.027002429589629173 4
1762517247157 0.02126968838274479 5
1762517247192 0.017600752413272858 6
1762517247214 0.014009014703333378 7
1762517247249 0.01191018894314766 8
1762517247264 0.010445261374115944 9
1762517247297 0.010188146494328976 10
1762517247335 0.009899175725877285 11
1762517247363 0.009136373177170753 12
1762517247380 0.009215349331498146 13
1762517247414 0.009105280973017216 14
1762517247447 0.008912663906812668 15
1762517247480 0.009610258974134922 16
1762517247509 0.008867953903973103 17
1762517247530 0.012631491757929325 18
1762517247564 0.008963216096162796 19
1762517247581 0.010647589340806007 20
1762517247614 0.010229794308543205 21
1762517247648 0.00925508327782154 22
1762517247673 0.010752533562481403 23
1762517247698 0.008596021682024002 24
1762517247730 0.008872450329363346 25
1762517247762 0.009503650479018688 26
1762517247782 0.009658671915531158 27
1762517247814 0.009054296649992466 28
1762517247849 0.008145061321556568 29
1762517247864 0.008138478733599186 30
1762517247906 0.008769219741225243 31
1762517247930 0.008370216004550457 32
1762517247964 0.007835094816982746 33
1762517247993 0.007922513410449028 34
1762517248018 0.007840692065656185 35
1762517248047 0.008587728254497051 36
1762517248064 0.0084105608984828 37
1762517248107 0.00790408905595541 38
1762517248130 0.007557479664683342 39
1762517248152 0.008341783657670021 40
1762517248180 0.007738690823316574 41
1762517248219 0.007544070016592741 42
1762517248247 0.007469364907592535 43
1762517248264 0.007458551321178675 44
1762517248303 0.006979737430810928 45
1762517248330 0.007458532694727182 46
1762517248353 0.007628563325852156 47
1762517248380 0.007272802758961916 48
1762517248414 0.007615653332322836 49
1762517248439 0.006728245411068201 50
1762517248464 0.007063135039061308 51
1762517248497 0.00711486442014575 52
1762517248527 0.0067200688645243645 53
1762517248555 0.006973929237574339 54
1762517248581 0.0068108998239040375 55
1762517248614 0.006462938152253628 56
1762517248630 0.006562706083059311 57
1762517248664 0.006351188290864229 58
1762517248697 0.006758435629308224 59
1762517248714 0.0061952779069542885 60
1762517248754 0.006276193540543318 61
1762517248780 0.006181375589221716 62
1762517248808 0.006413757335394621 63
1762517248830 0.00634519150480628 64
1762517248867 0.006265104282647371 65
1762517248880 0.005822823848575354 66
1762517248914 0.0061158910393714905 67
1762517248947 0.006160597316920757 68
1762517248980 0.0061086928471922874 69
1762517249009 0.005711264908313751 70
1762517249033 0.006102717015892267 71
1762517249064 0.005795540753751993 72
1762517249097 0.005588081665337086 73
1762517249130 0.005718590226024389 74
1762517249147 0.005769075360149145 75
1762517249186 0.005675622262060642 76
1762517249213 0.005673821084201336 77
1762517249230 0.005691873375326395 78
1762517249269 0.005657505709677935 79
1762517249299 0.005478573031723499 80
1762517249330 0.00545733654871583 81
1762517249364 0.005536985117942095 82
1762517249380 0.005404875613749027 83
1762517249414 0.005542319267988205 84
1762517249447 0.005495956167578697 85
1762517249464 0.005544683430343866 86
1762517249505 0.005453882273286581 87
1762517249534 0.005217148456722498 88
1762517249549 0.0053815655410289764 89
1762517249581 0.005401676055043936 90
1762517249619 0.005493526812642813 91
1762517249647 0.005391691345721483 92
1762517249666 0.005395845510065556 93
1762517249697 0.005291423294693232 94
1762517249731 0.005287638865411282 95
1762517249751 0.0052360487170517445 96
1762517249780 0.0053215958178043365 97
1762517249816 0.005444145295768976 98
