1762283378728 0.026402609422802925 1
1762283378738 0.011261842213571072 2
1762283378747 0.010051710531115532 3
1762283378755 0.009364684112370014 4
1762283378761 0.008860331028699875 5
1762283378761 0.008448508568108082 6
1762283378783 0.008139453828334808 7
1762283378790 0.007947159931063652 8
1762283378799 0.00772793497890234 9
1762283378807 0.007442252244800329 10
1762283378818 0.0072669535875320435 11
1762283378820 0.007256468757987022 12
1762283378820 0.007530380506068468 13
1762283378836 0.007438304368406534 14
1762283378836 0.007185352500528097 15
1762283378851 0.0072564370930194855 16
1762283378851 0.0071931458078324795 17
1762283378867 0.007093016989529133 18
1762283378867 0.007237759884446859 19
1762283378889 0.007201758679002523 20
1762283378896 0.0072316634468734264 21
1762283378898 0.007173240650445223 22
1762283378898 0.007058639544993639 23
1762283378921 0.00690262857824564 24
1762283378929 0.006834252737462521 25
1762283378929 0.006793422624468803 26
1762283378944 0.0067202188074588776 27
1762283378944 0.006672140210866928 28
1762283378960 0.006602745037525892 29
1762283378960 0.006579981651157141 30
1762283378960 0.006506590638309717 31
1762283378975 0.006525502540171146 32
1762283378975 0.006430691108107567 33
1762283378998 0.006386814638972282 34
1762283379006 0.006338951177895069 35
1762283379014 0.006269186269491911 36
1762283379021 0.006594316102564335 37
1762283379023 0.006318521220237017 38
1762283379023 0.006263472139835358 39
1762283379047 0.00625678850337863 40
1762283379055 0.006199818104505539 41
1762283379063 0.006155188195407391 42
1762283379073 0.006181767676025629 43
1762283379075 0.006132570561021566 44
1762283379075 0.0060732075944542885 45
1762283379097 0.00598312309011817 46
1762283379105 0.006127963308244944 47
1762283379113 0.005988165736198425 48
1762283379121 0.005891643464565277 49
1762283379129 0.005855313502252102 50
1762283379137 0.005827207583934069 51
1762283379145 0.00582980876788497 52
1762283379147 0.00585390767082572 53
1762283379147 0.006032448261976242 54
1762283379162 0.00592639297246933 55
1762283379162 0.00588934076949954 56
1762283379178 0.0057786148972809315 57
1762283379178 0.00578420702368021 58
1762283379200 0.005954817868769169 59
1762283379208 0.005848901811987162 60
1762283379210 0.005854596383869648 61
1762283379210 0.00580134242773056 62
1762283379226 0.005764489993453026 63
1762283379226 0.005677198991179466 64
1762283379247 0.005706018302589655 65
1762283379255 0.005793210119009018 66
1762283379256 0.005673783831298351 67
1762283379256 0.0056112282909452915 68
1762283379272 0.005627516191452742 69
1762283379288 0.00552525045350194 70
1762283379288 0.005475208163261414 71
1762283379303 0.005472087301313877 72
1762283379303 0.0055120838806033134 73
1762283379321 0.005589245352894068 74
1762283379329 0.005534379277378321 75
1762283379339 0.005439860746264458 76
1762283379346 0.0053865946829319 77
1762283379355 0.005335449706763029 78
1762283379363 0.00546258082613349 79
1762283379373 0.005334353074431419 80
1762283379376 0.005457976832985878 81
1762283379391 0.005418844986706972 82
1762283379391 0.005346578545868397 83
1762283379411 0.005254940129816532 84
1762283379421 0.005410659592598677 85
1762283379429 0.0052210669964551926 86
