1762284174119 0.033191174268722534 1
1762284174119 0.009053202345967293 2
1762284174143 0.008241802453994751 3
1762284174151 0.007762731518596411 4
1762284174158 0.00731742475181818 5
1762284174158 0.0070312172174453735 6
1762284174174 0.006784211378544569 7
1762284174174 0.006566785275936127 8
1762284174195 0.0064022121950984 9
1762284174203 0.0062586646527051926 10
1762284174211 0.00615666015073657 11
1762284174218 0.006020464934408665 12
1762284174226 0.005953602492809296 13
1762284174234 0.005867824424058199 14
1762284174235 0.005814827047288418 15
1762284174235 0.005745510570704937 16
1762284174250 0.005721817258745432 17
1762284174250 0.00567298149690032 18
1762284174266 0.005649987608194351 19
1762284174266 0.0056036836467683315 20
1762284174282 0.005586833693087101 21
1762284174297 0.005556108895689249 22
1762284174305 0.005520972423255444 23
1762284174314 0.005519331898540258 24
1762284174323 0.005497487261891365 25
1762284174331 0.005465391092002392 26
1762284174339 0.0054841903038322926 27
1762284174347 0.005473261699080467 28
1762284174355 0.005431418772786856 29
1762284174363 0.005428557749837637 30
1762284174371 0.005364750977605581 31
1762284174379 0.0053971330635249615 32
1762284174386 0.005307883955538273 33
1762284174389 0.005271400325000286 34
1762284174389 0.005265400279313326 35
1762284174405 0.005245454143732786 36
1762284174405 0.0051878527738153934 37
1762284174420 0.005133196711540222 38
1762284174420 0.0051393830217421055 39
1762284174436 0.0050575281493365765 40
1762284174436 0.005084328819066286 41
1762284174458 0.005040463525801897 42
1762284174466 0.004983020480722189 43
1762284174469 0.004898752551525831 44
1762284174469 0.004856026731431484 45
1762284174485 0.004889830481261015 46
1762284174485 0.0048469435423612595 47
1762284174500 0.004798993933945894 48
1762284174500 0.004766562022268772 49
1762284174516 0.004733507055789232 50
1762284174516 0.004683539737015963 51
1762284174531 0.004674366209656 52
1762284174531 0.004634966142475605 53
1762284174551 0.0046417261473834515 54
1762284174559 0.00465341005474329 55
1762284174562 0.004657516721636057 56
1762284174562 0.004624736029654741 57
1762284174578 0.004596313927322626 58
1762284174578 0.00456553278490901 59
1762284174594 0.0045620109885931015 60
1762284174594 0.004525742027908564 61
1762284174609 0.004488850943744183 62
1762284174609 0.004458488896489143 63
1762284174625 0.00448131188750267 64
1762284174625 0.004480454605072737 65
1762284174645 0.004468301776796579 66
1762284174652 0.0044265552423894405 67
1762284174661 0.004438057541847229 68
1762284174670 0.0044367932714521885 69
1762284174678 0.004457078408449888 70
1762284174686 0.004441693890839815 71
1762284174694 0.004445970058441162 72
1762284174702 0.004336177837103605 73
1762284174707 0.004322621040046215 74
1762284174707 0.004328727722167969 75
1762284174723 0.0043289996683597565 76
1762284174723 0.0042924946174025536 77
1762284174738 0.004300370812416077 78
1762284174738 0.004253118298947811 79
1762284174754 0.004252463113516569 80
1762284174754 0.004286093637347221 81
1762284174772 0.004254945088177919 82
1762284174780 0.004264611750841141 83
1762284174788 0.004213943611830473 84
1762284174795 0.004193187691271305 85
1762284174797 0.004260331857949495 86
1762284174797 0.004176803398877382 87
1762284174813 0.004146874416619539 88
1762284174813 0.0041566276922822 89
1762284174828 0.004140261560678482 90
1762284174828 0.00410887598991394 91
1762284174844 0.004087864886969328 92
1762284174858 0.004101466853171587 93
1762284174866 0.004089790396392345 94
1762284174873 0.004056493751704693 95
1762284174881 0.004066488239914179 96
1762284174889 0.0040548681281507015 97
1762284174897 0.004029312636703253 98
1762284174904 0.0040209670551121235 99
1762284174906 0.004010880831629038 100
