1762940081376 9.999999747378752e-06 1
1762940081412 5.949999831500463e-05 2
1762940081444 0.00010900000052060932 3
1762940081490 0.0001584999990882352 4
1762940081522 0.00020799999765586108 5
1762940081553 0.0002575000107754022 6
1762940081603 0.00030700000934302807 7
1762940081640 0.00035650000791065395 8
1762940081676 0.00040600000647827983 9
1762940081712 0.0004555000050459057 10
1762940081744 0.0005050000036135316 11
1762940081775 0.000554499973077327 12
1762940081814 0.0006040000007487833 13
1762940081837 0.0006535000284202397 14
1762940081868 0.0007029999978840351 15
1762940081917 0.0007525000255554914 16
1762940081953 0.0008019999950192869 17
1762940081977 0.0008515000226907432 18
1762940082009 0.0009009999921545386 19
1762940082058 0.000950500019825995 20
1762940082093 0.0010000000474974513 21
1762940082124 0.0009996530134230852 22
1762940082156 0.0009986128425225616 23
1762940082187 0.0009968808153644204 24
1762940082238 0.0009944597259163857 25
1762940082262 0.0009913534158840775 26
1762940082293 0.0009875664254650474 27
1762940082324 0.00098310480825603 28
1762940082377 0.0009779754327610135 29
1762940082400 0.00097218609880656 30
1762940082449 0.0009657457703724504 31
1762940082478 0.0009586644009687006 32
1762940082509 0.0009509529336355627 33
1762940082550 0.0009426231845282018 34
1762940082587 0.0009336880757473409 35
1762940082618 0.0009241613443009555 36
1762940082649 0.0009140576585195959 37
1762940082681 0.0009033926180563867 38
1762940082712 0.0008921826956793666 39
1762940082759 0.0008804451208561659 40
1762940082791 0.0008681980543769896 41
1762940082822 0.0008554603555239737 42
1762940082866 0.000842251640278846 43
