1762940145674 0.06038963794708252 1
1762940145687 0.031226014718413353 2
1762940145688 0.030274197459220886 3
1762940145700 0.029714176431298256 4
1762940145716 0.029535802081227303 5
1762940145726 0.029530979692935944 6
1762940145735 0.02932770550251007 7
1762940145744 0.02934112213551998 8
1762940145753 0.029407842084765434 9
1762940145760 0.029376544058322906 10
1762940145760 0.02940460480749607 11
1762940145776 0.029272058978676796 12
1762940145776 0.029301807284355164 13
1762940145791 0.029291609302163124 14
1762940145791 0.02926669828593731 15
1762940145807 0.0292605459690094 16
1762940145823 0.029300019145011902 17
1762940145823 0.02927621826529503 18
1762940145838 0.029244782403111458 19
1762940145838 0.029269302263855934 20
1762940145860 0.029233383014798164 21
1762940145868 0.029270555824041367 22
1762940145869 0.02927377074956894 23
1762940145885 0.0292582418769598 24
1762940145885 0.029242102056741714 25
1762940145900 0.02926204726099968 26
1762940145900 0.029252590611577034 27
