1762940328511 0.037153322249650955 1
1762940328511 0.029176093637943268 2
1762940328530 0.029125718399882317 3
1762940328539 0.028927767649292946 4
1762940328549 0.02876264788210392 5
1762940328558 0.028196269646286964 6
1762940328567 0.027832334861159325 7
1762940328569 0.026255279779434204 8
1762940328585 0.025684904307127 9
1762940328585 0.02421512082219124 10
1762940328601 0.022720884531736374 11
1762940328601 0.0216908548027277 12
1762940328616 0.021459214389324188 13
1762940328616 0.02120301127433777 14
1762940328632 0.021053167060017586 15
1762940328632 0.020974960178136826 16
1762940328648 0.020882854238152504 17
1762940328664 0.02080083265900612 18
1762940328673 0.0207071416079998 19
1762940328680 0.020712457597255707 20
1762940328680 0.020664872601628304 21
1762940328700 0.02063731849193573 22
1762940328709 0.02057315967977047 23
1762940328717 0.020545722916722298 24
1762940328724 0.0205059964209795 25
1762940328724 0.020521914586424828 26
1762940328744 0.020458830520510674 27
1762940328752 0.020474063232541084 28
1762940328761 0.020466273650527 29
1762940328770 0.020404867827892303 30
1762940328779 0.020376790314912796 31
1762940328787 0.020403649657964706 32
1762940328788 0.020386645570397377 33
1762940328804 0.020351475104689598 34
1762940328804 0.020322157070040703 35
1762940328820 0.020310334861278534 36
1762940328820 0.020294107496738434 37
1762940328835 0.020279355347156525 38
1762940328835 0.020267436280846596 39
1762940328851 0.02024916559457779 40
1762940328867 0.0202427227050066 41
1762940328876 0.020220788195729256 42
1762940328885 0.020185111090540886 43
1762940328894 0.020218679681420326 44
1762940328898 0.02017464116215706 45
1762940328898 0.02016226015985012 46
1762940328914 0.020134320482611656 47
1762940328914 0.020129011943936348 48
1762940328938 0.020116399973630905 49
1762940328947 0.020085304975509644 50
1762940328957 0.02002773992717266 51
1762940328958 0.020036712288856506 52
1762940328973 0.020012320950627327 53
1762940328973 0.020000997930765152 54
1762940328989 0.01996387168765068 55
1762940328989 0.019972587004303932 56
1762940329011 0.01993424817919731 57
1762940329019 0.01992999017238617 58
1762940329024 0.019906561821699142 59
1762940329024 0.019894611090421677 60
1762940329040 0.019906967878341675 61
1762940329040 0.01988193951547146 62
1762940329056 0.01983175426721573 63
1762940329071 0.019820723682641983 64
1762940329071 0.019844328984618187 65
1762940329091 0.019817907363176346 66
1762940329100 0.019823048263788223 67
1762940329108 0.01978638395667076 68
1762940329117 0.01978660374879837 69
1762940329117 0.019757680594921112 70
1762940329133 0.0197470523416996 71
1762940329133 0.019750118255615234 72
1762940329148 0.01970941573381424 73
1762940329148 0.01974663697183132 74
1762940329164 0.019683819264173508 75
1762940329164 0.019725166261196136 76
1762940329180 0.019701601937413216 77
1762940329195 0.019677406176924706 78
1762940329195 0.019684383645653725 79
1762940329214 0.019690196961164474 80
1762940329222 0.019675228744745255 81
1762940329231 0.01963561587035656 82
1762940329240 0.019639097154140472 83
1762940329249 0.019652575254440308 84
1762940329257 0.0196144487708807 85
1762940329266 0.01963028497993946 86
1762940329273 0.019610462710261345 87
1762940329273 0.01957850344479084 88
1762940329289 0.01959945447742939 89
1762940329289 0.019579965621232986 90
1762940329305 0.019633186981081963 91
1762940329321 0.019573088735342026 92
1762940329330 0.019542427733540535 93
1762940329338 0.01957465521991253 94
1762940329341 0.019549859687685966 95
1762940329357 0.019517311826348305 96
1762940329357 0.019567256793379784 97
1762940329372 0.019503256306052208 98
1762940329372 0.01949205808341503 99
1762940329388 0.01946137100458145 100
