1762940081350 0.8399092555046082 1
1762940081388 0.6821252107620239 2
1762940081412 0.5033637881278992 3
1762940081459 0.38984525203704834 4
1762940081506 0.31482768058776855 5
1762940081537 0.25713303685188293 6
1762940081569 0.22229130566120148 7
1762940081603 0.19966664910316467 8
1762940081645 0.1895989179611206 9
1762940081676 0.18141745030879974 10
1762940081712 0.1738516241312027 11
1762940081744 0.16825342178344727 12
1762940081791 0.16115036606788635 13
1762940081822 0.1548515260219574 14
1762940081853 0.14852803945541382 15
1762940081889 0.146205335855484 16
1762940081927 0.1414923518896103 17
1762940081962 0.13722504675388336 18
1762940081993 0.13499225676059723 19
1762940082024 0.13332204520702362 20
1762940082062 0.1300780028104782 21
1762940082093 0.12863776087760925 22
1762940082124 0.12746788561344147 23
1762940082171 0.1255471259355545 24
1762940082202 0.12534651160240173 25
1762940082246 0.12427898496389389 26
1762940082277 0.12350522726774216 27
1762940082309 0.12267888337373734 28
1762940082351 0.12105938047170639 29
1762940082384 0.12081418186426163 30
1762940082416 0.11963079124689102 31
1762940082458 0.11973325163125992 32
1762940082478 0.11933869868516922 33
1762940082525 0.1192476823925972 34
1762940082561 0.11911821365356445 35
1762940082587 0.11873270571231842 36
1762940082618 0.11780772358179092 37
1762940082665 0.11740601062774658 38
1762940082696 0.11732976138591766 39
1762940082727 0.1164049282670021 40
1762940082769 0.11654315143823624 41
1762940082791 0.1163388267159462 42
1762940082838 0.11625797301530838 43
