1762940081351 1.1170058250427246 1
1762940081393 0.7440004944801331 2
1762940081428 0.4145375192165375 3
1762940081475 0.25020644068717957 4
1762940081506 0.1641962081193924 5
1762940081537 0.10840506106615067 6
1762940081569 0.0806032195687294 7
1762940081619 0.06463155895471573 8
1762940081645 0.058305587619543076 9
1762940081692 0.05347118899226189 10
1762940081728 0.04876960441470146 11
1762940081759 0.04580134525895119 12
1762940081796 0.04168308898806572 13
1762940081822 0.039106909185647964 14
1762940081853 0.035965509712696075 15
1762940081895 0.03509227931499481 16
1762940081933 0.0333399623632431 17
1762940081962 0.031601209193468094 18
1762940081993 0.031098350882530212 19
1762940082024 0.030166393145918846 20
1762940082062 0.029127923771739006 21
1762940082093 0.02858518622815609 22
1762940082140 0.02843821793794632 23
1762940082171 0.02753608301281929 24
1762940082202 0.027826182544231415 25
1762940082251 0.027219677343964577 26
1762940082277 0.027048775926232338 27
1762940082309 0.026840761303901672 28
1762940082357 0.026184095069766045 29
1762940082384 0.02617012709379196 30
1762940082416 0.02574446052312851 31
1762940082462 0.025858448818325996 32
1762940082493 0.02575492486357689 33
1762940082525 0.025699343532323837 34
1762940082566 0.025578869506716728 35
1762940082602 0.025429939851164818 36
1762940082634 0.02532612346112728 37
1762940082665 0.024972794577479362 38
1762940082696 0.025225508958101273 39
1762940082727 0.024890311062335968 40
1762940082773 0.024767115712165833 41
1762940082806 0.024717342108488083 42
1762940082838 0.025060830637812614 43
