1762311559874 0.02699049934744835 1
1762311559883 0.010194851085543633 2
1762311559893 0.008012216538190842 3
1762311559903 0.006886179093271494 4
1762311559903 0.0061740027740597725 5
1762311559922 0.005692369770258665 6
1762311559930 0.005408076103776693 7
1762311559938 0.0051620230078697205 8
1762311559946 0.004948151297867298 9
1762311559955 0.004827822558581829 10
1762311559962 0.004762969445437193 11
1762311559970 0.0047100866213440895 12
1762311559970 0.004630540031939745 13
1762311559985 0.004603008273988962 14
1762311559985 0.004603096749633551 15
1762311560003 0.004540993832051754 16
1762311560011 0.004523327574133873 17
1762311560019 0.004511132370680571 18
1762311560027 0.004523937124758959 19
1762311560035 0.004521127324551344 20
1762311560036 0.004532366991043091 21
1762311560036 0.00446392921730876 22
1762311560059 0.00447653466835618 23
1762311560067 0.004513956140726805 24
1762311560068 0.004479492548853159 25
1762311560068 0.004432549234479666 26
1762311560091 0.004418923053890467 27
1762311560098 0.004482659511268139 28
1762311560107 0.004437955562025309 29
1762311560115 0.004503859207034111 30
1762311560115 0.004424851853400469 31
1762311560131 0.0044104550033807755 32
1762311560131 0.004408729262650013 33
1762311560148 0.004374766256660223 34
1762311560156 0.004393343348056078 35
1762311560164 0.004385259468108416 36
1762311560172 0.004406517371535301 37
1762311560180 0.004359157290309668 38
1762311560186 0.004339314065873623 39
1762311560186 0.004412583075463772 40
1762311560205 0.0043806456960737705 41
1762311560212 0.004347434267401695 42
1762311560220 0.004370992537587881 43
1762311560228 0.004373286385089159 44
1762311560237 0.00436202809214592 45
1762311560245 0.004349165130406618 46
