1762311994461 0.04501451179385185 1
1762311994471 0.014130025170743465 2
1762311994472 0.008686319924890995 3
1762311994488 0.0065369876101613045 4
1762311994498 0.005486514884978533 5
1762311994507 0.00505084777250886 6
1762311994515 0.004781002178788185 7
1762311994523 0.00465793302282691 8
1762311994531 0.004505472257733345 9
1762311994540 0.004450245760381222 10
1762311994547 0.004425003193318844 11
1762311994557 0.004310549236834049 12
1762311994565 0.004286468960344791 13
1762311994573 0.004250657744705677 14
1762311994581 0.0042106593027710915 15
1762311994588 0.004202898126095533 16
1762311994588 0.004198761191219091 17
1762311994603 0.004115926567465067 18
1762311994603 0.004091948736459017 19
1762311994619 0.004065680783241987 20
1762311994619 0.004042644053697586 21
1762311994639 0.004040881060063839 22
1762311994647 0.004059918690472841 23
1762311994655 0.004005176946520805 24
1762311994655 0.003996668383479118 25
1762311994671 0.003912841435521841 26
1762311994679 0.003915583714842796 27
1762311994687 0.003886086167767644 28
1762311994688 0.003917199559509754 29
1762311994703 0.003828370710834861 30
1762311994711 0.0038455056492239237 31
1762311994719 0.0038361058104783297 32
1762311994727 0.0037330954801291227 33
1762311994734 0.0037483887281268835 34
1762311994734 0.0037062461487948895 35
1762311994750 0.0036654947325587273 36
1762311994750 0.0035988495219498873 37
1762311994767 0.0035460556391626596 38
1762311994775 0.003529628273099661 39
1762311994783 0.003456732491031289 40
1762311994791 0.003413186175748706 41
1762311994797 0.003366782097145915 42
1762311994797 0.003289154265075922 43
1762311994813 0.0032891929149627686 44
1762311994813 0.003270221408456564 45
1762311994828 0.0032301058527082205 46
1762311994828 0.003094163490459323 47
1762311994844 0.003125252667814493 48
1762311994844 0.0030543478205800056 49
1762311994860 0.003039091359823942 50
1762311994860 0.0029936807695776224 51
1762311994875 0.002955533331260085 52
1762311994875 0.002925567328929901 53
1762311994891 0.002901490079239011 54
1762311994891 0.0028566725086420774 55
1762311994909 0.002824013587087393 56
1762311994917 0.0027813154738396406 57
1762311994925 0.002756818663328886 58
1762311994933 0.002757407957687974 59
1762311994941 0.0027420378755778074 60
1762311994949 0.002708221785724163 61
1762311994957 0.002647324465215206 62
1762311994965 0.002614391501992941 63
1762311994971 0.002612935146316886 64
1762311994971 0.0025970793794840574 65
1762311994987 0.0025146668776869774 66
1762311994987 0.002499355236068368 67
1762311995006 0.0024584648199379444 68
1762311995014 0.0024587642401456833 69
1762311995016 0.0024282350204885006 70
1762311995016 0.002435356844216585 71
1762311995038 0.002383853541687131 72
1762311995046 0.0023549094330519438 73
1762311995054 0.0023434520699083805 74
1762311995062 0.0023237839341163635 75
1762311995063 0.0022699821274727583 76
1762311995063 0.002235099207609892 77
1762311995078 0.0022644621785730124 78
1762311995078 0.0022013091947883368 79
1762311995102 0.0021784482523798943 80
1762311995110 0.0020821732468903065 81
1762311995118 0.0021182296331971884 82
1762311995126 0.002118826610967517 83
1762311995134 0.00211832532659173 84
1762311995138 0.002044523134827614 85
1762311995138 0.002026490168645978 86
1762311995154 0.001974518410861492 87
1762311995154 0.0020206256303936243 88
1762311995170 0.0019755535759031773 89
1762311995170 0.001964097609743476 90
1762311995185 0.00193868950009346 91
1762311995185 0.0019018888706341386 92
1762311995201 0.001905161770991981 93
1762311995201 0.0018724860856309533 94
1762311995216 0.0018728546565398574 95
1762311995216 0.0019216060172766447 96
1762311995236 0.0018582481425255537 97
1762311995244 0.001876027206890285 98
1762311995253 0.001818460994400084 99
1762311995261 0.0017778124893084168 100
