1762367216885 0.049186963587999344 1
1762367216888 0.01497836783528328 2
1762367216900 0.009090110659599304 3
1762367216900 0.006575228646397591 4
1762367216915 0.005658416543155909 5
1762367216930 0.005076543893665075 6
1762367216939 0.004840816371142864 7
1762367216947 0.004602371249347925 8
1762367216956 0.004567526280879974 9
1762367216964 0.0044194492511451244 10
1762367216964 0.004441999364644289 11
1762367216980 0.004280913155525923 12
1762367216980 0.004396679811179638 13
1762367216996 0.0043296655640006065 14
1762367216998 0.004330888856202364 15
1762367217014 0.0042606014758348465 16
1762367217015 0.0042518810369074345 17
1762367217031 0.004205436911433935 18
1762367217032 0.004191302694380283 19
1762367217047 0.004204757045954466 20
1762367217048 0.004162327386438847 21
1762367217064 0.004233360290527344 22
1762367217065 0.004053181502968073 23
1762367217065 0.0040658521465957165 24
1762367217081 0.004066655412316322 25
1762367217081 0.0040382989682257175 26
1762367217097 0.003983138594776392 27
1762367217097 0.003915136214345694 28
1762367217114 0.003961719572544098 29
1762367217114 0.003920764196664095 30
1762367217130 0.0039759124629199505 31
1762367217130 0.0038267825730144978 32
1762367217148 0.0038082380779087543 33
1762367217148 0.003768102265894413 34
1762367217165 0.003703552531078458 35
1762367217165 0.003678887616842985 36
1762367217181 0.0035942380782216787 37
1762367217181 0.0036374994087964296 38
1762367217198 0.0035701587330549955 39
1762367217198 0.0035759955644607544 40
1762367217214 0.0034859273582696915 41
1762367217214 0.003459620289504528 42
1762367217236 0.0034597290214151144 43
1762367217245 0.0034090736880898476 44
1762367217253 0.0033756126649677753 45
1762367217261 0.0033606840297579765 46
1762367217264 0.0032656113617122173 47
1762367217264 0.0032489700242877007 48
1762367217280 0.003206465160474181 49
1762367217280 0.0031443010084331036 50
1762367217295 0.0032078379299491644 51
1762367217295 0.0031246491707861423 52
1762367217311 0.0030734343454241753 53
1762367217327 0.0029709734953939915 54
1762367217327 0.0030116678681224585 55
1762367217342 0.0030181091278791428 56
1762367217342 0.0029274453409016132 57
1762367217358 0.0028912739362567663 58
1762367217358 0.0028631812892854214 59
1762367217374 0.0028378686401993036 60
1762367217374 0.0028109552804380655 61
1762367217389 0.0027770695742219687 62
1762367217389 0.002778354799374938 63
1762367217405 0.0026966992300003767 64
1762367217405 0.0026706275530159473 65
1762367217420 0.0027002310380339622 66
1762367217420 0.002612324198707938 67
1762367217436 0.002589115407317877 68
1762367217436 0.0026021881494671106 69
1762367217452 0.0025493050925433636 70
1762367217452 0.0025117513723671436 71
1762367217467 0.002522567054256797 72
1762367217483 0.0024622215423732996 73
1762367217483 0.002392333699390292 74
1762367217499 0.002408510074019432 75
1762367217499 0.0023728583473712206 76
1762367217514 0.00232586357742548 77
1762367217514 0.002380624646320939 78
1762367217530 0.00229840399697423 79
1762367217530 0.0022729034535586834 80
1762367217545 0.0022678463719785213 81
1762367217545 0.0022053031716495752 82
1762367217561 0.002171035623177886 83
1762367217567 0.0021934835240244865 84
1762367217567 0.0021361184772104025 85
1762367217583 0.0021112333051860332 86
1762367217583 0.002069680020213127 87
1762367217598 0.0020605234894901514 88
1762367217598 0.0020582913421094418 89
1762367217614 0.002066782210022211 90
1762367217614 0.001988396979868412 91
1762367217630 0.0019510331330820918 92
1762367217630 0.0019246499286964536 93
1762367217645 0.0019240473629906774 94
1762367217645 0.0018836692906916142 95
1762367217661 0.001895152498036623 96
1762367217661 0.0018428592011332512 97
1762367217677 0.0018444765591993928 98
1762367217677 0.0018502012826502323 99
1762367217692 0.0018555708229541779 100
