1762366585653 0.021569155156612396 1
1762366585666 0.009135855361819267 2
1762366585671 0.0077780731953680515 3
1762366585683 0.007322814781218767 4
1762366585683 0.006706243846565485 5
1762366585699 0.006508370861411095 6
1762366585699 0.006235357373952866 7
1762366585720 0.006223674863576889 8
1762366585728 0.006003186572343111 9
1762366585736 0.005703550297766924 10
1762366585744 0.005507327150553465 11
1762366585748 0.0055665974505245686 12
1762366585748 0.005285404622554779 13
1762366585764 0.005473158322274685 14
1762366585764 0.005393539555370808 15
1762366585780 0.005217035301029682 16
1762366585780 0.005452138837426901 17
1762366585795 0.005070424638688564 18
1762366585795 0.005051108542829752 19
1762366585811 0.00507074361667037 20
1762366585811 0.004970833193510771 21
1762366585826 0.005018047522753477 22
1762366585842 0.004948331043124199 23
1762366585842 0.0050260270945727825 24
1762366585858 0.005151343531906605 25
1762366585858 0.005224340129643679 26
1762366585873 0.004848553333431482 27
1762366585873 0.004736984148621559 28
1762366585889 0.004694667179137468 29
1762366585898 0.00457954965531826 30
1762366585899 0.004586439114063978 31
1762366585914 0.004482094664126635 32
1762366585915 0.004505134653300047 33
1762366585915 0.004489318002015352 34
1762366585932 0.004416061565279961 35
1762366585948 0.004473170265555382 36
1762366585949 0.00433573592454195 37
1762366585965 0.004564295522868633 38
1762366585965 0.004425160586833954 39
1762366585981 0.004403086379170418 40
1762366585981 0.00440773693844676 41
1762366585998 0.0043518380261957645 42
1762366585999 0.004470267798751593 43
1762366586016 0.004373783245682716 44
1762366586031 0.004340524319559336 45
1762366586032 0.004442079458385706 46
1762366586048 0.004444897174835205 47
1762366586049 0.004351496230810881 48
1762366586065 0.0044273752719163895 49
1762366586065 0.0045435456559062 50
1762366586082 0.004491870757192373 51
1762366586090 0.0042982264421880245 52
1762366586099 0.004350112751126289 53
1762366586107 0.00454291608184576 54
1762366586115 0.004460709635168314 55
1762366586115 0.004326109774410725 56
1762366586131 0.004343501292169094 57
1762366586131 0.004327261354774237 58
1762366586148 0.004349429160356522 59
1762366586149 0.00434937933459878 60
1762366586166 0.004594573751091957 61
1762366586166 0.004389254841953516 62
