1762253878346 9.999999747378752e-06 1
1762253878372 5.949999831500463e-05 2
1762253878388 0.00010900000052060932 3
1762253878420 0.0001584999990882352 4
1762253878435 0.00020799999765586108 5
1762253878474 0.0002575000107754022 6
1762253878499 0.00030700000934302807 7
1762253878524 0.00035650000791065395 8
1762253878548 0.00040600000647827983 9
1762253878560 0.0004555000050459057 10
1762253878591 0.0005050000036135316 11
1762253878623 0.000554499973077327 12
1762253878638 0.0006040000007487833 13
1762253878669 0.0006535000284202397 14
1762253878699 0.0007029999978840351 15
1762253878717 0.0007525000255554914 16
1762253878748 0.0008019999950192869 17
1762253878763 0.0008515000226907432 18
1762253878799 0.0009009999921545386 19
1762253878810 0.000950500019825995 20
1762253878848 0.0010000000474974513 21
1762253878873 0.0009996530134230852 22
1762253878888 0.0009986128425225616 23
1762253878920 0.0009968808153644204 24
1762253878936 0.0009944597259163857 25
1762253878966 0.0009913534158840775 26
1762253878997 0.0009875664254650474 27
1762253879023 0.00098310480825603 28
1762253879047 0.0009779754327610135 29
1762253879072 0.00097218609880656 30
1762253879091 0.0009657457703724504 31
1762253879120 0.0009586644009687006 32
1762253879138 0.0009509529336355627 33
1762253879171 0.0009426231845282018 34
1762253879185 0.0009336880757473409 35
1762253879220 0.0009241613443009555 36
1762253879246 0.0009140576585195959 37
1762253879264 0.0009033926180563867 38
1762253879294 0.0008921826956793666 39
1762253879310 0.0008804451208561659 40
1762253879347 0.0008681980543769896 41
1762253879373 0.0008554603555239737 42
1762253879396 0.000842251640278846 43
1762253879419 0.0008285922813229263 44
1762253879435 0.0008145033498294652 45
1762253879466 0.0008000066154636443 46
1762253879481 0.0007851243717595935 47
1762253879512 0.0007698795525357127 48
1762253879544 0.0007542957318946719 49
1762253879559 0.0007383968913927674 50
1762253879593 0.0007222075364552438 51
1762253879618 0.0007057526963762939 52
1762253879638 0.0006890576332807541 53
1762253879670 0.00067214819137007 54
1762253879694 0.0006550503894686699 55
1762253879716 0.0006377906538546085 56
1762253879732 0.0006203955272212625 57
1762253879769 0.0006028918433003128 58
1762253879794 0.0005853066104464233 59
1762253879827 0.0005676668952219188 60
1762253879842 0.0005499999970197678 61
1762253879873 0.0005323330988176167 62
1762253879903 0.0005146933835931122 63
1762253879919 0.0004971081507392228 64
1762253879950 0.0004796044959221035 65
1762253879966 0.00046220936928875744 66
1762253879997 0.0004449495754670352 67
1762253880030 0.00042785180266946554 68
1762253880054 0.00041094236075878143 69
1762253880075 0.0003942473267670721 70
1762253880104 0.0003777924575842917 71
1762253880122 0.00036160313175059855 72
1762253880161 0.0003457042621448636 73
1762253880184 0.0003301204415038228 74
1762253880200 0.0003148756513837725 75
1762253880231 0.0002999934076797217 76
1762253880247 0.00028549664421007037 77
1762253880285 0.00027140771271660924 78
1762253880310 0.00025774838286451995 79
1762253880335 0.0002445396676193923 80
1762253880360 0.00023180195421446115 81
1762253880385 0.00021955487318336964 82
1762253880404 0.00020781731291208416 83
1762253880435 0.0001966073759831488 84
1762253880450 0.0001859423500718549 85
1762253880482 0.00017583867884241045 86
1762253880497 0.00016631193284410983 87
1762253880534 0.00015737679495941848 88
1762253880559 0.00014904706040397286 89
1762253880583 0.00014133557851891965 90
1762253880607 0.00013425420911516994 91
1762253880624 0.00012781389523297548 92
1762253880657 0.00012202456855447963 93
1762253880670 0.00011689514212775975 94
1762253880707 0.00011243353219470009 95
1762253880731 0.00010864662181120366 96
1762253880756 0.00010554024629527703 97
1762253880779 0.00010311919322703034 98
1762253880794 0.00010138720244867727 99
1762253880831 0.00010034693696070462 100
