1762254050272 0.02247537486255169 1
1762254050280 0.011629905551671982 2
1762254050291 0.009110291488468647 3
1762254050298 0.007834899239242077 4
1762254050306 0.007229515351355076 5
1762254050314 0.006665966939181089 6
1762254050322 0.006460726726800203 7
1762254050330 0.006265811622142792 8
1762254050336 0.006207174155861139 9
1762254050343 0.0061502959579229355 10
1762254050352 0.006099571939557791 11
1762254050358 0.006147861946374178 12
1762254050367 0.006117888726294041 13
1762254050374 0.00605541979894042 14
1762254050383 0.006014509126543999 15
1762254050390 0.0060702841728925705 16
1762254050397 0.00601238152012229 17
1762254050405 0.005982956849038601 18
1762254050412 0.005950114689767361 19
1762254050418 0.005978834815323353 20
1762254050418 0.005917376838624477 21
1762254050434 0.005984679330140352 22
1762254050441 0.005957460962235928 23
1762254050448 0.005919874180108309 24
1762254050449 0.005919734016060829 25
1762254050449 0.005890488158911467 26
1762254050464 0.005973753519356251 27
1762254050464 0.005879308097064495 28
1762254050480 0.005966867785900831 29
1762254050480 0.005863511469215155 30
1762254050496 0.00591756496578455 31
1762254050496 0.005866582039743662 32
1762254050511 0.005858348682522774 33
1762254050519 0.005816452205181122 34
1762254050526 0.005853896029293537 35
1762254050527 0.005885361228138208 36
1762254050527 0.0058382791467010975 37
1762254050547 0.0058533200062811375 38
1762254050554 0.005810820963233709 39
1762254050558 0.005831972695887089 40
1762254050558 0.005812858697026968 41
1762254050574 0.005807838402688503 42
1762254050574 0.005829857662320137 43
1762254050590 0.005839288700371981 44
1762254050590 0.005820672959089279 45
1762254050590 0.005808783229440451 46
1762254050605 0.005850391462445259 47
1762254050605 0.0058537139557302 48
1762254050626 0.005823627579957247 49
1762254050633 0.005796830635517836 50
1762254050637 0.005831545684486628 51
1762254050637 0.005815895274281502 52
1762254050655 0.0057905507273972034 53
1762254050662 0.005772999953478575 54
1762254050668 0.0058441488072276115 55
1762254050668 0.005837444681674242 56
1762254050684 0.005780322477221489 57
1762254050695 0.005826360080391169 58
1762254050703 0.005809824913740158 59
1762254050711 0.005831781309098005 60
1762254050718 0.0057984814047813416 61
1762254050725 0.005819377489387989 62
1762254050733 0.00581448944285512 63
1762254050740 0.005815161392092705 64
1762254050747 0.005813866388052702 65
1762254050747 0.005798744969069958 66
1762254050747 0.005764465779066086 67
1762254050769 0.005825715139508247 68
1762254050777 0.005790216848254204 69
1762254050784 0.005799947772175074 70
1762254050792 0.005776958540081978 71
1762254050794 0.005783775821328163 72
1762254050794 0.0057860612869262695 73
1762254050809 0.00577580276876688 74
1762254050809 0.005779265891760588 75
1762254050825 0.005794564727693796 76
1762254050825 0.005795510485768318 77
1762254050842 0.005806040018796921 78
1762254050850 0.005740358494222164 79
1762254050858 0.0057940357364714146 80
1762254050865 0.0057511175982654095 81
1762254050872 0.005801962688565254 82
1762254050880 0.005767595022916794 83
1762254050888 0.005792663432657719 84
1762254050895 0.005772761069238186 85
1762254050902 0.00574508449062705 86
1762254050902 0.00575157580897212 87
1762254050902 0.005753231234848499 88
1762254050918 0.005734376609325409 89
1762254050918 0.005767622962594032 90
1762254050938 0.005741015542298555 91
1762254050945 0.005756194703280926 92
1762254050952 0.0057393708266317844 93
1762254050959 0.005744893103837967 94
1762254050965 0.0057422989048063755 95
1762254050965 0.005745332688093185 96
1762254050981 0.005734026897698641 97
1762254050988 0.0057216910645365715 98
1762254050995 0.005751391872763634 99
1762254050996 0.005745383910834789 100
