1762253878309 0.28561925888061523 1
1762253878350 0.24886640906333923 2
1762253878372 0.21017158031463623 3
1762253878388 0.15443365275859833 4
1762253878420 0.1237441748380661 5
1762253878452 0.1200704425573349 6
1762253878477 0.11100279539823532 7
1762253878502 0.10189209133386612 8
1762253878528 0.09480933099985123 9
1762253878552 0.08275441080331802 10
1762253878577 0.07152093201875687 11
1762253878591 0.06953252106904984 12
1762253878626 0.06895800679922104 13
1762253878638 0.0649418756365776 14
1762253878669 0.06210988014936447 15
1762253878703 0.06131691113114357 16
1762253878717 0.0611991286277771 17
1762253878748 0.058589670807123184 18
1762253878763 0.058445315808057785 19
1762253878803 0.05807104706764221 20
1762253878825 0.0575447678565979 21
1762253878852 0.05702914670109749 22
1762253878873 0.056253425776958466 23
1762253878888 0.056011974811553955 24
1762253878920 0.054127197712659836 25
1762253878953 0.05415179580450058 26
1762253878966 0.05399097129702568 27
1762253878997 0.05287651717662811 28
1762253879026 0.051380377262830734 29
1762253879051 0.052007485181093216 30
1762253879076 0.051141344010829926 31
1762253879091 0.04954276233911514 32
1762253879124 0.050118666142225266 33
1762253879138 0.048487208783626556 34
1762253879174 0.049235232174396515 35
1762253879185 0.04842923581600189 36
1762253879224 0.04809270799160004 37
1762253879249 0.04686767980456352 38
1762253879264 0.0455034114420414 39
1762253879294 0.046934571117162704 40
1762253879310 0.04610683396458626 41
1762253879351 0.045926257967948914 42
1762253879373 0.045912664383649826 43
1762253879400 0.04572003334760666 44
1762253879419 0.04507560655474663 45
1762253879450 0.04500548914074898 46
1762253879466 0.043914273381233215 47
1762253879497 0.043373819440603256 48
1762253879512 0.04355033487081528 49
1762253879544 0.04357359930872917 50
1762253879559 0.04314717277884483 51
1762253879597 0.043056387454271317 52
1762253879622 0.04314756393432617 53
1762253879638 0.04266808554530144 54
1762253879674 0.04240172356367111 55
1762253879698 0.04195670410990715 56
1762253879716 0.04165187478065491 57
1762253879732 0.04138526692986488 58
1762253879772 0.042268335819244385 59
1762253879797 0.041550420224666595 60
1762253879831 0.041325975209474564 61
1762253879842 0.041239965707063675 62
1762253879873 0.04144364222884178 63
1762253879903 0.04117792472243309 64
1762253879934 0.04074474796652794 65
1762253879950 0.040476102381944656 66
1762253879981 0.04087631404399872 67
1762253879997 0.040738970041275024 68
1762253880033 0.04047725722193718 69
1762253880058 0.040479712188243866 70
1762253880075 0.040127404034137726 71
1762253880107 0.040289465337991714 72
1762253880138 0.040058400481939316 73
1762253880164 0.03988831490278244 74
1762253880184 0.03985736891627312 75
1762253880200 0.04010337218642235 76
1762253880231 0.039949800819158554 77
1762253880263 0.039568979293107986 78
1762253880288 0.039716415107250214 79
1762253880314 0.0399804413318634 80
1762253880339 0.03987376391887665 81
1762253880364 0.03956335783004761 82
1762253880388 0.039491236209869385 83
1762253880404 0.03954821825027466 84
1762253880435 0.039388008415699005 85
1762253880450 0.039351608604192734 86
1762253880482 0.03943958878517151 87
1762253880513 0.039512380957603455 88
1762253880538 0.039562590420246124 89
1762253880562 0.03924231231212616 90
1762253880587 0.03957932069897652 91
1762253880608 0.039174992591142654 92
1762253880624 0.03940043970942497 93
1762253880661 0.03940216451883316 94
1762253880670 0.03895943611860275 95
1762253880711 0.039254080504179 96
1762253880735 0.03900180384516716 97
1762253880760 0.039282262325286865 98
1762253880779 0.03915027901530266 99
1762253880794 0.03888201713562012 100
