1762253878325 0.12671329081058502 1
1762253878358 0.09531188011169434 2
1762253878372 0.07080435752868652 3
1762253878409 0.03989605978131294 4
1762253878420 0.023767968639731407 5
1762253878459 0.022605372592806816 6
1762253878483 0.01954813487827778 7
1762253878509 0.016712183132767677 8
1762253878535 0.01470115315169096 9
1762253878559 0.011537735350430012 10
1762253878584 0.009380694478750229 11
1762253878609 0.008928339928388596 12
1762253878633 0.008813480846583843 13
1762253878654 0.00811049249023199 14
1762253878685 0.007620601914823055 15
1762253878710 0.00746404891833663 16
1762253878736 0.0074591306038200855 17
1762253878748 0.007000315468758345 18
1762253878779 0.0069854361936450005 19
1762253878810 0.006966918241232634 20
1762253878825 0.006847514305263758 21
1762253878857 0.006762612611055374 22
1762253878873 0.0066510713659226894 23
1762253878909 0.006637962069362402 24
1762253878920 0.00630697188898921 25
1762253878960 0.006290757562965155 26
1762253878981 0.00632502930238843 27
1762253878997 0.006121732294559479 28
1762253879029 0.005896497517824173 29
1762253879058 0.006014316808432341 30
1762253879076 0.005907257087528706 31
1762253879107 0.005612488836050034 32
1762253879132 0.005767080932855606 33
1762253879157 0.005543750245124102 34
1762253879181 0.005703234113752842 35
1762253879201 0.005602960009127855 36
1762253879232 0.005528090056031942 37
1762253879249 0.005358233116567135 38
1762253879282 0.005262172780930996 39
1762253879294 0.005409483797848225 40
1762253879325 0.005290938075631857 41
1762253879357 0.005315837915986776 42
1762253879373 0.005254137329757214 43
1762253879403 0.0052711269818246365 44
1762253879419 0.005164242349565029 45
1762253879457 0.005177550949156284 46
1762253879481 0.00503282668069005 47
1762253879497 0.004994689021259546 48
1762253879528 0.0049902768805623055 49
1762253879544 0.005022692494094372 50
1762253879580 0.004985446110367775 51
1762253879604 0.0049586170352995396 52
1762253879622 0.004989980719983578 53
1762253879656 0.004934245254844427 54
1762253879681 0.004884790163487196 55
1762253879705 0.004865322727710009 56
1762253879716 0.0047795651480555534 57
1762253879747 0.004788582678884268 58
1762253879779 0.00489578815177083 59
1762253879797 0.004795158747583628 60
1762253879838 0.004760781303048134 61
1762253879858 0.00477807130664587 62
1762253879893 0.0048023974522948265 63
1762253879903 0.00480535626411438 64
1762253879934 0.004785212222486734 65
1762253879966 0.004682954400777817 66
1762253879981 0.004764309618622065 67
1762253880012 0.004731119144707918 68
1762253880040 0.00477970065549016 69
1762253880065 0.004739951808005571 70
1762253880075 0.004622152540832758 71
1762253880120 0.004634937737137079 72
1762253880138 0.004681818187236786 73
1762253880169 0.004646638408303261 74
1762253880184 0.004650939255952835 75
1762253880216 0.004643291234970093 76
1762253880231 0.004677874501794577 77
1762253880263 0.004636221099644899 78
1762253880296 0.004623757675290108 79
1762253880321 0.004700998309999704 80
1762253880341 0.0047077215276658535 81
1762253880371 0.004629154689610004 82
1762253880388 0.004631631541997194 83
1762253880419 0.004641774110496044 84
1762253880435 0.004644055850803852 85
1762253880466 0.0046344660222530365 86
1762253880482 0.004598909988999367 87
1762253880513 0.004636673256754875 88
1762253880545 0.004685548134148121 89
1762253880569 0.004613698460161686 90
1762253880594 0.004658845718950033 91
1762253880608 0.004627801477909088 92
1762253880639 0.00465302262455225 93
1762253880668 0.004654578864574432 94
1762253880686 0.004600557032972574 95
1762253880716 0.004622847307473421 96
1762253880742 0.004595662467181683 97
1762253880768 0.0046373712830245495 98
1762253880779 0.004592469427734613 99
1762253880817 0.004582325462251902 100
