1762893372326 9.999999747378752e-05 1
1762893372359 0.0005949999904260039 2
1762893372389 0.0010900000343099236 3
1762893372405 0.0015849999617785215 4
1762893372436 0.0020800000056624413 5
1762893372472 0.002575000049546361 6
1762893372503 0.0030700000934302807 7
1762893372519 0.0035649999044835567 8
1762893372561 0.00406000018119812 9
1762893372592 0.004554999992251396 10
1762893372623 0.005049999803304672 11
1762893372639 0.005545000080019236 12
1762893372681 0.006039999891072512 13
1762893372705 0.006535000167787075 14
1762893372736 0.007029999978840351 15
1762893372768 0.007524999789893627 16
1762893372789 0.008019999600946903 17
1762893372820 0.008515000343322754 18
1762893372851 0.00901000015437603 19
1762893372885 0.009504999965429306 20
1762893372908 0.009999999776482582 21
