1762893372294 0.15620335936546326 1
1762893372332 0.11238622665405273 2
1762893372364 0.09949472546577454 3
1762893372389 0.09654835611581802 4
1762893372421 0.09427506476640701 5
1762893372436 0.0928000807762146 6
1762893372472 0.09169000387191772 7
1762893372503 0.09098201990127563 8
1762893372537 0.09008383750915527 9
1762893372564 0.08972980082035065 10
1762893372597 0.08945450186729431 11
1762893372627 0.08994977921247482 12
1762893372656 0.08951202034950256 13
1762893372685 0.08920712023973465 14
1762893372705 0.08986062556505203 15
1762893372736 0.09028732031583786 16
1762893372773 0.08895538747310638 17
1762893372789 0.08920373022556305 18
1762893372820 0.09044002741575241 19
1762893372851 0.08970790356397629 20
1762893372889 0.08966820687055588 21
1762893663389 0.022847704589366913 1
1762893663399 0.0181293748319149 2
1762893663406 0.017221849411725998 3
1762893663406 0.01692061685025692 4
1762893663422 0.015907300636172295 5
1762893663422 0.015466529875993729 6
1762893663444 0.015008008107542992 7
1762893663453 0.014744175598025322 8
1762893663462 0.014440888538956642 9
1762893663472 0.014353440143167973 10
1762893663480 0.013919742777943611 11
1762893663488 0.01356977503746748 12
1762893663488 0.013150065205991268 13
1762893663506 0.012521471828222275 14
1762893663514 0.012116672471165657 15
1762893663516 0.01187252625823021 16
1762893663516 0.011389784514904022 17
1762893663531 0.01097004022449255 18
1762893663547 0.010731770657002926 19
1762893663557 0.010193301364779472 20
1762893663565 0.010100887157022953 21
1762893663575 0.009822621010243893 22
1762893663583 0.009370672516524792 23
1762893663588 0.009471327066421509 24
1762893663588 0.00951247289776802 25
1762893663620 0.009116392582654953 26
1762893663637 0.00902054738253355 27
1762893663646 0.008756373077630997 28
1762893663654 0.008767309598624706 29
1762893663654 0.008571513928472996 30
1762893663670 0.008456404320895672 31
1762893663670 0.00820340495556593 32
1762893663686 0.007959853857755661 33
1762893663686 0.007961442694067955 34
1762893663701 0.008180452510714531 35
1762893663701 0.008314045146107674 36
1762893663724 0.007958631962537766 37
1762893663733 0.008065315894782543 38
1762893663734 0.007881549187004566 39
1762893663734 0.007513828109949827 40
1762893663750 0.007633745204657316 41
1762893663750 0.007511681877076626 42
1762893663765 0.007362071890383959 43
1762893663781 0.007625702302902937 44
1762893663781 0.007547987159341574 45
1762893663797 0.007531505078077316 46
1762893663797 0.0074735418893396854 47
1762893663815 0.007408671546727419 48
1762893663823 0.007165173534303904 49
1762893663831 0.00714555848389864 50
1762893663840 0.007558702025562525 51
1762893663849 0.007426639087498188 52
1762893663857 0.007057494949549437 53
1762894176231 0.01764966920018196 1
1762894176233 0.01070224866271019 2
1762894176250 0.009970988146960735 3
1762894176255 0.009723206050693989 4
1762894176269 0.00949200987815857 5
1762894176277 0.009204663336277008 6
1762894176286 0.008971819654107094 7
1762894176294 0.008681194856762886 8
1762894176302 0.00849007349461317 9
1762894176310 0.008149695582687855 10
1762894176320 0.0080361757427454 11
1762894176328 0.007837992161512375 12
1762894176331 0.007781943306326866 13
1762894176331 0.007588662207126617 14
1762894176346 0.007570240180939436 15
1762894176346 0.0074717509560287 16
1762894176362 0.00741706695407629 17
1762894176378 0.007381696254014969 18
1762894176386 0.007233316078782082 19
1762894176388 0.00717531843110919 20
1762894176388 0.007136357016861439 21
1762894176410 0.0070841205306351185 22
1762894176418 0.007077393122017384 23
1762894176426 0.007017534226179123 24
1762894176430 0.006958431098610163 25
1762894176430 0.006895622704178095 26
1762894176446 0.006894169375300407 27
1762894176446 0.006935281213372946 28
1762894176461 0.006830332800745964 29
1762894176461 0.00683496193960309 30
1762894176484 0.006752428598701954 31
1762894176492 0.006762785837054253 32
1762894176496 0.006746520288288593 33
1762894176496 0.006677685305476189 34
1762894176512 0.006659345235675573 35
1762894176512 0.006642618682235479 36
1762894176527 0.0065561821684241295 37
1762894176527 0.006573280785232782 38
1762894176543 0.006557881366461515 39
1762894176543 0.006525108590722084 40
1762894176559 0.006515599321573973 41
1762894176559 0.0064766667783260345 42
1762894176574 0.00644909730181098 43
1762894176590 0.006471592467278242 44
1762894176600 0.006406676489859819 45
1762894176608 0.006411360576748848 46
1762894176618 0.006377807818353176 47
1762894176625 0.00639604264870286 48
1762894176630 0.006369916722178459 49
1762894176630 0.006350277457386255 50
1762894176646 0.006332016084343195 51
1762894176646 0.006300515960901976 52
1762894176665 0.006302745547145605 53
1762894176673 0.006243954412639141 54
1762894176681 0.006249387748539448 55
1762894176690 0.006232419982552528 56
1762894176699 0.006200393661856651 57
1762894176707 0.00620607566088438 58
1762894176715 0.006212890148162842 59
1762894176723 0.006143226753920317 60
1762894176730 0.0061329142190515995 61
1762894176730 0.006072879768908024 62
1762894176746 0.0061247642152011395 63
1762894176746 0.0061247507110238075 64
1762894176761 0.006054452620446682 65
1762894176761 0.005981426686048508 66
1762894176777 0.0059916069731116295 67
1762894176777 0.0060104671865701675 68
1762894176798 0.00598605303093791 69
1762894176806 0.006020842120051384 70
1762894176814 0.0059731947258114815 71
1762894176822 0.005917048081755638 72
1762894176825 0.005918348208069801 73
1762894176825 0.005905037745833397 74
1762894176841 0.005886995233595371 75
1762894176841 0.005933570675551891 76
1762894176856 0.005875547882169485 77
1762894176856 0.005821464117616415 78
1762894176887 0.005802385043352842 79
1762894176903 0.005779137369245291 80
1762894176903 0.00585512351244688 81
1762894176924 0.005790004041045904 82
1762894176932 0.005774080287665129 83
1762894176934 0.00573826814070344 84
1762894176934 0.005665065720677376 85
1762894176956 0.005672038998454809 86
1762894176965 0.005612569395452738 87
1762894176973 0.005662170238792896 88
1762894176980 0.0056780679151415825 89
1762894176980 0.005623597651720047 90
1762894176996 0.0056367358192801476 91
1762894176996 0.005618717055767775 92
1762894177014 0.00554646598175168 93
1762894177022 0.005592063069343567 94
1762894177031 0.005541136953979731 95
1762894177039 0.005512022878974676 96
1762894177047 0.005521617829799652 97
1762894177047 0.005457907449454069 98
1762894177062 0.005528772249817848 99
1762894177062 0.005441996734589338 100
