1762893372294 0.15620335936546326 1
1762893372336 0.11238622665405273 2
1762893372368 0.09949472546577454 3
1762893372389 0.09654835611581802 4
1762893372421 0.09427506476640701 5
1762893372455 0.0928000807762146 6
1762893372472 0.09169000387191772 7
1762893372503 0.09098201990127563 8
1762893372541 0.09008383750915527 9
1762893372564 0.08972980082035065 10
1762893372601 0.08945450186729431 11
1762893372631 0.08994977921247482 12
1762893372660 0.08951202034950256 13
1762893372689 0.08920712023973465 14
1762893372705 0.08986062556505203 15
1762893372736 0.09028732031583786 16
1762893372778 0.08895538747310638 17
1762893372805 0.08920373022556305 18
1762893372820 0.09044002741575241 19
1762893372851 0.08970790356397629 20
1762893372892 0.08966820687055588 21
