1762893372294 0.044723596423864365 1
1762893372341 0.023756245151162148 2
1762893372372 0.01837281882762909 3
1762893372389 0.017445290461182594 4
1762893372421 0.01672477088868618 5
1762893372459 0.016316549852490425 6
1762893372488 0.015908654779195786 7
1762893372503 0.01562565565109253 8
1762893372545 0.015412046574056149 9
1762893372564 0.015277281403541565 10
1762893372606 0.015174646861851215 11
1762893372635 0.01536919642239809 12
1762893372664 0.015232794918119907 13
1762893372689 0.015133189968764782 14
1762893372720 0.015198496170341969 15
1762893372751 0.015302320942282677 16
1762893372782 0.015012224204838276 17
1762893372805 0.015081671066582203 18
1762893372836 0.015397302806377411 19
1762893372868 0.015174057334661484 20
1762893372892 0.015169973485171795 21
