1762939021669 9.999999747378752e-06 1
1762939021706 5.949999831500463e-05 2
1762939021744 0.00010900000052060932 3
1762939021793 0.0001584999990882352 4
1762939021829 0.00020799999765586108 5
1762939021863 0.0002575000107754022 6
1762939021892 0.00030700000934302807 7
1762939021923 0.00035650000791065395 8
1762939021957 0.00040600000647827983 9
1762939021989 0.0004555000050459057 10
1762939022017 0.0005050000036135316 11
1762939022048 0.000554499973077327 12
1762939022083 0.0006040000007487833 13
1762939022110 0.0006535000284202397 14
1762939022141 0.0007029999978840351 15
1762939022173 0.0007525000255554914 16
1762939022213 0.0008019999950192869 17
1762939022235 0.0008515000226907432 18
1762939022276 0.0009009999921545386 19
1762939022307 0.000950500019825995 20
1762939022341 0.0010000000474974513 21
1762939022372 0.0009996530134230852 22
1762939022390 0.0009986128425225616 23
1762939022421 0.0009968808153644204 24
1762939022453 0.0009944597259163857 25
1762939022484 0.0009913534158840775 26
1762939022527 0.0009875664254650474 27
1762939022547 0.00098310480825603 28
1762939022591 0.0009779754327610135 29
1762939022624 0.00097218609880656 30
1762939022658 0.0009657457703724504 31
1762939022689 0.0009586644009687006 32
1762939022722 0.0009509529336355627 33
1762939022751 0.0009426231845282018 34
1762939022782 0.0009336880757473409 35
