1762939079944 0.04136563837528229 1
1762939079964 0.030950460582971573 2
1762939079966 0.030749958008527756 3
1762939079979 0.03063158690929413 4
1762939079993 0.030662639066576958 5
1762939080003 0.030651196837425232 6
1762939080014 0.030544541776180267 7
1762939080023 0.030607713386416435 8
1762939080028 0.03060871921479702 9
1762939080043 0.030553890392184258 10
1762939080043 0.030569102615118027 11
1762939080062 0.0305625032633543 12
1762939080063 0.030544478446245193 13
1762939080079 0.03055657260119915 14
1762939080079 0.030551638454198837 15
1762939080094 0.0305489469319582 16
1762939080094 0.030568217858672142 17
1762939080115 0.0305430069565773 18
1762939080124 0.030548473820090294 19
1762939080133 0.030551793053746223 20
1762939080141 0.03053569607436657 21
1762939080150 0.0305526964366436 22
1762939080159 0.03055483289062977 23
1762939080168 0.030558589845895767 24
1762939080172 0.03055182844400406 25
1762939080172 0.03056189976632595 26
