1762939172969 0.0384095199406147 1
1762939172992 0.030954206362366676 2
1762939173000 0.030677655711770058 3
1762939173000 0.030627980828285217 4
1762939173024 0.03053560107946396 5
1762939173034 0.03058178722858429 6
1762939173043 0.030543267726898193 7
1762939173052 0.030526677146553993 8
1762939173061 0.030551506206393242 9
1762939173063 0.030682949349284172 10
1762939173079 0.03033146634697914 11
1762939173079 0.02772298827767372 12
1762939173094 0.025967387482523918 13
1762939173094 0.025590868666768074 14
1762939173114 0.025287160649895668 15
1762939173124 0.02508932538330555 16
1762939173132 0.025011325255036354 17
1762939173132 0.02487744577229023 18
1762939173147 0.024891937151551247 19
1762939173147 0.02494540810585022 20
1762939173168 0.0248495452105999 21
1762939173172 0.02485356666147709 22
1762939173172 0.02488694153726101 23
1762939173188 0.024786777794361115 24
1762939173203 0.024760259315371513 25
1762939173203 0.024788642302155495 26
1762939173223 0.02479987032711506 27
1762939173233 0.02474047616124153 28
1762939173242 0.02472737617790699 29
1762939173248 0.024734219536185265 30
1762939173248 0.02470513805747032 31
1762939173268 0.02472672425210476 32
1762939173277 0.024786068126559258 33
1762939173286 0.024770203977823257 34
1762939173295 0.024731088429689407 35
1762939173304 0.024705491960048676 36
1762939173313 0.024717018008232117 37
1762939173322 0.024681879207491875 38
1762939173332 0.024690164253115654 39
1762939173341 0.02471330761909485 40
1762939173351 0.02467012219130993 41
1762939173360 0.02468281053006649 42
1762939173369 0.024679025635123253 43
1762939173378 0.024685999378561974 44
1762939173387 0.024676324799656868 45
1762939173391 0.02472047135233879 46
1762939173391 0.024720512330532074 47
1762939173406 0.02471107617020607 48
1762939173423 0.02466895617544651 49
1762939173432 0.02469625324010849 50
1762939173441 0.02468075416982174 51
1762939173448 0.024685204029083252 52
1762939173448 0.024672558531165123 53
1762939173464 0.024680012837052345 54
1762939173464 0.024685807526111603 55
1762939173480 0.024706294760107994 56
1762939173480 0.02465851791203022 57
1762939173511 0.024699097499251366 58
1762939173534 0.024664590135216713 59
1762939173544 0.02465408481657505 60
1762939173548 0.024674151092767715 61
1762939173548 0.024678532034158707 62
1762939173564 0.024659868329763412 63
1762939173564 0.024662576615810394 64
1762939173588 0.024717820808291435 65
1762939173597 0.02464601770043373 66
1762939173606 0.02467774599790573 67
1762939173609 0.02463705651462078 68
1762939173609 0.024677833542227745 69
1762939173624 0.024664750322699547 70
1762939173640 0.0246636550873518 71
1762939173640 0.024696793407201767 72
1762939173656 0.024726692587137222 73
1762939173656 0.024707995355129242 74
1762939173671 0.024645857512950897 75
1762939173671 0.024668129161000252 76
1762939173687 0.024670802056789398 77
1762939173703 0.02466452121734619 78
1762939173703 0.02465164102613926 79
1762939173718 0.024661775678396225 80
1762939173718 0.02465657703578472 81
1762939173738 0.024687599390745163 82
1762939173747 0.024684064090251923 83
1762939173755 0.024654734879732132 84
1762939173764 0.024693511426448822 85
1762939173765 0.024676138535141945 86
1762939173781 0.024671373888850212 87
1762939173781 0.024653661996126175 88
1762939173801 0.02464950829744339 89
1762939173810 0.024667497724294662 90
1762939173820 0.024652663618326187 91
1762939173829 0.024655358865857124 92
1762939173838 0.02465190552175045 93
1762939173847 0.02467793971300125 94
1762939173848 0.024660823866724968 95
1762939173864 0.02464817278087139 96
1762939173864 0.024664344266057014 97
1762939173880 0.02467144839465618 98
1762939173880 0.024662446230649948 99
1762939173895 0.024660935625433922 100
