1762939021636 0.9300640821456909 1
1762939021675 0.7097156047821045 2
1762939021712 0.5242656469345093 3
1762939021751 0.3961412012577057 4
1762939021799 0.32875746488571167 5
1762939021834 0.2646884024143219 6
1762939021868 0.2412135899066925 7
1762939021892 0.21192201972007751 8
1762939021923 0.19671376049518585 9
1762939021957 0.18172970414161682 10
1762939021994 0.17593227326869965 11
1762939022017 0.16333763301372528 12
1762939022048 0.15811994671821594 13
1762939022088 0.14633017778396606 14
1762939022110 0.14157305657863617 15
1762939022141 0.1363528072834015 16
1762939022173 0.1319843828678131 17
1762939022218 0.12779557704925537 18
1762939022235 0.12681588530540466 19
1762939022280 0.12236149609088898 20
1762939022312 0.12207231670618057 21
1762939022345 0.11895158886909485 22
1762939022374 0.11836844682693481 23
1762939022406 0.11373282223939896 24
1762939022437 0.11435627937316895 25
1762939022468 0.11367037147283554 26
1762939022499 0.11258360743522644 27
1762939022531 0.11143477261066437 28
1762939022563 0.11127806454896927 29
1762939022596 0.10984526574611664 30
1762939022629 0.10995682328939438 31
1762939022663 0.10897931456565857 32
1762939022690 0.10738195478916168 33
1762939022722 0.10799148678779602 34
1762939022751 0.10625354945659637 35
