1762939021647 1.295762300491333 1
1762939021685 0.7784780859947205 2
1762939021721 0.44276463985443115 3
1762939021761 0.2541593909263611 4
1762939021807 0.1704847365617752 5
1762939021845 0.11266977339982986 6
1762939021878 0.09495030343532562 7
1762939021907 0.0712415799498558 8
1762939021941 0.06252046674489975 9
1762939021957 0.05360822007060051 10
1762939022003 0.04988909512758255 11
1762939022032 0.04434502124786377 12
1762939022063 0.04103179648518562 13
1762939022097 0.03713786229491234 14
1762939022126 0.035146769136190414 15
1762939022157 0.03328699991106987 16
1762939022188 0.03189120814204216 17
1762939022219 0.030798552557826042 18
1762939022257 0.030433818697929382 19
1762939022289 0.02896018885076046 20
1762939022321 0.028397247195243835 21
1762939022354 0.028035029768943787 22
1762939022374 0.028085386380553246 23
1762939022406 0.026734929531812668 24
1762939022437 0.026657013222575188 25
1762939022468 0.02691848948597908 26
1762939022499 0.026860365644097328 27
1762939022531 0.026582021266222 28
1762939022573 0.02642044611275196 29
1762939022605 0.02625114470720291 30
1762939022638 0.026120243594050407 31
1762939022672 0.026219109073281288 32
1762939022690 0.025633540004491806 33
1762939022722 0.02560904622077942 34
1762939022766 0.02572794444859028 35
