1762259053565 9.999999747378752e-06 1
1762259053599 5.949999831500463e-05 2
1762259053622 0.00010900000052060932 3
1762259053642 0.0001584999990882352 4
1762259053657 0.00020799999765586108 5
1762259053673 0.0002575000107754022 6
1762259053704 0.00030700000934302807 7
1762259053730 0.00035650000791065395 8
1762259053753 0.00040600000647827983 9
1762259053768 0.0004555000050459057 10
1762259053796 0.0005050000036135316 11
1762259053818 0.000554499973077327 12
1762259053840 0.0006040000007487833 13
1762259053862 0.0006535000284202397 14
1762259053886 0.0007029999978840351 15
1762259053909 0.0007525000255554914 16
1762259053925 0.0008019999950192869 17
1762259053954 0.0008515000226907432 18
1762259053972 0.0009009999921545386 19
1762259053998 0.000950500019825995 20
1762259054021 0.0010000000474974513 21
1762259054033 0.0009996530134230852 22
1762259054065 0.0009986128425225616 23
1762259054081 0.0009968808153644204 24
1762259054096 0.0009944597259163857 25
1762259054132 0.0009913534158840775 26
1762259054143 0.0009875664254650474 27
1762259054174 0.00098310480825603 28
1762259054190 0.0009779754327610135 29
1762259054205 0.00097218609880656 30
1762259054237 0.0009657457703724504 31
1762259054263 0.0009586644009687006 32
1762259054284 0.0009509529336355627 33
1762259054299 0.0009426231845282018 34
1762259054315 0.0009336880757473409 35
1762259054352 0.0009241613443009555 36
1762259054375 0.0009140576585195959 37
1762259054393 0.0009033926180563867 38
1762259054409 0.0008921826956793666 39
1762259054425 0.0008804451208561659 40
1762259054462 0.0008681980543769896 41
1762259054483 0.0008554603555239737 42
1762259054503 0.000842251640278846 43
1762259054518 0.0008285922813229263 44
1762259054553 0.0008145033498294652 45
1762259054575 0.0008000066154636443 46
1762259054592 0.0007851243717595935 47
1762259054623 0.0007698795525357127 48
1762259054639 0.0007542957318946719 49
1762259054676 0.0007383968913927674 50
1762259054712 0.0007222075364552438 51
1762259054737 0.0007057526963762939 52
1762259054768 0.0006890576332807541 53
1762259054800 0.00067214819137007 54
1762259054832 0.0006550503894686699 55
1762259054863 0.0006377906538546085 56
1762259054893 0.0006203955272212625 57
1762259054925 0.0006028918433003128 58
1762259054946 0.0005853066104464233 59
1762259054968 0.0005676668952219188 60
1762259054990 0.0005499999970197678 61
1762259055012 0.0005323330988176167 62
1762259055034 0.0005146933835931122 63
1762259055049 0.0004971081507392228 64
1762259055065 0.0004796044959221035 65
1762259055101 0.00046220936928875744 66
1762259055124 0.0004449495754670352 67
1762259055143 0.00042785180266946554 68
1762259055158 0.00041094236075878143 69
1762259055190 0.0003942473267670721 70
1762259055211 0.0003777924575842917 71
1762259055237 0.00036160313175059855 72
1762259055262 0.0003457042621448636 73
1762259055284 0.0003301204415038228 74
1762259055299 0.0003148756513837725 75
1762259055327 0.0002999934076797217 76
1762259055351 0.00028549664421007037 77
1762259055374 0.00027140771271660924 78
1762259055396 0.00025774838286451995 79
1762259055418 0.0002445396676193923 80
1762259055440 0.00023180195421446115 81
1762259055455 0.00021955487318336964 82
1762259055471 0.00020781731291208416 83
1762259055502 0.0001966073759831488 84
1762259055518 0.0001859423500718549 85
1762259055533 0.00017583867884241045 86
1762259055570 0.00016631193284410983 87
1762259055592 0.00015737679495941848 88
1762259055612 0.00014904706040397286 89
1762259055637 0.00014133557851891965 90
1762259055659 0.00013425420911516994 91
1762259055677 0.00012781389523297548 92
1762259055704 0.00012202456855447963 93
1762259055722 0.00011689514212775975 94
1762259055748 0.00011243353219470009 95
1762259055769 0.00010864662181120366 96
1762259055784 0.00010554024629527703 97
1762259055813 0.00010311919322703034 98
1762259055831 0.00010138720244867727 99
1762259055847 0.00010034693696070462 100
