1762259656468 0.04302256554365158 1
1762259656468 0.016293173655867577 2
1762259656468 0.011888746172189713 3
1762259656489 0.00982403289526701 4
1762259656495 0.008458655327558517 5
1762259656502 0.007637330796569586 6
1762259656509 0.007163975387811661 7
1762259656515 0.006861427333205938 8
1762259656522 0.006685940083116293 9
1762259656528 0.006586290895938873 10
1762259656530 0.006497784983366728 11
1762259656530 0.0064255110919475555 12
1762259656547 0.006382410414516926 13
1762259656554 0.0063248141668736935 14
1762259656560 0.006269976496696472 15
1762259656560 0.006197239737957716 16
1762259656560 0.006183182820677757 17
1762259656576 0.006157026160508394 18
1762259656576 0.006113075185567141 19
1762259656591 0.0061107175424695015 20
1762259656591 0.006056842859834433 21
1762259656591 0.006044141948223114 22
1762259656607 0.0060070576146245 23
1762259656607 0.0060317921452224255 24
1762259656624 0.005968067795038223 25
1762259656630 0.005927697755396366 26
1762259656636 0.0059351748786866665 27
1762259656639 0.005894610658288002 28
1762259656639 0.005865457933396101 29
1762259656655 0.005846276879310608 30
1762259656662 0.005827159620821476 31
1762259656668 0.0058009689673781395 32
1762259656670 0.005775401834398508 33
1762259656670 0.005745188798755407 34
1762259656685 0.005705418065190315 35
1762259656685 0.005703916773200035 36
1762259656685 0.005689008627086878 37
1762259656701 0.0056765940971672535 38
1762259656701 0.005645885597914457 39
1762259656717 0.005690107122063637 40
1762259656717 0.005634545814245939 41
1762259656717 0.005586967803537846 42
1762259656736 0.0055745383724570274 43
1762259656742 0.005542121361941099 44
1762259656750 0.005522269289940596 45
1762259656756 0.005482834298163652 46
1762259656762 0.005454827565699816 47
1762259656769 0.005437998566776514 48
1762259656775 0.005406902637332678 49
1762259656782 0.005392021499574184 50
1762259656784 0.005348427686840296 51
1762259656784 0.005330445244908333 52
1762259656800 0.0052780830301344395 53
1762259656800 0.00527252908796072 54
1762259656800 0.0052499715238809586 55
1762259656819 0.005181885790079832 56
1762259656826 0.005226696841418743 57
1762259656832 0.005161346402019262 58
1762259656838 0.005187171511352062 59
1762259656845 0.005082489922642708 60
1762259656851 0.0050696018151938915 61
1762259656857 0.005063304211944342 62
1762259656864 0.005055493675172329 63
1762259656870 0.004982608370482922 64
1762259656878 0.004962267354130745 65
1762259656884 0.004946562927216291 66
1762259656889 0.004897909238934517 67
1762259656889 0.004868971183896065 68
1762259656889 0.0048494464717805386 69
1762259656904 0.004794963635504246 70
1762259656904 0.004840655717998743 71
1762259656920 0.004761196672916412 72
1762259656920 0.004756163340061903 73
1762259656920 0.004713316913694143 74
1762259656936 0.004685394931584597 75
1762259656936 0.0046497792936861515 76
1762259656951 0.004614940844476223 77
1762259656951 0.004582562483847141 78
1762259656951 0.004609489813446999 79
1762259656972 0.00456462474539876 80
1762259656978 0.0045549217611551285 81
1762259656984 0.004476267844438553 82
1762259656990 0.00448050070554018 83
1762259656997 0.0044630831107497215 84
1762259656998 0.00440793065354228 85
1762259656998 0.004434209782630205 86
1762259657014 0.0043636043556034565 87
1762259657014 0.004316225182265043 88
1762259657029 0.0043329596519470215 89
1762259657029 0.004355797078460455 90
1762259657046 0.004305861424654722 91
1762259657053 0.004248074255883694 92
1762259657059 0.004262177273631096 93
1762259657065 0.0042124465107917786 94
1762259657072 0.004218501504510641 95
1762259657076 0.004175479058176279 96
1762259657076 0.004170288797467947 97
1762259657076 0.004076080862432718 98
1762259657097 0.004056921228766441 99
1762259657103 0.004090470727533102 100
