1762259053543 0.3048558831214905 1
1762259053579 0.25216543674468994 2
1762259053602 0.18291737139225006 3
1762259053625 0.16341866552829742 4
1762259053642 0.15025754272937775 5
1762259053657 0.13906049728393555 6
1762259053689 0.13207083940505981 7
1762259053704 0.1240634024143219 8
1762259053734 0.11602867394685745 9
1762259053753 0.10813162475824356 10
1762259053768 0.09923995286226273 11
1762259053800 0.09230348467826843 12
1762259053821 0.08838596940040588 13
1762259053843 0.08510486036539078 14
1762259053862 0.08396593481302261 15
1762259053890 0.07781659811735153 16
1762259053913 0.0775466188788414 17
1762259053925 0.07658936083316803 18
1762259053957 0.07365424185991287 19
1762259053972 0.07316520810127258 20
1762259054002 0.07151661068201065 21
1762259054024 0.06916707754135132 22
1762259054033 0.06848777830600739 23
1762259054065 0.06741402298212051 24
1762259054081 0.06530655175447464 25
1762259054112 0.06483694911003113 26
1762259054135 0.06249236688017845 27
1762259054143 0.06173444166779518 28
1762259054174 0.06102132424712181 29
1762259054190 0.061474598944187164 30
1762259054221 0.06150302663445473 31
1762259054237 0.060148756951093674 32
1762259054267 0.057386476546525955 33
1762259054284 0.0574750080704689 34
1762259054299 0.057697977870702744 35
1762259054333 0.05698181316256523 36
1762259054355 0.05547254532575607 37
1762259054378 0.05547599494457245 38
1762259054393 0.0559634305536747 39
1762259054409 0.05478398874402046 40
1762259054443 0.05409024655818939 41
1762259054465 0.054179802536964417 42
1762259054486 0.054219044744968414 43
1762259054503 0.05326743796467781 44
1762259054518 0.052987728267908096 45
1762259054556 0.0540333166718483 46
1762259054577 0.05256979167461395 47
1762259054592 0.05299653112888336 48
1762259054623 0.0528305284678936 49
1762259054655 0.05259561911225319 50
1762259054676 0.0516238659620285 51
1762259054717 0.05191146582365036 52
1762259054737 0.05137823894619942 53
1762259054768 0.05165855213999748 54
1762259054800 0.051391296088695526 55
1762259054832 0.051132429391145706 56
1762259054870 0.05119713768362999 57
1762259054893 0.051288917660713196 58
1762259054928 0.051112715154886246 59
1762259054949 0.05010958015918732 60
1762259054971 0.04979005083441734 61
1762259054993 0.049971845000982285 62
1762259055015 0.05015220120549202 63
1762259055037 0.050051912665367126 64
1762259055049 0.0497085265815258 65
1762259055080 0.049129411578178406 66
1762259055104 0.04934406653046608 67
1762259055127 0.0488753579556942 68
1762259055143 0.048974793404340744 69
1762259055158 0.04856695234775543 70
1762259055190 0.048858292400836945 71
1762259055214 0.04834961146116257 72
1762259055237 0.048604149371385574 73
1762259055266 0.048265449702739716 74
1762259055284 0.04804973676800728 75
1762259055299 0.047488734126091 76
1762259055331 0.04744674265384674 77
1762259055355 0.04803929105401039 78
1762259055377 0.048232343047857285 79
1762259055400 0.047207146883010864 80
1762259055422 0.04776133596897125 81
1762259055440 0.04729082062840462 82
1762259055455 0.04686892032623291 83
1762259055487 0.04676132649183273 84
1762259055502 0.04671507328748703 85
1762259055518 0.04734056442975998 86
1762259055549 0.04663803428411484 87
1762259055573 0.046994175761938095 88
1762259055595 0.04664001613855362 89
1762259055612 0.04623027890920639 90
1762259055640 0.046826690435409546 91
1762259055661 0.0464334562420845 92
1762259055677 0.046578627079725266 93
1762259055706 0.04620075598359108 94
1762259055722 0.04656701907515526 95
1762259055751 0.04641202464699745 96
1762259055769 0.046697136014699936 97
1762259055784 0.046499576419591904 98
1762259055815 0.046466078609228134 99
1762259055831 0.04630142077803612 100
