1762259300960 0.04911717772483826 1
1762259300969 0.01815800368785858 2
1762259300969 0.011668004095554352 3
1762259300983 0.009199559688568115 4
1762259300990 0.008277766406536102 5
1762259300996 0.007568074855953455 6
1762259301003 0.007323682773858309 7
1762259301010 0.007045228965580463 8
1762259301016 0.006896439474076033 9
1762259301023 0.006789558567106724 10
1762259301029 0.006686829961836338 11
1762259301029 0.006613667588680983 12
1762259301029 0.006584051996469498 13
1762259301044 0.006540769245475531 14
1762259301044 0.0064667947590351105 15
1762259301060 0.0064362576231360435 16
1762259301060 0.0064150490798056126 17
1762259301060 0.00640298705548048 18
1762259301075 0.006404875312000513 19
1762259301075 0.006379215512424707 20
1762259301091 0.0063699414022266865 21
1762259301091 0.006347837392240763 22
1762259301091 0.006335011217743158 23
1762259301107 0.006295244209468365 24
1762259301107 0.006336110644042492 25
1762259301122 0.006293794140219688 26
1762259301122 0.0063131037168204784 27
1762259301122 0.006287116091698408 28
1762259301138 0.006284936796873808 29
1762259301138 0.006298494059592485 30
1762259301154 0.006294792052358389 31
1762259301154 0.00627502566203475 32
1762259301169 0.006261609960347414 33
1762259301175 0.0062365117482841015 34
1762259301181 0.006274687126278877 35
1762259301188 0.00622857641428709 36
1762259301194 0.0062699089758098125 37
1762259301200 0.00622759573161602 38
1762259301207 0.0062560588121414185 39
1762259301213 0.006205276120454073 40
1762259301223 0.0062210881151258945 41
1762259301231 0.006203935947269201 42
1762259301237 0.006220490206032991 43
1762259301243 0.006200382020324469 44
1762259301250 0.006202543154358864 45
1762259301252 0.0061858706176280975 46
1762259301252 0.006177661940455437 47
1762259301267 0.006215907167643309 48
1762259301267 0.006176771130412817 49
1762259301267 0.006171111483126879 50
1762259301283 0.006162489764392376 51
1762259301283 0.00617614621296525 52
1762259301301 0.006151446141302586 53
1762259301307 0.006125402171164751 54
1762259301313 0.006149184890091419 55
1762259301320 0.006186668295413256 56
1762259301326 0.00612642103806138 57
1762259301329 0.006132808979600668 58
1762259301329 0.006135495845228434 59
1762259301344 0.006114500109106302 60
1762259301344 0.006123471539467573 61
1762259301344 0.00610779644921422 62
1762259301360 0.0061126467771828175 63
1762259301360 0.006117972545325756 64
1762259301376 0.006096943281590939 65
1762259301383 0.006136733572930098 66
1762259301389 0.0061152116395533085 67
1762259301396 0.006113163195550442 68
1762259301402 0.00612979382276535 69
1762259301408 0.0061271656304597855 70
1762259301411 0.006066858768463135 71
1762259301411 0.006100389640778303 72
1762259301428 0.006125317420810461 73
1762259301434 0.0060975151136517525 74
1762259301440 0.006089475937187672 75
1762259301447 0.0060713323764503 76
1762259301453 0.0061092255637049675 77
1762259301459 0.006088524125516415 78
1762259301465 0.006099332589656115 79
1762259301472 0.006059161853045225 80
1762259301478 0.0060884058475494385 81
1762259301484 0.006069247145205736 82
1762259301485 0.006072709336876869 83
1762259301485 0.006060080602765083 84
1762259301501 0.006062129512429237 85
1762259301501 0.006054416298866272 86
1762259301516 0.006060180254280567 87
1762259301516 0.0060491785407066345 88
1762259301516 0.006044388748705387 89
1762259301532 0.006064142566174269 90
1762259301532 0.006070144008845091 91
1762259301548 0.006045793183147907 92
1762259301548 0.006061263382434845 93
1762259301548 0.0060348003171384335 94
1762259301563 0.006038428749889135 95
1762259301563 0.006029545795172453 96
1762259301579 0.005991896614432335 97
1762259301579 0.006024277303367853 98
1762259301579 0.006033746525645256 99
1762259301599 0.0060072182677686214 100
