1762259053558 0.14133816957473755 1
1762259053585 0.10025528073310852 2
1762259053609 0.054111234843730927 3
1762259053626 0.04375338554382324 4
1762259053642 0.03678201511502266 5
1762259053673 0.031486112624406815 6
1762259053689 0.028412126004695892 7
1762259053704 0.025157233700156212 8
1762259053737 0.02216079831123352 9
1762259053753 0.019240587949752808 10
1762259053784 0.016788750886917114 11
1762259053806 0.014774087816476822 12
1762259053828 0.01385877002030611 13
1762259053846 0.013057871721684933 14
1762259053862 0.012763652950525284 15
1762259053896 0.011247852817177773 16
1762259053920 0.011376410722732544 17
1762259053942 0.01126799825578928 18
1762259053957 0.010465098544955254 19
1762259053972 0.010429861024022102 20
1762259054008 0.010024353861808777 21
1762259054030 0.009518925100564957 22
1762259054052 0.009372945874929428 23
1762259054065 0.009308591485023499 24
1762259054096 0.008815210312604904 25
1762259054112 0.008740248158574104 26
1762259054141 0.008199208416044712 27
1762259054159 0.007950112223625183 28
1762259054174 0.007879487238824368 29
1762259054205 0.00810987502336502 30
1762259054221 0.008082626387476921 31
1762259054237 0.007860865443944931 32
1762259054274 0.007336316630244255 33
1762259054284 0.007391104940325022 34
1762259054315 0.007497124839574099 35
1762259054339 0.007284942548722029 36
1762259054361 0.007090840954333544 37
1762259054378 0.0070799365639686584 38
1762259054393 0.007150643039494753 39
1762259054425 0.006985908839851618 40
1762259054449 0.006879344116896391 41
1762259054471 0.0069164102897048 42
1762259054493 0.00690879812464118 43
1762259054503 0.0067845056764781475 44
1762259054534 0.006787319667637348 45
1762259054562 0.006947958376258612 46
1762259054577 0.006636383943259716 47
1762259054592 0.0067198192700743675 48
1762259054623 0.006737537682056427 49
1762259054655 0.0066984002478420734 50
1762259054694 0.006510287057608366 51
1762259054722 0.006550233345478773 52
1762259054753 0.006487219128757715 53
1762259054784 0.006551858503371477 54
1762259054800 0.00646953983232379 55
1762259054832 0.00644152145832777 56
1762259054881 0.0064933039247989655 57
1762259054912 0.00650835270062089 58
1762259054934 0.0064709726721048355 59
1762259054956 0.006338376551866531 60
1762259054977 0.006287918426096439 61
1762259054999 0.006314495112746954 62
1762259055021 0.006388439331203699 63
1762259055043 0.006351792719215155 64
1762259055065 0.006302671041339636 65
1762259055080 0.006228405516594648 66
1762259055111 0.006269709672778845 67
1762259055127 0.006216232664883137 68
1762259055143 0.006275692488998175 69
1762259055174 0.00619921088218689 70
1762259055190 0.0062805586494505405 71
1762259055222 0.006229681428521872 72
1762259055237 0.00619121827185154 73
1762259055268 0.006172955967485905 74
1762259055284 0.006124267820268869 75
1762259055315 0.006084976252168417 76
1762259055337 0.006044300273060799 77
1762259055361 0.006173201370984316 78
1762259055383 0.006218487862497568 79
1762259055405 0.006040079984813929 80
1762259055428 0.0061029717326164246 81
1762259055440 0.006075745914131403 82
1762259055471 0.006020445842295885 83
1762259055487 0.006013127043843269 84
1762259055502 0.006039025727659464 85
1762259055533 0.006126400548964739 86
1762259055549 0.006003736983984709 87
1762259055579 0.006071882322430611 88
1762259055596 0.006036799866706133 89
1762259055612 0.0059709008783102036 90
1762259055647 0.006049609277397394 91
1762259055661 0.006037313491106033 92
1762259055692 0.006041188724339008 93
1762259055706 0.005975543987005949 94
1762259055722 0.006035332567989826 95
1762259055757 0.006055774167180061 96
1762259055769 0.006064664106816053 97
1762259055801 0.0060540675185620785 98
1762259055815 0.0060004061087965965 99
1762259055831 0.00598480086773634 100
