1762277805741 0.07080762833356857 1
1762277805752 0.01864350587129593 2
1762277805761 0.010849084705114365 3
1762277805771 0.0074502695351839066 4
1762277805771 0.005949151236563921 5
1762277805784 0.00531224999576807 6
1762277805784 0.004991373047232628 7
1762277805806 0.004878021776676178 8
1762277805814 0.0047640688717365265 9
1762277805822 0.0046514542773365974 10
1762277805830 0.0045398506335914135 11
1762277805838 0.004509809892624617 12
1762277805846 0.004447136539965868 13
1762277805849 0.00442877784371376 14
1762277805849 0.004391903057694435 15
1762277805865 0.004310421645641327 16
1762277805865 0.004293374717235565 17
1762277805880 0.00428405124694109 18
1762277805880 0.004205663688480854 19
1762277805896 0.004209133330732584 20
1762277805896 0.004162705037742853 21
1762277805911 0.0041372524574398994 22
1762277805911 0.004110309761017561 23
1762277805933 0.004085746593773365 24
1762277805936 0.004077776335179806 25
1762277805936 0.004051325377076864 26
1762277805957 0.004029637668281794 27
1762277805965 0.003972537349909544 28
1762277805972 0.003950921818614006 29
1762277805980 0.003936834167689085 30
1762277805989 0.003890391904860735 31
1762277805997 0.0038801771588623524 32
1762277806005 0.003861071774736047 33
1762277806013 0.0038383600767701864 34
1762277806021 0.003798734862357378 35
1762277806029 0.003760882653295994 36
1762277806037 0.0036970297805964947 37
1762277806045 0.003701290348544717 38
1762277806053 0.003695411840453744 39
1762277806062 0.003620206844061613 40
1762277806069 0.003582561621442437 41
1762277806077 0.0035800249315798283 42
1762277806077 0.003560079028829932 43
1762277806092 0.003504594787955284 44
1762277806092 0.003443254390731454 45
1762277806092 0.003408003831282258 46
1762277806108 0.0033735318575054407 47
1762277806108 0.003322386648505926 48
1762277806124 0.0032674402464181185 49
1762277806124 0.003217677352949977 50
1762277806139 0.0031235695350915194 51
1762277806139 0.003070360515266657 52
1762277806155 0.003052560845389962 53
1762277806155 0.0030067700427025557 54
1762277806177 0.002968547400087118 55
1762277806185 0.0029864362441003323 56
1762277806192 0.0029330358374863863 57
1762277806199 0.0029231158550828695 58
1762277806199 0.0028548482805490494 59
1762277806214 0.002799701178446412 60
1762277806214 0.0027653235010802746 61
1762277806230 0.002716934308409691 62
1762277806230 0.002726188628003001 63
1762277806247 0.002696641953662038 64
1762277806255 0.002677906071767211 65
1762277806263 0.0026388540863990784 66
1762277806265 0.002571783261373639 67
1762277806265 0.0025735083036124706 68
1762277806289 0.0025436452124267817 69
1762277806296 0.002513687824830413 70
1762277806296 0.0024674267042428255 71
1762277806311 0.0024785150308161974 72
1762277806311 0.002438070485368371 73
1762277806329 0.0024231080897152424 74
1762277806337 0.002401251345872879 75
1762277806345 0.002350979018956423 76
1762277806353 0.0023604854941368103 77
1762277806361 0.0023175491951406 78
1762277806369 0.002256575971841812 79
1762277806374 0.002251612488180399 80
1762277806374 0.0022091532591730356 81
1762277806392 0.002197462599724531 82
1762277806400 0.0021783376578241587 83
1762277806405 0.002157304435968399 84
1762277806405 0.002171333646401763 85
1762277806420 0.0021472570952028036 86
1762277806420 0.002110867528244853 87
1762277806436 0.0021111650858074427 88
1762277806436 0.0020447904244065285 89
1762277806452 0.002032241551205516 90
1762277806452 0.002056624973192811 91
1762277806467 0.0020161098800599575 92
1762277806467 0.001990892458707094 93
1762277806484 0.001967100193724036 94
1762277806492 0.001963268732652068 95
1762277806500 0.0019345689797773957 96
1762277806508 0.001932515180669725 97
1762277806516 0.0019242172129452229 98
1762277806524 0.0018998936284333467 99
1762277806532 0.0018730750307440758 100
