1762277570274 0.027455303817987442 1
1762277570283 0.012044073082506657 2
1762277570291 0.00818180013448 3
1762277570300 0.006590003147721291 4
1762277570309 0.005744158755987883 5
1762277570314 0.005366882309317589 6
1762277570325 0.005077194422483444 7
1762277570325 0.00493193045258522 8
1762277570341 0.004859031178057194 9
1762277570341 0.004769657738506794 10
1762277570359 0.004766808357089758 11
1762277570366 0.004770704545080662 12
1762277570374 0.0047318050637841225 13
1762277570382 0.004721223376691341 14
1762277570389 0.004738792777061462 15
1762277570398 0.004721270874142647 16
1762277570405 0.0046746996231377125 17
1762277570408 0.004672293085604906 18
1762277570408 0.004691419191658497 19
1762277570424 0.004662822466343641 20
1762277570424 0.004670110531151295 21
1762277570440 0.0046602897346019745 22
1762277570440 0.00469088414683938 23
1762277570455 0.004660898819565773 24
1762277570455 0.004661072511225939 25
1762277570471 0.004681135527789593 26
1762277570471 0.004697313066571951 27
1762277570492 0.004641546402126551 28
1762277570499 0.004679286852478981 29
1762277570507 0.00462703499943018 30
1762277570515 0.004640044178813696 31
1762277570522 0.004662071354687214 32
1762277570530 0.004645718261599541 33
1762277570534 0.004606250207871199 34
1762277570534 0.004633825272321701 35
1762277570549 0.004635802935808897 36
1762277570549 0.004596130922436714 37
1762277570571 0.004610796459019184 38
1762277570578 0.0046141366474330425 39
1762277570586 0.004596549551934004 40
1762277570591 0.00457927118986845 41
1762277570591 0.004614843521267176 42
1762277570610 0.004580385517328978 43
1762277570618 0.004591453354805708 44
1762277570626 0.004575353115797043 45
1762277570633 0.004580538719892502 46
1762277570641 0.0045615597628057 47
1762277570649 0.0045598698779940605 48
1762277570657 0.004553242586553097 49
1762277570658 0.004580261185765266 50
1762277570674 0.004554843995720148 51
1762277570681 0.004580190405249596 52
1762277570689 0.004553831182420254 53
1762277570699 0.00455575343221426 54
1762277570707 0.004539561457931995 55
1762277570715 0.004532715771347284 56
1762277570723 0.004530850797891617 57
1762277570731 0.004536490887403488 58
1762277570739 0.004531193990260363 59
1762277570747 0.004536749795079231 60
1762277570751 0.004536888562142849 61
1762277570751 0.004546775482594967 62
1762277570767 0.004562946502119303 63
1762277570767 0.004545622505247593 64
1762277570783 0.00455125980079174 65
1762277570783 0.004545534495264292 66
1762277570798 0.004551006015390158 67
1762277570798 0.004522472154349089 68
1762277570814 0.004543535877019167 69
1762277570814 0.0045418827794492245 70
1762277570834 0.004508115351200104 71
1762277570842 0.004560211673378944 72
1762277570849 0.004460507072508335 73
1762277570857 0.004527202807366848 74
1762277570861 0.00452242000028491 75
1762277570861 0.004462871700525284 76
1762277570881 0.004525889176875353 77
1762277570889 0.004524160176515579 78
1762277570897 0.004456386901438236 79
1762277570904 0.004490700550377369 80
1762277570908 0.004481622949242592 81
1762277570908 0.00446295365691185 82
1762277570923 0.0044886390678584576 83
1762277570923 0.004489230923354626 84
1762277570943 0.004442515783011913 85
1762277570950 0.0044668265618383884 86
1762277570958 0.004485161509364843 87
1762277570965 0.004441285040229559 88
1762277570970 0.004433693829923868 89
1762277570970 0.004471267573535442 90
1762277570986 0.004507596604526043 91
1762277570986 0.004425952211022377 92
1762277571001 0.004395769443362951 93
1762277571001 0.004407823085784912 94
1762277571017 0.004456891678273678 95
1762277571017 0.004391510970890522 96
1762277571033 0.004350691568106413 97
1762277571033 0.004395974799990654 98
1762277571049 0.00444250600412488 99
1762277571056 0.004346310626715422 100
