1762330093890 0.025443190708756447 1
1762330093915 0.0077443537302315235 2
1762330093915 0.007080115843564272 3
1762330093942 0.006580678280442953 4
1762330093953 0.006203399505466223 5
1762330093963 0.005907369311898947 6
1762330093964 0.005690687336027622 7
1762330093980 0.005537652410566807 8
1762330093993 0.0054223318584263325 9
1762330094005 0.0053417314775288105 10
1762330094008 0.005257700104266405 11
1762330094025 0.005228321999311447 12
1762330094034 0.005158654879778624 13
1762330094040 0.005108683370053768 14
1762330094040 0.005065352655947208 15
1762330094056 0.005043653305619955 16
1762330094056 0.0049840835854411125 17
1762330094071 0.004966285545378923 18
1762330094087 0.0049364580772817135 19
1762330094087 0.004912640433758497 20
1762330094112 0.004900102969259024 21
1762330094118 0.0048956722021102905 22
1762330094118 0.004880667198449373 23
1762330094142 0.0048790001310408115 24
1762330094150 0.004878274630755186 25
1762330094150 0.004851554054766893 26
1762330094165 0.0048357052728533745 27
1762330094187 0.004829306621104479 28
1762330094197 0.00483202887699008 29
1762330094206 0.00482413824647665 30
1762330094216 0.004830998368561268 31
1762330094226 0.004807411693036556 32
1762330094227 0.004792692139744759 33
1762330094244 0.004784832242876291 34
1762330094254 0.004768988583236933 35
1762330094263 0.0048185428604483604 36
1762330094272 0.00471607968211174 37
1762330094281 0.0047172559425234795 38
1762330094282 0.004661455750465393 39
1762330094297 0.0046716853976249695 40
1762330094297 0.0046514044515788555 41
1762330094313 0.004653004463762045 42
1762330094329 0.0045177508145570755 43
1762330094347 0.004477380309253931 44
1762330094367 0.004418669268488884 45
1762330094382 0.004380379803478718 46
1762330094398 0.004413467366248369 47
1762330094425 0.004350331611931324 48
1762330094431 0.004289416596293449 49
1762330094446 0.004279871005564928 50
1762330094446 0.004246692638844252 51
1762330094465 0.004243058618158102 52
1762330094473 0.004216647706925869 53
1762330094476 0.004193244036287069 54
1762330094476 0.0041738818399608135 55
1762330094492 0.004153040237724781 56
1762330094508 0.0041223145090043545 57
1762330094523 0.004089145455509424 58
1762330094539 0.004058740101754665 59
1762330094539 0.004042895510792732 60
1762330094554 0.004052531439810991 61
1762330094554 0.00405776035040617 62
1762330094570 0.004005829803645611 63
1762330094586 0.00396052235737443 64
1762330094601 0.003953353967517614 65
1762330094617 0.004004739224910736 66
1762330094617 0.003945283591747284 67
1762330094637 0.003918950445950031 68
1762330094646 0.00388084864243865 69
1762330094656 0.0038842882495373487 70
1762330094665 0.0038621951825916767 71
1762330094673 0.0038325395435094833 72
1762330094683 0.0038205236196517944 73
1762330094691 0.003823675215244293 74
1762330094701 0.003807983361184597 75
1762330094712 0.003800686215981841 76
1762330094721 0.0038035467732697725 77
1762330094733 0.003760312218219042 78
1762330094743 0.0037491689436137676 79
1762330094752 0.0037339581176638603 80
1762330094762 0.0037081362679600716 81
1762330094773 0.003662202972918749 82
1762330094773 0.0036709546111524105 83
1762330094789 0.0036645145155489445 84
1762330094804 0.0036444005090743303 85
1762330094815 0.003655952401459217 86
1762330094825 0.003618660382926464 87
1762330094832 0.0036087941844016314 88
1762330094832 0.0035822817590087652 89
1762330094848 0.0035550235770642757 90
1762330094848 0.0035463401582092047 91
1762330094863 0.003569573862478137 92
1762330094863 0.0035371154081076384 93
1762330094879 0.003516398137435317 94
1762330094895 0.0035334464628249407 95
1762330094910 0.003467005677521229 96
1762330094910 0.003475960809737444 97
1762330094926 0.0034673854243010283 98
1762330094942 0.003464125795289874 99
1762330094942 0.0034657735377550125 100
