1762328603853 0.01940891146659851 1
1762328603863 0.00917752180248499 2
1762328603872 0.008410981856286526 3
1762328603881 0.008009657263755798 4
1762328603885 0.007750237826257944 5
1762328603885 0.007567123044282198 6
1762328603908 0.0074227117002010345 7
1762328603916 0.007348257582634687 8
1762328603925 0.007184211630374193 9
1762328603933 0.0071018352173268795 10
1762328603941 0.007024576421827078 11
1762328603949 0.006939784158021212 12
1762328603950 0.0068382155150175095 13
1762328603950 0.006788837257772684 14
1762328603966 0.006737650837749243 15
1762328603966 0.0067084236070513725 16
1762328603989 0.0066787609830498695 17
1762328603998 0.0066439202055335045 18
1762328604005 0.006626943591982126 19
1762328604014 0.006592741701751947 20
1762328604019 0.006582976784557104 21
1762328604019 0.006602809298783541 22
1762328604034 0.006602903362363577 23
1762328604034 0.006595224607735872 24
1762328604050 0.0066460189409554005 25
1762328604050 0.006538797169923782 26
1762328604066 0.006569655146449804 27
1762328604066 0.006548117380589247 28
1762328604085 0.006561469752341509 29
1762328604093 0.006640119478106499 30
1762328604097 0.006527728401124477 31
1762328604097 0.006496658083051443 32
1762328604117 0.006462829653173685 33
1762328604125 0.006496609188616276 34
1762328604134 0.006409294903278351 35
1762328604143 0.006276263389736414 36
1762328604151 0.0063329096883535385 37
1762328604160 0.006358186714351177 38
1762328604168 0.006174709182232618 39
1762328604176 0.006271975580602884 40
1762328604186 0.0064690797589719296 41
1762328604194 0.006377506069839001 42
1762328604202 0.006441775243729353 43
1762328604206 0.006103357300162315 44
1762328604206 0.006197729613631964 45
1762328604227 0.006150348111987114 46
1762328604235 0.006242288276553154 47
1762328604238 0.006029519718140364 48
1762328604238 0.006128198932856321 49
1762328604253 0.006096122320741415 50
1762328604253 0.005901699885725975 51
1762328604269 0.00588250020518899 52
1762328604269 0.005948224104940891 53
1762328604291 0.005734327714890242 54
1762328604299 0.005850653164088726 55
1762328604301 0.005687945056706667 56
1762328604301 0.005648097023367882 57
1762328604316 0.005633169785141945 58
1762328604316 0.005547672510147095 59
1762328604332 0.005640154704451561 60
1762328604348 0.005628896877169609 61
1762328604348 0.005499964579939842 62
1762328604363 0.005604143720120192 63
1762328604363 0.005707638803869486 64
1762328604379 0.005508054979145527 65
1762328604379 0.006065697409212589 66
1762328604396 0.0056138671934604645 67
1762328604405 0.005698507651686668 68
1762328604413 0.005423579830676317 69
1762328604421 0.0055303615517914295 70
1762328604426 0.005488996393978596 71
1762328604426 0.005406227894127369 72
1762328604445 0.005531223490834236 73
1762328604453 0.005533031187951565 74
1762328604461 0.0053877332247793674 75
1762328604467 0.0052956161089241505 76
1762328604467 0.005162426270544529 77
1762328604482 0.005270687397569418 78
1762328604482 0.005351202096790075 79
1762328604501 0.005223642103374004 80
1762328604509 0.005476119462400675 81
1762328604517 0.005856756120920181 82
1762328604524 0.005569345783442259 83
1762328604532 0.005489877890795469 84
1762328604534 0.005448502022773027 85
1762328604534 0.005180040840059519 86
1762328604556 0.0052228206768631935 87
1762328604564 0.005130267236381769 88
1762328604573 0.005107539240270853 89
1762328604580 0.0049692257307469845 90
1762328604583 0.0050138672813773155 91
1762328604583 0.005068648606538773 92
1762328604599 0.005254944786429405 93
1762328604599 0.00503291841596365 94
1762328604615 0.004861499648541212 95
1762328604615 0.004892250988632441 96
1762328604635 0.004935655742883682 97
1762328604643 0.0049773636274039745 98
1762328604645 0.005006383638828993 99
1762328604645 0.005528170149773359 100
