1762519259007 4.999999873689376e-05 1
1762519259032 0.00029749999521300197 2
1762519259069 0.0005450000171549618 3
1762519259096 0.0007924999808892608 4
1762519259112 0.0010400000028312206 5
1762519259150 0.0012875000247731805 6
1762519259172 0.0015350000467151403 7
1762519259203 0.0017824999522417784 8
1762519259224 0.00203000009059906 9
1762519259255 0.002277499996125698 10
1762519259275 0.002524999901652336 11
1762519259309 0.002772500040009618 12
1762519259325 0.003019999945536256 13
1762519259360 0.0032675000838935375 14
1762519259393 0.0035149999894201756 15
1762519259410 0.0037624998949468136 16
1762519259442 0.004009999800473452 17
1762519259474 0.004257500171661377 18
1762519259501 0.004505000077188015 19
1762519259516 0.004752499982714653 20
1762519259547 0.004999999888241291 21
1762519259577 0.00499826529994607 22
1762519259609 0.004993063863366842 23
1762519259628 0.00498440396040678 24
1762519259663 0.004972298629581928 25
1762519259703 0.004956766963005066 26
1762519259730 0.004937832243740559 27
1762519259750 0.004915524274110794 28
1762519259779 0.004889877047389746 29
1762519259810 0.004860930610448122 30
1762519259838 0.00482872873544693 31
1762519259864 0.004793322179466486 32
1762519259880 0.0047547644935548306 33
1762519259920 0.004713116213679314 34
