1762519258984 0.16580121219158173 1
1762519259016 0.14830981194972992 2
1762519259045 0.13196717202663422 3
1762519259073 0.1172092854976654 4
1762519259096 0.10171397775411606 5
1762519259112 0.08141866326332092 6
1762519259154 0.07440012693405151 7
1762519259172 0.07041774690151215 8
1762519259209 0.06731674820184708 9
1762519259224 0.06532912701368332 10
1762519259259 0.06208823621273041 11
1762519259275 0.06178492307662964 12
1762519259309 0.061114732176065445 13
1762519259341 0.05906810238957405 14
1762519259360 0.05912090837955475 15
1762519259397 0.060862116515636444 16
1762519259410 0.06001843139529228 17
1762519259442 0.059458497911691666 18
1762519259478 0.06309226155281067 19
1762519259505 0.06175072863698006 20
1762519259531 0.06472833454608917 21
1762519259547 0.06114412471652031 22
1762519259577 0.06022851914167404 23
1762519259612 0.06305193156003952 24
1762519259628 0.05869881436228752 25
1762519259679 0.06040138006210327 26
1762519259703 0.06211778149008751 27
1762519259734 0.05779222771525383 28
1762519259750 0.06057699769735336 29
1762519259779 0.057948339730501175 30
1762519259814 0.05741335451602936 31
1762519259842 0.05936051160097122 32
1762519259864 0.05811275169253349 33
1762519259896 0.05639999359846115 34
