1762519258985 0.049342282116413116 1
1762519259019 0.03989749401807785 2
1762519259046 0.03188282251358032 3
1762519259081 0.025319384410977364 4
1762519259096 0.01984337344765663 5
1762519259127 0.013295440003275871 6
1762519259162 0.011118821799755096 7
1762519259189 0.010110650211572647 8
1762519259209 0.009163173846900463 9
1762519259240 0.009021283127367496 10
1762519259259 0.008303873240947723 11
1762519259290 0.008225475437939167 12
1762519259309 0.008308043703436852 13
1762519259341 0.00784229300916195 14
1762519259376 0.007672965992242098 15
1762519259405 0.008342977613210678 16
1762519259426 0.008157515898346901 17
1762519259459 0.008069559000432491 18
1762519259485 0.008825542405247688 19
1762519259513 0.008450801484286785 20
1762519259531 0.009433011524379253 21
1762519259562 0.008302020840346813 22
1762519259593 0.00801854208111763 23
1762519259612 0.008612672798335552 24
1762519259644 0.007710722740739584 25
1762519259687 0.008022218942642212 26
1762519259715 0.008576417341828346 27
1762519259734 0.007704998832195997 28
1762519259763 0.008332355879247189 29
1762519259795 0.007692866027355194 30
1762519259814 0.007384296972304583 31
1762519259845 0.007803809829056263 32
1762519259864 0.007679901551455259 33
1762519259903 0.007317682262510061 34
