1762937299227 9.999999747378752e-06 1
1762937299266 5.949999831500463e-05 2
1762937299286 0.00010900000052060932 3
1762937299325 0.0001584999990882352 4
1762937299372 0.00020799999765586108 5
1762937299403 0.0002575000107754022 6
1762937299434 0.00030700000934302807 7
1762937299465 0.00035650000791065395 8
1762937299512 0.00040600000647827983 9
1762937299543 0.0004555000050459057 10
1762937299637 0.0005050000036135316 11
1762937299700 0.000554499973077327 12
1762937299778 0.0006040000007487833 13
1762937299846 0.0006535000284202397 14
1762937299882 0.0007029999978840351 15
1762937299903 0.0007525000255554914 16
1762937299934 0.0008019999950192869 17
1762937299981 0.0008515000226907432 18
1762937300012 0.0009009999921545386 19
1762937300043 0.000950500019825995 20
1762937300075 0.0010000000474974513 21
1762937300106 0.0009996530134230852 22
1762937300137 0.0009986128425225616 23
1762937300168 0.0009968808153644204 24
1762937300215 0.0009944597259163857 25
1762937300247 0.0009913534158840775 26
1762937300284 0.0009875664254650474 27
1762937300317 0.00098310480825603 28
1762937300340 0.0009779754327610135 29
1762937300372 0.00097218609880656 30
1762937300403 0.0009657457703724504 31
1762937300450 0.0009586644009687006 32
1762937300481 0.0009509529336355627 33
1762937300517 0.0009426231845282018 34
1762937300543 0.0009336880757473409 35
1762937300575 0.0009241613443009555 36
1762937300606 0.0009140576585195959 37
1762937300637 0.0009033926180563867 38
1762937300684 0.0008921826956793666 39
1762937300718 0.0008804451208561659 40
1762937300746 0.0008681980543769896 41
1762937300778 0.0008554603555239737 42
