1762937299195 0.46998438239097595 1
1762937299235 0.3811114728450775 2
1762937299272 0.32302477955818176 3
1762937299307 0.2895406186580658 4
1762937299341 0.25672003626823425 5
1762937299372 0.22242088615894318 6
1762937299403 0.20023953914642334 7
1762937299434 0.186820387840271 8
1762937299465 0.16975188255310059 9
1762937299512 0.1573338508605957 10
1762937299559 0.1466183066368103 11
1762937299653 0.1379501223564148 12
1762937299722 0.13157938420772552 13
1762937299788 0.12485227733850479 14
1762937299852 0.12126882374286652 15
1762937299887 0.11629992723464966 16
1762937299919 0.11544350534677505 17
1762937299950 0.11334363371133804 18
1762937299981 0.11247030645608902 19
1762937300012 0.1102973222732544 20
1762937300043 0.10875173658132553 21
1762937300075 0.10707255452871323 22
1762937300106 0.10483981668949127 23
1762937300153 0.10680896043777466 24
1762937300184 0.10479170083999634 25
1762937300215 0.10316845774650574 26
1762937300247 0.1043136715888977 27
1762937300289 0.10272137075662613 28
1762937300322 0.10184077173471451 29
1762937300340 0.10199355334043503 30
1762937300387 0.10273078829050064 31
1762937300419 0.10199643671512604 32
1762937300450 0.10109115391969681 33
1762937300481 0.10181675851345062 34
1762937300521 0.1002841666340828 35
1762937300543 0.10025706887245178 36
1762937300575 0.10032743960618973 37
1762937300622 0.10074678808450699 38
1762937300653 0.10064412653446198 39
1762937300684 0.10064619034528732 40
1762937300723 0.09996608644723892 41
1762937300746 0.09889814257621765 42
