1762937472360 0.03717809170484543 1
1762937472381 0.020039983093738556 2
1762937472381 0.017880139872431755 3
1762937472401 0.016227012500166893 4
1762937472413 0.016156906262040138 5
1762937472413 0.015353959053754807 6
1762937472429 0.014946546405553818 7
1762937472449 0.015499929897487164 8
1762937472461 0.012650770135223866 9
1762937472471 0.014695457182824612 10
1762937472481 0.012690448202192783 11
1762937472491 0.014025111682713032 12
1762937472495 0.012930462136864662 13
1762937472511 0.013684098608791828 14
1762937472521 0.014436808414757252 15
1762937472532 0.013534645549952984 16
1762937472542 0.015144357457756996 17
1762937472553 0.013832059688866138 18
1762937472564 0.015134956687688828 19
1762937472574 0.0168467927724123 20
1762937472578 0.013078352436423302 21
1762937472593 0.014741755090653896 22
1762937472593 0.015047917142510414 23
1762937472614 0.016576780006289482 24
1762937472624 0.015478508546948433 25
1762937472635 0.014206891879439354 26
1762937472646 0.015861941501498222 27
1762937472656 0.01190951094031334 28
1762937472674 0.013944280333817005 29
1762937472685 0.014268629252910614 30
1762937472703 0.01521307323127985 31
1762937472714 0.015243138186633587 32
1762937472718 0.015199312940239906 33
1762937472739 0.013812202960252762 34
1762937472752 0.013872163370251656 35
1762937472763 0.012744535692036152 36
1762937472773 0.014514310285449028 37
1762937472783 0.015779143199324608 38
1762937472793 0.015531940385699272 39
1762937472795 0.01500465627759695 40
1762937472810 0.014498497359454632 41
1762937472810 0.013480274006724358 42
1762937472832 0.01370943896472454 43
1762937472842 0.011609986424446106 44
1762937472852 0.014692556113004684 45
1762937472855 0.014687372371554375 46
1762937472871 0.015363804996013641 47
1762937472871 0.015420611947774887 48
1762937472886 0.014064019545912743 49
1762937472886 0.014638232067227364 50
1762937472902 0.012907671742141247 51
1762937472918 0.013837174512445927 52
1762937472918 0.015682291239500046 53
1762937472933 0.011575049720704556 54
