1762937384270 0.02778339758515358 1
1762937384283 0.03315988928079605 2
1762937384293 0.029744647443294525 3
1762937384293 0.02719520963728428 4
1762937384309 0.025249825790524483 5
1762937384327 0.03216289356350899 6
1762937384338 0.02449006401002407 7
1762937384349 0.025709029287099838 8
1762937384360 0.02509564906358719 9
1762937384370 0.024365300312638283 10
1762937384380 0.027845023199915886 11
1762937384391 0.02748609147965908 12
1762937384402 0.027456799522042274 13
1762937384411 0.025179486721754074 14
1762937384423 0.02897775173187256 15
1762937384433 0.02472749352455139 16
1762937384444 0.024437645450234413 17
1762937384453 0.023743899539113045 18
1762937384464 0.0260488111525774 19
1762937384474 0.02367417886853218 20
1762937384485 0.023419903591275215 21
1762937384496 0.028254082426428795 22
1762937384506 0.023506583645939827 23
1762937384516 0.024156076833605766 24
1762937384527 0.024195414036512375 25
1762937384538 0.027670560404658318 26
1762937384549 0.02404012903571129 27
1762937384560 0.02473657764494419 28
1762937384571 0.024099133908748627 29
1762937384585 0.02721291035413742 30
1762937384596 0.024211829528212547 31
1762937384605 0.030627267435193062 32
1762937384616 0.0231576357036829 33
1762937384626 0.030755799263715744 34
1762937384636 0.025172218680381775 35
1762937384647 0.023193007335066795 36
1762937384658 0.02474956586956978 37
1762937384668 0.023644674569368362 38
1762937384678 0.023442575708031654 39
1762937384688 0.026588063687086105 40
1762937384698 0.025365669280290604 41
1762937384709 0.028383031487464905 42
1762937384720 0.024246467277407646 43
1762937384730 0.029230182990431786 44
1762937384740 0.022482700645923615 45
1762937384750 0.025081602856516838 46
1762937384756 0.0237945094704628 47
1762937384772 0.02464768849313259 48
1762937384782 0.024035176262259483 49
