1762937299207 0.3465713858604431 1
1762937299237 0.2433815747499466 2
1762937299281 0.17467887699604034 3
1762937299320 0.14055395126342773 4
1762937299341 0.10806713253259659 5
1762937299372 0.08159077167510986 6
1762937299418 0.06651566922664642 7
1762937299450 0.05671500414609909 8
1762937299481 0.048897650092840195 9
1762937299528 0.04260258749127388 10
1762937299575 0.03779743239283562 11
1762937299668 0.034397903829813004 12
1762937299735 0.03236055001616478 13
1762937299817 0.030056755989789963 14
1762937299862 0.02975599095225334 15
1762937299897 0.02791322022676468 16
1762937299919 0.027917129918932915 17
1762937299950 0.027186453342437744 18
1762937299997 0.026943784207105637 19
1762937300028 0.026487402617931366 20
1762937300059 0.025963429361581802 21
1762937300090 0.025481583550572395 22
1762937300122 0.0250815749168396 23
1762937300153 0.02596549317240715 24
1762937300184 0.025597915053367615 25
1762937300231 0.024937327951192856 26
1762937300262 0.025379348546266556 27
1762937300298 0.02518942952156067 28
1762937300331 0.024917395785450935 29
1762937300356 0.024889567866921425 30
1762937300387 0.024868516251444817 31
1762937300419 0.024417081847786903 32
1762937300450 0.02475835010409355 33
1762937300497 0.024781489744782448 34
1762937300528 0.02463397942483425 35
1762937300559 0.0247260183095932 36
1762937300590 0.02442150190472603 37
1762937300622 0.024536628276109695 38
1762937300653 0.02480115368962288 39
1762937300684 0.02486536279320717 40
1762937300733 0.02426564134657383 41
1762937300762 0.0242100078612566 42
