1762518944370 4.999999873689376e-05 1
1762518944399 0.00029749999521300197 2
1762518944428 0.0005450000171549618 3
1762518944459 0.0007924999808892608 4
1762518944488 0.0010400000028312206 5
1762518944519 0.0012875000247731805 6
1762518944549 0.0015350000467151403 7
1762518944578 0.0017824999522417784 8
1762518944606 0.00203000009059906 9
1762518944634 0.002277499996125698 10
1762518944665 0.002524999901652336 11
1762518944693 0.002772500040009618 12
1762518944720 0.003019999945536256 13
1762518944748 0.0032675000838935375 14
1762518944776 0.0035149999894201756 15
1762518944805 0.0037624998949468136 16
1762518944832 0.004009999800473452 17
1762518944867 0.004257500171661377 18
1762518944907 0.004505000077188015 19
1762518944936 0.004752499982714653 20
1762518944964 0.004999999888241291 21
1762518944977 0.00499826529994607 22
1762518945018 0.004993063863366842 23
1762518945032 0.00498440396040678 24
1762518945061 0.004972298629581928 25
1762518945096 0.004956766963005066 26
1762518945125 0.004937832243740559 27
1762518945146 0.004915524274110794 28
1762518945178 0.004889877047389746 29
1762518945212 0.004860930610448122 30
1762518945263 0.00482872873544693 31
1762518945278 0.004793322179466486 32
1762518945319 0.0047547644935548306 33
