1762518944341 0.1523696482181549 1
1762518944374 0.14442478120326996 2
1762518944403 0.1340954303741455 3
1762518944432 0.11167414486408234 4
1762518944464 0.08832623064517975 5
1762518944492 0.0741143599152565 6
1762518944523 0.06774100661277771 7
1762518944553 0.06439182162284851 8
1762518944582 0.06124797463417053 9
1762518944611 0.06009240075945854 10
1762518944634 0.05954199284315109 11
1762518944669 0.059169042855501175 12
1762518944697 0.05723678693175316 13
1762518944725 0.05825125053524971 14
1762518944752 0.059567905962467194 15
1762518944777 0.05679364502429962 16
1762518944808 0.05835871025919914 17
1762518944836 0.06054463982582092 18
1762518944875 0.05899900197982788 19
1762518944911 0.05932394787669182 20
1762518944938 0.05820022150874138 21
1762518944968 0.06019910052418709 22
1762518944995 0.060243550688028336 23
1762518945022 0.05911622196435928 24
1762518945045 0.06046069785952568 25
1762518945061 0.058674272149801254 26
1762518945096 0.058840297162532806 27
1762518945129 0.059804148972034454 28
1762518945146 0.05763355642557144 29
1762518945178 0.059354837983846664 30
1762518945228 0.05705972760915756 31
1762518945263 0.057488612830638885 32
1762518945294 0.05672275274991989 33
