1762518944347 0.1523696482181549 1
1762518944378 0.14442478120326996 2
1762518944407 0.1340954303741455 3
1762518944436 0.11167414486408234 4
1762518944468 0.08832623064517975 5
1762518944498 0.0741143599152565 6
1762518944528 0.06774100661277771 7
1762518944556 0.06439182162284851 8
1762518944586 0.06124797463417053 9
1762518944615 0.06009240075945854 10
1762518944644 0.05954199284315109 11
1762518944673 0.059169042855501175 12
1762518944701 0.05723678693175316 13
1762518944729 0.05825125053524971 14
1762518944756 0.059567905962467194 15
1762518944777 0.05679364502429962 16
1762518944812 0.05835871025919914 17
1762518944840 0.06054463982582092 18
1762518944884 0.05899900197982788 19
1762518944915 0.05932394787669182 20
1762518944945 0.05820022150874138 21
1762518944972 0.06019910052418709 22
1762518944995 0.060243550688028336 23
1762518945026 0.05911622196435928 24
1762518945045 0.06046069785952568 25
1762518945077 0.058674272149801254 26
1762518945096 0.058840297162532806 27
1762518945132 0.059804148972034454 28
1762518945146 0.05763355642557144 29
1762518945178 0.059354837983846664 30
1762518945244 0.05705972760915756 31
1762518945263 0.057488612830638885 32
1762518945298 0.05672275274991989 33
