1762518944351 0.041655611246824265 1
1762518944383 0.038395993411540985 2
1762518944411 0.03272029757499695 3
1762518944440 0.02198626846075058 4
1762518944472 0.01446595974266529 5
1762518944502 0.010879998095333576 6
1762518944531 0.009354165755212307 7
1762518944561 0.00884203054010868 8
1762518944590 0.008155984804034233 9
1762518944619 0.00788866262882948 10
1762518944649 0.007847783155739307 11
1762518944677 0.007552060764282942 12
1762518944704 0.007464671973139048 13
1762518944733 0.00768305454403162 14
1762518944760 0.007815987803041935 15
1762518944777 0.0072285206988453865 16
1762518944816 0.007669251412153244 17
1762518944845 0.00822092592716217 18
1762518944887 0.00797483790665865 19
1762518944919 0.007957200519740582 20
1762518944949 0.0075385975651443005 21
1762518944976 0.008008581586182117 22
1762518944995 0.007979565300047398 23
1762518945030 0.007737172767519951 24
1762518945045 0.008131740614771843 25
1762518945077 0.007578040938824415 26
1762518945096 0.007716454565525055 27
1762518945136 0.007956352084875107 28
1762518945162 0.007580973207950592 29
1762518945178 0.008134421892464161 30
1762518945247 0.007420646492391825 31
1762518945263 0.007631018292158842 32
1762518945298 0.007350904401391745 33
