1762527575855 4.999999873689376e-05 1
1762527575888 0.00029749999521300197 2
1762527575916 0.0005450000171549618 3
1762527575932 0.0007924999808892608 4
1762527575954 0.0010400000028312206 5
1762527575996 0.0012875000247731805 6
1762527576026 0.0015350000467151403 7
1762527576050 0.0017824999522417784 8
1762527576071 0.00203000009059906 9
1762527576105 0.002277499996125698 10
1762527576121 0.002524999901652336 11
1762527576161 0.002772500040009618 12
1762527576188 0.003019999945536256 13
1762527576216 0.0032675000838935375 14
1762527576243 0.0035149999894201756 15
1762527576264 0.0037624998949468136 16
1762527576297 0.004009999800473452 17
1762527576325 0.004257500171661377 18
1762527576343 0.004505000077188015 19
1762527576373 0.004752499982714653 20
1762527576404 0.004999999888241291 21
1762527576433 0.00499826529994607 22
1762527576473 0.004993063863366842 23
1762527576499 0.00498440396040678 24
1762527576529 0.004972298629581928 25
1762527576545 0.004956766963005066 26
1762527576575 0.004937832243740559 27
1762527576606 0.004915524274110794 28
1762527576626 0.004889877047389746 29
1762527576662 0.004860930610448122 30
1762527576689 0.00482872873544693 31
1762527576716 0.004793322179466486 32
1762527576745 0.0047547644935548306 33
