1762527765860 0.034224919974803925 1
1762527765869 0.011063965037465096 2
1762527765877 0.007306853774935007 3
1762527765885 0.006134966854006052 4
1762527765895 0.0057149045169353485 5
1762527765895 0.0055105676874518394 6
1762527765909 0.00542591605335474 7
1762527765909 0.0053392136469483376 8
1762527765928 0.005309971980750561 9
1762527765936 0.005262627732008696 10
1762527765944 0.005244995001703501 11
1762527765952 0.005222483072429895 12
1762527765960 0.005213748198002577 13
1762527765968 0.005147973541170359 14
1762527765976 0.0051444158889353275 15
1762527765984 0.005148227326571941 16
1762527765991 0.005105290096253157 17
1762527765999 0.005152035970240831 18
1762527766007 0.005128377117216587 19
1762527766015 0.005102637689560652 20
1762527766023 0.0050644464790821075 21
1762527766031 0.005072189029306173 22
1762527766039 0.005059713963419199 23
1762527766046 0.005047176498919725 24
1762527766054 0.005046949256211519 25
1762527766063 0.005026962608098984 26
1762527766071 0.005032646004110575 27
1762527766077 0.005002115853130817 28
1762527766084 0.00501972995698452 29
1762527766084 0.005009974353015423 30
1762527766100 0.005022465717047453 31
1762527766100 0.004988619592040777 32
1762527766115 0.004991303663700819 33
1762527766115 0.004975834861397743 34
1762527766131 0.005005480721592903 35
1762527766134 0.004966846201568842 36
1762527766134 0.0049957456067204475 37
1762527766150 0.0050027864053845406 38
1762527766150 0.004938053898513317 39
1762527766166 0.004945351276546717 40
1762527766166 0.004928270820528269 41
1762527766185 0.00496455654501915 42
1762527766185 0.004889323841780424 43
1762527766200 0.004920720122754574 44
1762527766200 0.004915091674774885 45
1762527766216 0.0049119251780211926 46
1762527766216 0.004880318883806467 47
1762527766232 0.004874357022345066 48
1762527766235 0.004885949194431305 49
1762527766235 0.004904155619442463 50
1762527766251 0.004873305093497038 51
1762527766251 0.004897032864391804 52
1762527766266 0.004860595799982548 53
1762527766266 0.004862045869231224 54
1762527766287 0.004868393763899803 55
1762527766295 0.004855132661759853 56
1762527766303 0.004818918649107218 57
1762527766310 0.004812714643776417 58
1762527766310 0.004834370221942663 59
1762527766326 0.0048527587205171585 60
1762527766326 0.004803873132914305 61
1762527766336 0.004786653909832239 62
1762527766336 0.004784838296473026 63
1762527766352 0.004751152824610472 64
1762527766352 0.004788827151060104 65
1762527766368 0.004768714774399996 66
1762527766368 0.004760466516017914 67
1762527766387 0.004734025802463293 68
1762527766387 0.004731285385787487 69
1762527766403 0.00476557482033968 70
1762527766403 0.004743526224046946 71
1762527766421 0.004701745230704546 72
1762527766428 0.0047224704176187515 73
1762527766436 0.00471833348274231 74
1762527766444 0.004658430814743042 75
1762527766453 0.004678668919950724 76
1762527766460 0.004664877895265818 77
1762527766468 0.004581670742481947 78
1762527766476 0.004649638663977385 79
1762527766484 0.004620549734681845 80
1762527766491 0.004587938077747822 81
1762527766499 0.004555653315037489 82
1762527766507 0.004615516867488623 83
1762527766515 0.004516600165516138 84
1762527766523 0.004616458900272846 85
1762527766530 0.004530728794634342 86
1762527766538 0.004523962736129761 87
1762527766538 0.004545176867395639 88
1762527766553 0.004462777636945248 89
1762527766553 0.004493667744100094 90
1762527766569 0.004521600902080536 91
1762527766569 0.004518984351307154 92
1762527766585 0.004430345259606838 93
1762527766588 0.004485002718865871 94
1762527766588 0.004410891328006983 95
1762527766604 0.004450011998414993 96
1762527766604 0.004438048228621483 97
1762527766620 0.004428407642990351 98
1762527766620 0.00439723813906312 99
1762527766635 0.00438110064715147 100
