1762527575827 0.2858828902244568 1
1762527575866 0.1942007839679718 2
1762527575889 0.13838742673397064 3
1762527575924 0.1143139898777008 4
1762527575947 0.10294239223003387 5
1762527575970 0.09280630946159363 6
1762527576004 0.08010465651750565 7
1762527576034 0.07534712553024292 8
1762527576055 0.07083669304847717 9
1762527576086 0.0689358338713646 10
1762527576105 0.0684518963098526 11
1762527576137 0.06598597764968872 12
1762527576169 0.06445632874965668 13
1762527576197 0.06441580504179001 14
1762527576224 0.0653429627418518 15
1762527576251 0.062395818531513214 16
1762527576264 0.0608476847410202 17
1762527576305 0.06191541254520416 18
1762527576327 0.06450045853853226 19
1762527576357 0.06473666429519653 20
1762527576373 0.06298143416643143 21
1762527576408 0.06398984044790268 22
1762527576436 0.06443697214126587 23
1762527576481 0.06313631683588028 24
1762527576509 0.05973587557673454 25
1762527576536 0.06378068029880524 26
1762527576559 0.06037493050098419 27
1762527576575 0.060220640152692795 28
1762527576610 0.058446597307920456 29
1762527576642 0.05743097513914108 30
1762527576669 0.06023480370640755 31
1762527576697 0.05952067673206329 32
1762527576726 0.05834197252988815 33
