1762527575827 0.13685202598571777 1
1762527575871 0.0629211813211441 2
1762527575900 0.03258700668811798 3
1762527575928 0.022688644006848335 4
1762527575954 0.01873801089823246 5
1762527575970 0.015663566067814827 6
1762527576004 0.012273073196411133 7
1762527576034 0.011050882749259472 8
1762527576055 0.009901253506541252 9
1762527576086 0.009554299525916576 10
1762527576105 0.00933073554188013 11
1762527576137 0.008853544481098652 12
1762527576171 0.008571033366024494 13
1762527576200 0.00830425787717104 14
1762527576228 0.008510050363838673 15
1762527576255 0.007925864309072495 16
1762527576279 0.007824987173080444 17
1762527576309 0.008105902001261711 18
1762527576327 0.008708499372005463 19
1762527576357 0.008426854386925697 20
1762527576389 0.008225882425904274 21
1762527576408 0.008273089304566383 22
1762527576436 0.00854811817407608 23
1762527576483 0.008069606497883797 24
1762527576509 0.00752556836232543 25
1762527576540 0.008805881254374981 26
1762527576559 0.008090241812169552 27
1762527576591 0.007529521826654673 28
1762527576610 0.007376553490757942 29
1762527576646 0.007165675982832909 30
1762527576673 0.007766480091959238 31
1762527576701 0.007552458439022303 32
1762527576729 0.007536918856203556 33
