1762277177769 0.024055790156126022 1
1762277177779 0.009276192635297775 2
1762277177780 0.008880773559212685 3
1762277177796 0.008661845698952675 4
1762277177804 0.008481500670313835 5
1762277177813 0.008352242410182953 6
1762277177819 0.008226048201322556 7
1762277177829 0.008118579164147377 8
1762277177837 0.008062767796218395 9
1762277177845 0.007977224886417389 10
1762277177852 0.007895249873399734 11
1762277177861 0.0078056370839476585 12
1762277177869 0.007752580568194389 13
1762277177876 0.0077528441324830055 14
1762277177884 0.0076943389140069485 15
1762277177894 0.007654660381376743 16
1762277177902 0.007627285551279783 17
1762277177906 0.007634938228875399 18
1762277177906 0.007594875525683165 19
1762277177921 0.007579081226140261 20
1762277177921 0.007555664982646704 21
1762277177937 0.007541706785559654 22
1762277177937 0.007527550682425499 23
1762277177957 0.007496591191738844 24
1762277177965 0.00754167977720499 25
1762277177972 0.00721786031499505 26
1762277177980 0.007128314580768347 27
1762277177988 0.006933493074029684 28
1762277177995 0.006752355955541134 29
1762277178003 0.0065706223249435425 30
1762277178010 0.0065733036026358604 31
1762277178018 0.006417722441256046 32
1762277178022 0.00639695581048727 33
1762277178022 0.006324665155261755 34
1762277178038 0.006329307798296213 35
1762277178038 0.006225814577192068 36
1762277178053 0.006215013563632965 37
1762277178053 0.006170377135276794 38
1762277178069 0.006159832235425711 39
1762277178069 0.006141034420579672 40
1762277178084 0.0060942647978663445 41
1762277178084 0.006070145405828953 42
1762277178100 0.006021454930305481 43
1762277178100 0.0060029663145542145 44
1762277178119 0.0060052089393138885 45
1762277178126 0.005952383857220411 46
1762277178131 0.005939955823123455 47
1762277178131 0.0059510450810194016 48
1762277178147 0.005915384739637375 49
1762277178147 0.005946928169578314 50
1762277178162 0.005861068610101938 51
1762277178162 0.005840274505317211 52
1762277178180 0.005811869632452726 53
1762277178188 0.005796251352876425 54
1762277178196 0.005764287896454334 55
1762277178204 0.005770992487668991 56
1762277178212 0.005736085120588541 57
1762277178219 0.005809850990772247 58
1762277178222 0.005700570996850729 59
1762277178222 0.005709678400307894 60
1762277178238 0.005723121576011181 61
1762277178238 0.005769628565758467 62
1762277178254 0.005686682183295488 63
1762277178254 0.0056734466925263405 64
1762277178274 0.005721149500459433 65
1762277178282 0.005679229740053415 66
1762277178288 0.005669251549988985 67
1762277178288 0.0057016396895051 68
1762277178304 0.005681694019585848 69
1762277178304 0.00569613603875041 70
1762277178319 0.005656343884766102 71
1762277178319 0.0056250859051942825 72
1762277178336 0.005629401654005051 73
1762277178343 0.005628070328384638 74
1762277178349 0.005606711842119694 75
1762277178349 0.005597778130322695 76
1762277178365 0.005595771130174398 77
1762277178365 0.0055688428692519665 78
1762277178382 0.005585584323853254 79
1762277178390 0.0055928584188222885 80
1762277178397 0.005560046061873436 81
1762277178406 0.0055465190671384335 82
1762277178414 0.005531127564609051 83
1762277178421 0.005515368189662695 84
1762277178429 0.005537439603358507 85
1762277178437 0.005513247102499008 86
1762277178445 0.005569136701524258 87
1762277178453 0.005495892371982336 88
1762277178461 0.005508218426257372 89
1762277178469 0.005571575369685888 90
1762277178477 0.005509927403181791 91
1762277178484 0.005488583352416754 92
1762277178492 0.005504248663783073 93
1762277178500 0.005472842138260603 94
1762277178508 0.005508774425834417 95
1762277178516 0.005425944924354553 96
1762277178524 0.00544333178550005 97
1762277178532 0.005390508566051722 98
1762277178539 0.0054328604601323605 99
1762277178539 0.005392202641814947 100
