1762276511287 0.0320824533700943 1
1762276511296 0.0157586932182312 2
1762276511305 0.013335357420146465 3
1762276511313 0.012370729818940163 4
1762276511317 0.011937730014324188 5
1762276511317 0.01173334289342165 6
1762276511333 0.011572088114917278 7
1762276511333 0.01153938565403223 8
1762276511355 0.011230655945837498 9
1762276511363 0.011535879224538803 10
1762276511370 0.010844588279724121 11
1762276511378 0.010691984556615353 12
1762276511382 0.011353086680173874 13
1762276511382 0.011050738394260406 14
1762276511397 0.010891132056713104 15
1762276511397 0.010839750058948994 16
1762276511413 0.011074394918978214 17
1762276511413 0.01037233043462038 18
1762276511429 0.010541037656366825 19
1762276511429 0.010885474272072315 20
1762276511444 0.01054674107581377 21
1762276511460 0.010365944355726242 22
1762276511460 0.010186546482145786 23
1762276511476 0.010046996176242828 24
1762276511476 0.010017581284046173 25
1762276511498 0.009749600663781166 26
1762276511507 0.00966880563646555 27
1762276511515 0.009624768048524857 28
1762276511524 0.009518374688923359 29
1762276511533 0.009510383941233158 30
1762276511542 0.00947427935898304 31
1762276511545 0.009451143443584442 32
1762276511545 0.00944497436285019 33
1762276511568 0.009394189342856407 34
1762276511579 0.009488716721534729 35
1762276511582 0.009325277991592884 36
1762276511599 0.009503393433988094 37
1762276511608 0.009378585033118725 38
1762276511616 0.009333503432571888 39
1762276511625 0.009322023950517178 40
1762276511632 0.009354867041110992 41
1762276511632 0.009258774109184742 42
1762276511647 0.009290989488363266 43
1762276511647 0.00918872095644474 44
1762276511663 0.009274639189243317 45
1762276511679 0.009172433987259865 46
1762276511679 0.009174833074212074 47
1762276511694 0.009070447646081448 48
1762276511694 0.009112107567489147 49
1762276511716 0.009036138653755188 50
1762276511717 0.009060068055987358 51
1762276511733 0.008966478519141674 52
1762276511733 0.00899965688586235 53
1762276511748 0.008867922239005566 54
1762276511764 0.008850635960698128 55
1762276511783 0.00881437212228775 56
1762276511793 0.008794140070676804 57
1762276511796 0.00885261595249176 58
1762276511796 0.008809485472738743 59
1762276511819 0.008811019361019135 60
1762276511829 0.008685335516929626 61
1762276511838 0.008765285834670067 62
1762276511847 0.008630575612187386 63
1762276511850 0.008784436620771885 64
1762276511850 0.00862893182784319 65
1762276511872 0.008599497377872467 66
1762276511880 0.008531521074473858 67
1762276511888 0.008580129593610764 68
1762276511896 0.008564242161810398 69
1762276511899 0.008510635234415531 70
1762276511899 0.008495969697833061 71
1762276511919 0.008448350243270397 72
1762276511926 0.008447735570371151 73
1762276511934 0.00840732827782631 74
1762276511942 0.00837384257465601 75
1762276511949 0.008308189921081066 76
1762276511949 0.008377794176340103 77
1762276511964 0.008444496430456638 78
1762276511964 0.008288806304335594 79
1762276511980 0.00839106272906065 80
1762276511980 0.00828524399548769 81
1762276511980 0.008251380175352097 82
1762276511996 0.008253306150436401 83
1762276511996 0.00816815160214901 84
1762276512011 0.008220385760068893 85
1762276512011 0.00817361194640398 86
1762276512032 0.008141596801578999 87
1762276512040 0.008152863942086697 88
1762276512048 0.008243744261562824 89
1762276512055 0.008099722675979137 90
1762276512063 0.008227835409343243 91
1762276512071 0.008091633208096027 92
1762276512079 0.008095632307231426 93
1762276512082 0.008038696832954884 94
1762276512082 0.008038204163312912 95
1762276512102 0.00802960991859436 96
1762276512110 0.008111804723739624 97
1762276512118 0.00795092061161995 98
1762276512125 0.007936733774840832 99
1762276512133 0.007878890261054039 100
