1762764733301 9.999999747378752e-06 1
1762764733331 5.949999831500463e-05 2
1762764733362 0.00010900000052060932 3
1762764733393 0.0001584999990882352 4
1762764733424 0.00020799999765586108 5
1762764733456 0.0002575000107754022 6
1762764733487 0.00030700000934302807 7
1762764733518 0.00035650000791065395 8
1762764733549 0.00040600000647827983 9
1762764733592 0.0004555000050459057 10
1762764733614 0.0005050000036135316 11
1762764733645 0.000554499973077327 12
1762764733677 0.0006040000007487833 13
1762764733708 0.0006535000284202397 14
1762764733739 0.0007029999978840351 15
1762764733770 0.0007525000255554914 16
1762764733819 0.0008019999950192869 17
1762764733878 0.0008515000226907432 18
1762764733909 0.0009009999921545386 19
1762764733941 0.000950500019825995 20
1762764733972 0.0010000000474974513 21
1762764734019 0.0009996530134230852 22
1762764734069 0.0009986128425225616 23
1762764734114 0.0009968808153644204 24
1762764734148 0.0009944597259163857 25
1762764734238 0.0009913534158840775 26
1762764734299 0.0009875664254650474 27
1762764734354 0.00098310480825603 28
1762764734403 0.0009779754327610135 29
1762764734441 0.00097218609880656 30
1762764734471 0.0009657457703724504 31
1762764734523 0.0009586644009687006 32
1762764734563 0.0009509529336355627 33
1762764734632 0.0009426231845282018 34
1762764734668 0.0009336880757473409 35
1762764734714 0.0009241613443009555 36
1762764734769 0.0009140576585195959 37
1762764734791 0.0009033926180563867 38
1762764734838 0.0008921826956793666 39
1762764734882 0.0008804451208561659 40
1762764734921 0.0008681980543769896 41
1762764734965 0.0008554603555239737 42
1762764734998 0.000842251640278846 43
1762764735044 0.0008285922813229263 44
1762764735081 0.0008145033498294652 45
1762764735128 0.0008000066154636443 46
1762764735174 0.0007851243717595935 47
1762764735221 0.0007698795525357127 48
1762764735268 0.0007542957318946719 49
1762764735299 0.0007383968913927674 50
1762764735348 0.0007222075364552438 51
1762764735380 0.0007057526963762939 52
1762764735433 0.0006890576332807541 53
1762764735464 0.00067214819137007 54
1762764735511 0.0006550503894686699 55
1762764735558 0.0006377906538546085 56
1762764735598 0.0006203955272212625 57
1762764735665 0.0006028918433003128 58
1762764735728 0.0005853066104464233 59
1762764735784 0.0005676668952219188 60
1762764735835 0.0005499999970197678 61
1762764735934 0.0005323330988176167 62
1762764736013 0.0005146933835931122 63
1762764736064 0.0004971081507392228 64
1762764736122 0.0004796044959221035 65
1762764736174 0.00046220936928875744 66
1762764736220 0.0004449495754670352 67
1762764736250 0.00042785180266946554 68
1762764736298 0.00041094236075878143 69
1762764736341 0.0003942473267670721 70
1762764736382 0.0003777924575842917 71
1762764736415 0.00036160313175059855 72
1762764736465 0.0003457042621448636 73
1762764736511 0.0003301204415038228 74
1762764736550 0.0003148756513837725 75
1762764736594 0.0002999934076797217 76
1762764736650 0.00028549664421007037 77
1762764736697 0.00027140771271660924 78
1762764736751 0.00025774838286451995 79
1762764736812 0.0002445396676193923 80
1762764736860 0.00023180195421446115 81
1762764736888 0.00021955487318336964 82
1762764736935 0.00020781731291208416 83
1762764736965 0.0001966073759831488 84
1762764737025 0.0001859423500718549 85
1762764737062 0.00017583867884241045 86
1762764737105 0.00016631193284410983 87
1762764737132 0.00015737679495941848 88
1762764737174 0.00014904706040397286 89
1762764737206 0.00014133557851891965 90
1762764737237 0.00013425420911516994 91
1762764737281 0.00012781389523297548 92
1762764737302 0.00012202456855447963 93
1762764737349 0.00011689514212775975 94
1762764737386 0.00011243353219470009 95
1762764737415 0.00010864662181120366 96
1762764737446 0.00010554024629527703 97
1762764737477 0.00010311919322703034 98
1762764737520 0.00010138720244867727 99
1762764737551 0.00010034693696070462 100
