1762764733267 0.5729811191558838 1
1762764733313 0.4235689043998718 2
1762764733346 0.2621458172798157 3
1762764733378 0.22130484879016876 4
1762764733409 0.18820175528526306 5
1762764733440 0.18026866018772125 6
1762764733471 0.15871647000312805 7
1762764733503 0.14286427199840546 8
1762764733534 0.1307598501443863 9
1762764733565 0.12226829677820206 10
1762764733601 0.11858778446912766 11
1762764733630 0.11371409893035889 12
1762764733661 0.11075492203235626 13
1762764733692 0.1071295440196991 14
1762764733724 0.0998440757393837 15
1762764733755 0.08335612714290619 16
1762764733791 0.07577383518218994 17
1762764733831 0.07539718598127365 18
1762764733878 0.06925032287836075 19
1762764733909 0.06945496052503586 20
1762764733941 0.06698572635650635 21
1762764733972 0.06698495149612427 22
1762764734034 0.06372271478176117 23
1762764734081 0.061376865953207016 24
1762764734124 0.059641171246767044 25
1762764734165 0.058058299124240875 26
1762764734251 0.0579923614859581 27
1762764734321 0.056029126048088074 28
1762764734365 0.05436748266220093 29
1762764734414 0.05394532531499863 30
1762764734457 0.05313225835561752 31
1762764734486 0.05231152102351189 32
1762764734532 0.05250530317425728 33
1762764734582 0.0522470586001873 34
1762764734650 0.05215868353843689 35
1762764734684 0.05121171474456787 36
1762764734736 0.04940282925963402 37
1762764734775 0.05000222474336624 38
1762764734807 0.04885397106409073 39
1762764734854 0.049288224428892136 40
1762764734897 0.049142785370349884 41
1762764734937 0.0487389899790287 42
1762764734965 0.049207963049411774 43
1762764735013 0.04891115799546242 44
1762764735044 0.04833809286355972 45
1762764735097 0.04915086552500725 46
1762764735143 0.048589497804641724 47
1762764735185 0.0471770204603672 48
1762764735236 0.047259148210287094 49
1762764735268 0.04755987599492073 50
1762764735315 0.047541551291942596 51
1762764735348 0.04705125465989113 52
1762764735402 0.04706372320652008 53
1762764735433 0.04694308340549469 54
1762764735480 0.04627988114953041 55
1762764735527 0.04622915759682655 56
1762764735558 0.04602986201643944 57
1762764735614 0.045780085027217865 58
1762764735683 0.04557383060455322 59
1762764735734 0.044807318598032 60
1762764735797 0.045074742287397385 61
1762764735852 0.0450553260743618 62
1762764735952 0.04503307864069939 63
1762764736029 0.04487111046910286 64
1762764736080 0.04444535821676254 65
1762764736135 0.04451298341155052 66
1762764736182 0.044387396425008774 67
1762764736231 0.04465426504611969 68
1762764736268 0.04419948160648346 69
1762764736313 0.043947137892246246 70
1762764736341 0.04400980472564697 71
1762764736382 0.0437040776014328 72
1762764736431 0.04415443539619446 73
1762764736481 0.043376728892326355 74
1762764736519 0.04378989711403847 75
1762764736566 0.043391719460487366 76
1762764736619 0.043473269790410995 77
1762764736666 0.04360463097691536 78
1762764736715 0.04328285530209541 79
1762764736769 0.04313677176833153 80
1762764736825 0.04315635561943054 81
1762764736871 0.04319283738732338 82
1762764736904 0.0430210717022419 83
1762764736935 0.04266637936234474 84
1762764736985 0.043187256902456284 85
1762764737031 0.043043117970228195 86
1762764737078 0.04293348640203476 87
1762764737116 0.04278986155986786 88
1762764737152 0.042701173573732376 89
1762764737174 0.042973846197128296 90
1762764737221 0.04263419285416603 91
1762764737252 0.042591776698827744 92
1762764737281 0.042816270142793655 93
1762764737317 0.042757485061883926 94
1762764737349 0.042261045426130295 95
1762764737386 0.04286213591694832 96
1762764737430 0.04288550093770027 97
1762764737462 0.042329393327236176 98
1762764737493 0.042787421494722366 99
1762764737520 0.04249105229973793 100
