1762764733267 0.4813717007637024 1
1762764733318 0.2545746862888336 2
1762764733346 0.1059890165925026 3
1762764733378 0.07739970088005066 4
1762764733409 0.057109393179416656 5
1762764733440 0.05117713660001755 6
1762764733471 0.038562703877687454 7
1762764733503 0.03191838413476944 8
1762764733534 0.02737787365913391 9
1762764733565 0.023537181317806244 10
1762764733606 0.022652896121144295 11
1762764733630 0.02121279202401638 12
1762764733661 0.020406290888786316 13
1762764733692 0.01934756711125374 14
1762764733724 0.01692078448832035 15
1762764733755 0.012023746967315674 16
1762764733799 0.010420518927276134 17
1762764733847 0.01053483784198761 18
1762764733894 0.009252795949578285 19
1762764733925 0.009314276278018951 20
1762764733956 0.008845263160765171 21
1762764733988 0.008865322917699814 22
1762764734034 0.008225529454648495 23
1762764734086 0.007842001505196095 24
1762764734133 0.007536666467785835 25
1762764734189 0.007254389580339193 26
1762764734267 0.007330100052058697 27
1762764734323 0.00698844064027071 28
1762764734365 0.006788730621337891 29
1762764734414 0.006706589367240667 30
1762764734457 0.0066375816240906715 31
1762764734502 0.006457306910306215 32
1762764734532 0.006588997319340706 33
1762764734597 0.006441317964345217 34
1762764734653 0.006508623715490103 35
1762764734700 0.006313201040029526 36
1762764734736 0.006121670361608267 37
1762764734775 0.006188343744724989 38
1762764734807 0.006010543089359999 39
1762764734857 0.006127973552793264 40
1762764734897 0.006130068097263575 41
1762764734937 0.006002168171107769 42
1762764734981 0.0061140237376093864 43
1762764735013 0.006128045730292797 44
1762764735065 0.006030178163200617 45
1762764735097 0.006150100380182266 46
1762764735150 0.006012472324073315 47
1762764735201 0.00582723505795002 48
1762764735236 0.005931434221565723 49
1762764735283 0.005939478985965252 50
1762764735315 0.005969065707176924 51
1762764735364 0.005939202848821878 52
1762764735402 0.005870093125849962 53
1762764735448 0.005885143298655748 54
1762764735480 0.005796014331281185 55
1762764735527 0.005776579491794109 56
1762764735573 0.0057617067359387875 57
1762764735614 0.005730639677494764 58
1762764735687 0.005698243621736765 59
1762764735750 0.005629673134535551 60
1762764735805 0.005672760307788849 61
1762764735858 0.0056738099083304405 62
1762764735969 0.005651575978845358 63
1762764736038 0.005651365965604782 64
1762764736098 0.005610684864223003 65
1762764736135 0.00559993414208293 66
1762764736182 0.005610426422208548 67
1762764736234 0.005655892658978701 68
1762764736268 0.005599109455943108 69
1762764736313 0.005583463702350855 70
1762764736356 0.005591282155364752 71
1762764736402 0.005532365757972002 72
1762764736431 0.005598075687885284 73
1762764736481 0.005525403656065464 74
1762764736519 0.005575924646109343 75
1762764736575 0.005541040096431971 76
1762764736619 0.005543159786611795 77
1762764736666 0.005586792249232531 78
1762764736731 0.0054956055246293545 79
1762764736781 0.005527591798454523 80
1762764736832 0.005560463294386864 81
1762764736877 0.005531813949346542 82
1762764736904 0.005486969370394945 83
1762764736949 0.0054747783578932285 84
1762764736990 0.005536670796573162 85
1762764737047 0.005508681759238243 86
1762764737078 0.0054641589522361755 87
1762764737116 0.005514162126928568 88
1762764737157 0.005495310295373201 89
1762764737190 0.005495069548487663 90
1762764737221 0.005472332704812288 91
1762764737252 0.00547279417514801 92
1762764737297 0.005444652400910854 93
1762764737317 0.005454801954329014 94
1762764737364 0.005401993170380592 95
1762764737399 0.005514959339052439 96
1762764737430 0.005479883868247271 97
1762764737462 0.0054415492340922356 98
1762764737493 0.005485238041728735 99
1762764737535 0.005452712997794151 100
