1762905005436 9.999999747378752e-05 1
1762905005479 0.0005949999904260039 2
1762905005511 0.0010900000343099236 3
1762905005543 0.0015849999617785215 4
1762905005562 0.0020800000056624413 5
1762905005594 0.002575000049546361 6
1762905005625 0.0030700000934302807 7
1762905005658 0.0035649999044835567 8
1762905005680 0.00406000018119812 9
1762905005711 0.004554999992251396 10
1762905005745 0.005049999803304672 11
1762905005774 0.005545000080019236 12
1762905005790 0.006039999891072512 13
1762905005828 0.006535000167787075 14
1762905005859 0.007029999978840351 15
1762905005875 0.007524999789893627 16
1762905005906 0.008019999600946903 17
1762905005969 0.008515000343322754 18
