1762905005395 0.16768664121627808 1
1762905005436 0.11751020699739456 2
1762905005484 0.10779612511396408 3
1762905005516 0.1053076758980751 4
1762905005547 0.10374513268470764 5
1762905005562 0.10367515683174133 6
1762905005594 0.10113663226366043 7
1762905005625 0.09906701743602753 8
1762905005662 0.09829583019018173 9
1762905005680 0.09680252522230148 10
1762905005711 0.09638029336929321 11
1762905005749 0.09606308490037918 12
1762905005774 0.09532883763313293 13
1762905005807 0.09513258188962936 14
1762905005828 0.09536322951316833 15
1762905005859 0.09441345930099487 16
1762905005891 0.09465725719928741 17
1762905005922 0.09481295198202133 18
1762905903768 0.02406395599246025 1
1762905903779 0.02181694470345974 2
1762905903788 0.021500004455447197 3
1762905903798 0.021262530237436295 4
1762905903807 0.020425429567694664 5
1762905903809 0.019564252346754074 6
1762905903828 0.019334472715854645 7
1762905903837 0.019560324028134346 8
1762905903846 0.018913742154836655 9
1762905903854 0.018913432955741882 10
1762905903858 0.018149035051465034 11
1762905903858 0.01769361086189747 12
1762905903874 0.017681989818811417 13
1762905903874 0.016245685517787933 14
1762905903889 0.017210885882377625 15
1762905903889 0.01715840771794319 16
1762905903905 0.016520507633686066 17
1762905903905 0.01579868420958519 18
1762905903921 0.015495548956096172 19
1762905903936 0.015386966988444328 20
1762905903936 0.014598649926483631 21
1762905903952 0.013965647667646408 22
1762905903952 0.015498718246817589 23
1762905903967 0.014651409350335598 24
1762905903967 0.014101783744990826 25
1762905903987 0.013305306434631348 26
1762905903997 0.013541366904973984 27
1762905904005 0.01236764620989561 28
1762905904007 0.013032756745815277 29
1762905904007 0.013022382743656635 30
1762905904023 0.012156572192907333 31
1762905904039 0.01155569776892662 32
1762905904039 0.011263401247560978 33
1762905904054 0.010777747258543968 34
1762905904054 0.010536427609622478 35
1762905904070 0.010506405495107174 36
1762905904070 0.010991886258125305 37
1762905904091 0.01087163295596838 38
1762905904099 0.009968102909624577 39
1762905904108 0.010045734234154224 40
1762905904112 0.009566383436322212 41
1762905904112 0.009867263026535511 42
1762905904127 0.009797260165214539 43
1762905904127 0.00903697032481432 44
1762905904143 0.009146247059106827 45
1762905904143 0.008471944369375706 46
1762905904159 0.008737131021916866 47
1762905904174 0.008336790837347507 48
1762905904174 0.008652172982692719 49
1762905904190 0.00839424878358841 50
1762905904190 0.008438359946012497 51
1762905904205 0.00870565790683031 52
1762905904205 0.008368285372853279 53
1762905904221 0.008189725689589977 54
1762905904221 0.007830177433788776 55
1762905904237 0.007575347553938627 56
1762905904237 0.007648680824786425 57
1762905904252 0.007482396904379129 58
1762905904252 0.00727832643315196 59
1762905904268 0.007437967695295811 60
1762905904268 0.0072667100466787815 61
1762905904289 0.006949891336262226 62
1762905904298 0.007464376278221607 63
1762905904306 0.007390678860247135 64
1762905904315 0.00753737660124898 65
1762905904327 0.007004725281149149 66
1762905904335 0.006919227074831724 67
1762905904344 0.006803404539823532 68
1762905904352 0.007060209754854441 69
1762905904358 0.00694847060367465 70
1762905904358 0.007042217534035444 71
1762905904378 0.00785171240568161 72
1762905904386 0.00736452080309391 73
1762905904395 0.0074400343000888824 74
1762905904404 0.006990433670580387 75
1762905904407 0.0071257431991398335 76
1762905904407 0.00678682466968894 77
1762905904423 0.006629073992371559 78
1762905904423 0.006390528753399849 79
1762905904439 0.0064148735255002975 80
1762905904454 0.006495047360658646 81
1762905904454 0.006753973662853241 82
1762905904470 0.007220782805234194 83
1762905904470 0.006972122006118298 84
1762905904489 0.007187788840383291 85
1762905904499 0.007188844028860331 86
1762905904508 0.00723822508007288 87
1762905904516 0.006542033515870571 88
1762905904525 0.006484801881015301 89
1762905904533 0.006110244430601597 90
1762905904542 0.006303734611719847 91
1762906925090 0.015283826738595963 1
1762906925114 0.011900032870471478 2
1762906925119 0.011529820039868355 3
1762906925130 0.011300701647996902 4
1762906925145 0.011357011273503304 5
1762906925160 0.011300611309707165 6
1762906925171 0.01127080898731947 7
1762906925181 0.011161571368575096 8
1762906925190 0.01118377037346363 9
1762906925200 0.011075946502387524 10
1762906925200 0.01054377481341362 11
1762906925218 0.010112909600138664 12
1762906925226 0.00968507956713438 13
1762906925236 0.009508876129984856 14
1762906925243 0.009272390976548195 15
1762906925243 0.009134753607213497 16
1762906925259 0.00907930824905634 17
1762906925259 0.008958171121776104 18
1762906925274 0.008776713162660599 19
1762906925290 0.008685518056154251 20
1762906925290 0.008459208533167839 21
1762906925305 0.008405443280935287 22
1762906925305 0.008316414430737495 23
1762906925321 0.008197921328246593 24
1762906925321 0.00803239643573761 25
1762906925337 0.007928051985800266 26
1762906925352 0.007851053029298782 27
1762906925352 0.007794364355504513 28
1762906925368 0.0077279070392251015 29
1762906925368 0.007774017751216888 30
1762906925384 0.007715854328125715 31
1762906925399 0.007616387214511633 32
1762906925399 0.00773202208802104 33
1762906925415 0.007618334610015154 34
1762906925415 0.007559242192655802 35
1762906925430 0.0077509633265435696 36
1762906925430 0.007625778205692768 37
1762906925446 0.007563234772533178 38
1762906925462 0.007546568755060434 39
1762906925462 0.007471860386431217 40
1762906925481 0.007529106456786394 41
1762906925491 0.007466777693480253 42
1762906925502 0.007570903282612562 43
1762906925513 0.0073722414672374725 44
1762906925528 0.0073601435869932175 45
1762906925542 0.007370965555310249 46
1762906925559 0.007403270807117224 47
1762906925559 0.007311416789889336 48
1762906925574 0.0073792883194983006 49
1762906925596 0.007307715713977814 50
1762906925607 0.007297379430383444 51
1762906925621 0.007182130590081215 52
1762906925634 0.007201035972684622 53
1762906925647 0.007187573239207268 54
1762906925660 0.007112486753612757 55
1762906925676 0.007226428482681513 56
1762906925676 0.007134139072149992 57
1762906925692 0.0070558818988502026 58
1762906925707 0.007105963304638863 59
1762906925707 0.006984243635088205 60
1762906925723 0.006969102658331394 61
1762906925738 0.006890606135129929 62
1762906925738 0.006899293977767229 63
1762906925754 0.00686988327652216 64
1762906925754 0.006844774354249239 65
1762906925770 0.006871567573398352 66
1762906925785 0.006808343809098005 67
1762906925785 0.006861813832074404 68
1762906925801 0.006756847724318504 69
1762906925801 0.0066739232279360294 70
1762906925817 0.0065866075456142426 71
1762906925817 0.0066714477725327015 72
1762906925836 0.006736993324011564 73
1762906925845 0.006686747074127197 74
1762906925853 0.006502063944935799 75
1762906925860 0.006554656662046909 76
1762906925860 0.006521096918731928 77
1762906925875 0.006598533131182194 78
1762906925875 0.006457161623984575 79
1762906925891 0.00644224788993597 80
1762906925907 0.006443636957556009 81
1762906925907 0.00639274250715971 82
1762906925922 0.006402927450835705 83
1762906925922 0.0062832036055624485 84
1762906925943 0.006329844240099192 85
1762906925952 0.006263482850044966 86
1762906925961 0.006421335507184267 87
1762906925971 0.0062982551753520966 88
1762906925979 0.006327508017420769 89
1762906925989 0.006135269999504089 90
1762906926000 0.006265993695706129 91
1762906926008 0.006155135575681925 92
1762906926017 0.006171414628624916 93
1762906926025 0.006153760012239218 94
1762906926027 0.006072559393942356 95
1762906926027 0.006053007673472166 96
1762906926043 0.006147875916212797 97
1762906926058 0.006103838793933392 98
1762906926058 0.006035339552909136 99
1762906926074 0.006100545637309551 100
