1762905005395 0.16768664121627808 1
1762905005447 0.11751020699739456 2
1762905005488 0.10779612511396408 3
1762905005521 0.1053076758980751 4
1762905005551 0.10374513268470764 5
1762905005578 0.10367515683174133 6
1762905005594 0.10113663226366043 7
1762905005625 0.09906701743602753 8
1762905005664 0.09829583019018173 9
1762905005680 0.09680252522230148 10
1762905005711 0.09638029336929321 11
1762905005753 0.09606308490037918 12
1762905005774 0.09532883763313293 13
1762905005811 0.09513258188962936 14
1762905005828 0.09536322951316833 15
1762905005859 0.09441345930099487 16
1762905005891 0.09465725719928741 17
1762905005922 0.09481295198202133 18
