1762905005415 0.05043794959783554 1
1762905005447 0.027113690972328186 2
1762905005492 0.022271620109677315 3
1762905005525 0.021367240697145462 4
1762905005556 0.020665384829044342 5
1762905005578 0.020604943856596947 6
1762905005609 0.01967223361134529 7
1762905005641 0.018623968586325645 8
1762905005664 0.01833687536418438 9
1762905005696 0.017855504527688026 10
1762905005727 0.017706628888845444 11
1762905005758 0.017548784613609314 12
1762905005774 0.017238572239875793 13
1762905005816 0.01730448193848133 14
1762905005844 0.01727929897606373 15
1762905005859 0.016987061128020287 16
1762905005891 0.017083754763007164 17
1762905005922 0.017093608155846596 18
