1762390730907 0.020437221974134445 1
1762390730922 0.009610924869775772 2
1762390730930 0.007826704531908035 3
1762390730947 0.00670181680470705 4
1762390730947 0.006188543979078531 5
1762390730963 0.005733769852668047 6
1762390730963 0.005469521041959524 7
1762390730980 0.005299607291817665 8
1762390730980 0.005191917065531015 9
1762390730997 0.005135377403348684 10
1762390730997 0.00521905766800046 11
1762390731012 0.005067694000899792 12
1762390731028 0.005126390606164932 13
1762390731030 0.004989564418792725 14
1762390731046 0.004948442801833153 15
1762390731046 0.004971880931407213 16
1762390731061 0.004999306984245777 17
1762390731061 0.004930390510708094 18
1762390731077 0.0049209133721888065 19
1762390731077 0.004963941406458616 20
1762390731092 0.004884860012680292 21
1762390731155 0.004922529682517052 22
1762390731182 0.004893474746495485 23
1762390731190 0.004888178780674934 24
1762390731199 0.004851060453802347 25
1762390731207 0.004956033546477556 26
1762390731213 0.004899291787296534 27
1762390731213 0.004863324575126171 28
1762390731228 0.004865210969001055 29
1762390731228 0.0048186699859797955 30
1762390731244 0.004798120353370905 31
1762390731260 0.0048035974614322186 32
1762390731260 0.004825523588806391 33
1762390731275 0.00487776193767786 34
1762390731275 0.004799369722604752 35
1762390731291 0.0048147281631827354 36
1762390731291 0.004789623431861401 37
1762390731307 0.0047692530788481236 38
1762390731307 0.0047704060561954975 39
1762390731322 0.004744286648929119 40
1762390731338 0.00475875660777092 41
1762390731338 0.004794777370989323 42
1762390731353 0.00479378504678607 43
1762390731353 0.00473780045285821 44
1762390731376 0.004718094132840633 45
1762390731382 0.004745991434901953 46
1762390731382 0.004699148237705231 47
1762390731398 0.004732233472168446 48
1762390731414 0.004714569542557001 49
1762390731429 0.004731838125735521 50
1762390731429 0.004673315212130547 51
1762390731445 0.0046919710002839565 52
1762390731460 0.004672842565923929 53
1762390731460 0.004734934773296118 54
1762390731476 0.0046514663845300674 55
1762390731476 0.0046963924542069435 56
1762390731492 0.004722075071185827 57
1762390731502 0.004645547829568386 58
1762390731518 0.0046249087899923325 59
1762390731518 0.004628827795386314 60
1762390731534 0.004720361437648535 61
1762390731534 0.0046343556605279446 62
1762390731549 0.0046035717241466045 63
1762390731549 0.004611637443304062 64
1762390731565 0.0045388550497591496 65
1762390731580 0.004578129388391972 66
1762390731580 0.004585538525134325 67
1762390731627 0.004489042330533266 68
1762390731646 0.004548325203359127 69
1762390731661 0.004606195725500584 70
1762390731677 0.004485629964619875 71
1762390731680 0.004474407993257046 72
1762390731697 0.004418047610670328 73
1762390731697 0.004462216515094042 74
1762390731714 0.004426090512424707 75
1762390731714 0.004507725592702627 76
1762390731763 0.004388023633509874 77
1762390731763 0.004341444931924343 78
1762390731778 0.004368024878203869 79
1762390731778 0.004397185519337654 80
1762390731797 0.004386804532259703 81
1762390731812 0.004354692064225674 82
1762390731813 0.004313362296670675 83
1762390731830 0.004341187421232462 84
1762390731830 0.004307216499000788 85
1762390731847 0.004231920000165701 86
1762390731847 0.004245306830853224 87
1762390731864 0.0042339046485722065 88
1762390731864 0.00416633440181613 89
1762390731880 0.004267815034836531 90
1762390731880 0.004219942260533571 91
1762390731896 0.004229347687214613 92
1762390731896 0.0041904570534825325 93
1762390731913 0.004265427123755217 94
1762390731913 0.004266851581633091 95
1762390731929 0.004235994536429644 96
1762390731929 0.004180679097771645 97
1762390731947 0.004133921582251787 98
1762390731947 0.004186016507446766 99
1762390731963 0.004107298795133829 100
