1762391324850 0.050984181463718414 1
1762391324859 0.014258796349167824 2
1762391324869 0.008855422958731651 3
1762391324879 0.006636395119130611 4
1762391324879 0.005633416119962931 5
1762391324894 0.005031160544604063 6
1762391324894 0.004717241507023573 7
1762391324916 0.004546704702079296 8
1762391324925 0.004378174897283316 9
1762391324935 0.004326442256569862 10
1762391324944 0.0042467275634408 11
1762391324944 0.004202232230454683 12
1762391324960 0.004170261323451996 13
1762391324960 0.004127193242311478 14
1762391324977 0.004110111389309168 15
1762391324977 0.004047214984893799 16
1762391324994 0.0040332782082259655 17
1762391324994 0.0040222653187811375 18
1762391325010 0.003992012701928616 19
1762391325010 0.003969946876168251 20
1762391325027 0.003947167657315731 21
1762391325027 0.003945162519812584 22
1762391325043 0.0038814996369183064 23
1762391325043 0.0038677009288221598 24
1762391325058 0.0039086248725652695 25
1762391325058 0.003817800199612975 26
1762391325074 0.0038065090775489807 27
1762391325074 0.0037866567727178335 28
1762391325090 0.003752260934561491 29
1762391325105 0.0036989268846809864 30
1762391325105 0.0036485176533460617 31
1762391325121 0.0036289815325289965 32
1762391325121 0.0036353454925119877 33
1762391325136 0.003551452187821269 34
1762391325136 0.0035607554018497467 35
1762391325152 0.003501275787129998 36
1762391325152 0.0034817925188690424 37
1762391325168 0.003466300666332245 38
1762391325168 0.003420391818508506 39
1762391325183 0.00337590416893363 40
1762391325183 0.0033414436038583517 41
1762391325199 0.003329167142510414 42
1762391325199 0.0033058079425245523 43
1762391325215 0.0032337235752493143 44
1762391325229 0.0031910568941384554 45
1762391325238 0.00317395175807178 46
1762391325246 0.003130997298285365 47
1762391325254 0.0030642386991530657 48
1762391325260 0.0030577967409044504 49
1762391325260 0.0030053360387682915 50
1762391325276 0.00296658743172884 51
1762391325276 0.0029434666503220797 52
1762391325291 0.0029598409309983253 53
1762391325291 0.0028962038923054934 54
1762391325307 0.002847564872354269 55
1762391325307 0.0028669482562690973 56
1762391325322 0.002823809627443552 57
1762391325322 0.002817694330587983 58
1762391325338 0.002755124121904373 59
1762391325338 0.0027251087594777346 60
1762391325354 0.002723709447309375 61
1762391325354 0.0026979113463312387 62
1762391325369 0.002645942848175764 63
1762391325385 0.002659644465893507 64
1762391325385 0.0026438639033585787 65
1762391325401 0.0025763020385056734 66
1762391325401 0.002562934998422861 67
1762391325416 0.0025681022088974714 68
1762391325432 0.0025290758349001408 69
1762391325432 0.002483049640432 70
1762391325447 0.0025010649114847183 71
1762391325447 0.002446993486955762 72
1762391325463 0.002465449972078204 73
1762391325463 0.002427139785140753 74
1762391325479 0.00239622313529253 75
1762391325479 0.002371975453570485 76
1762391325494 0.0023643034510314465 77
1762391325494 0.0023166812025010586 78
1762391325510 0.002289867028594017 79
1762391325510 0.002297870349138975 80
1762391325526 0.0023082466796040535 81
1762391325526 0.0022498611360788345 82
1762391325541 0.002196546643972397 83
1762391325541 0.002161523560062051 84
1762391325557 0.0022008626256138086 85
1762391325557 0.002152336062863469 86
1762391325572 0.002131344983354211 87
1762391325588 0.0021074055694043636 88
1762391325588 0.0021029969211667776 89
1762391325604 0.0021237649489194155 90
1762391325604 0.002110387198626995 91
1762391325619 0.0021328714210540056 92
1762391325619 0.002053697593510151 93
1762391325635 0.002057847334071994 94
1762391325635 0.002044481923803687 95
1762391325651 0.002010816242545843 96
1762391325651 0.0019906151574105024 97
1762391325666 0.001977519365027547 98
1762391325666 0.0019797333516180515 99
1762391325682 0.001987393945455551 100
