1762383086646 0.04780936241149902 1
1762383086659 0.013930601067841053 2
1762383086676 0.010950143449008465 3
1762383086687 0.009115305729210377 4
1762383086697 0.007938523776829243 5
1762383086707 0.0071943290531635284 6
1762383086723 0.006722778081893921 7
1762383086733 0.006432604975998402 8
1762383086741 0.006166124250739813 9
1762383086750 0.005962497554719448 10
1762383086758 0.005850471090525389 11
1762383086758 0.005756746511906385 12
1762383086775 0.005689625628292561 13
1762383086775 0.005701750051230192 14
1762383086791 0.005638397764414549 15
1762383086791 0.005596972536295652 16
1762383086807 0.005568719934672117 17
1762383086807 0.005592355504631996 18
1762383086823 0.005540124140679836 19
1762383086823 0.005511604715138674 20
1762383086845 0.005540248937904835 21
1762383086855 0.005473879631608725 22
1762383086866 0.005491119343787432 23
1762383086878 0.005444924812763929 24
1762383086891 0.0054374816827476025 25
1762383086900 0.005405891686677933 26
1762383086910 0.005434877704828978 27
1762383086918 0.005395558662712574 28
1762383086930 0.005426570773124695 29
1762383086943 0.005390143487602472 30
1762383086952 0.005375381093472242 31
1762383086964 0.005375556647777557 32
1762383086974 0.005333719775080681 33
1762383086974 0.005318789277225733 34
1762383086998 0.005297756288200617 35
1762383087009 0.005305398255586624 36
1762383087018 0.005279144737869501 37
1762383087029 0.005225426517426968 38
1762383087042 0.005277557298541069 39
1762383087053 0.0051939222030341625 40
1762383087067 0.005228484980762005 41
1762383087080 0.005205764435231686 42
1762383087083 0.005203773733228445 43
1762383087099 0.005217100027948618 44
1762383087115 0.005149612203240395 45
1762383087125 0.005116177257150412 46
1762383087137 0.005098263267427683 47
1762383087148 0.005131255369633436 48
1762383087164 0.005085180513560772 49
1762383087177 0.005060001742094755 50
1762383087186 0.00503293564543128 51
1762383087195 0.0049951509572565556 52
1762383087204 0.0049547916278243065 53
1762383087213 0.004926719702780247 54
1762383087224 0.004961970262229443 55
1762383087226 0.0048491149209439754 56
1762383087247 0.004881453234702349 57
1762383087255 0.004764847923070192 58
1762383087264 0.004806561395525932 59
1762383087272 0.004742911551147699 60
1762383087281 0.004673680290579796 61
1762383087289 0.004642641171813011 62
1762383087291 0.004638948943465948 63
1762383087291 0.004594826605170965 64
1762383087306 0.004587925970554352 65
1762383087306 0.004553775768727064 66
1762383087322 0.004550845827907324 67
1762383087337 0.004476900212466717 68
1762383087337 0.004459843970835209 69
1762383087353 0.004482595715671778 70
1762383087353 0.0043774861842393875 71
1762383087369 0.0043512312695384026 72
1762383087369 0.004292911384254694 73
1762383087384 0.00431369012221694 74
1762383087384 0.004254731349647045 75
1762383087400 0.004243994597345591 76
1762383087400 0.0042268079705536366 77
1762383087416 0.00422286381945014 78
1762383087427 0.004196243826299906 79
1762383087427 0.004132997710257769 80
1762383087444 0.004112783819437027 81
1762383087444 0.004098203964531422 82
1762383087459 0.004053279757499695 83
1762383087459 0.004112043883651495 84
1762383087475 0.004087917506694794 85
1762383087475 0.003983002621680498 86
1762383087490 0.00393909914419055 87
1762383087490 0.003970385063439608 88
1762383087506 0.003957854118198156 89
1762383087506 0.003940790891647339 90
1762383087522 0.0038882785011082888 91
1762383087522 0.003915578126907349 92
1762383087537 0.003870197804644704 93
1762383087537 0.003886325052008033 94
1762383087553 0.003833247348666191 95
1762383087553 0.00383438216522336 96
1762383087569 0.0038059777580201626 97
1762383087584 0.003793802112340927 98
1762383087584 0.0037224236875772476 99
1762383087600 0.003718085354194045 100
