1762382012954 0.03417757526040077 1
1762382012972 0.012920918874442577 2
1762382012980 0.009146478027105331 3
1762382012989 0.007654048968106508 4
1762382012998 0.007026574108749628 5
1762382013006 0.006689185742288828 6
1762382013014 0.006549564655870199 7
1762382013021 0.006459872703999281 8
1762382013021 0.0063901133835315704 9
1762382013037 0.006366782356053591 10
1762382013037 0.006365959066897631 11
1762382013054 0.006350398994982243 12
1762382013054 0.006298353895545006 13
1762382013070 0.006300092674791813 14
1762382013070 0.006285218987613916 15
1762382013086 0.00625523179769516 16
1762382013086 0.0062932828441262245 17
1762382013104 0.00626138411462307 18
1762382013104 0.006215543486177921 19
1762382013119 0.006211104337126017 20
1762382013119 0.0062152971513569355 21
1762382013135 0.0062198457308113575 22
1762382013135 0.006223608274012804 23
1762382013150 0.006192903965711594 24
1762382013166 0.006216626614332199 25
1762382013166 0.006191241089254618 26
1762382013182 0.006174720358103514 27
1762382013182 0.006166437640786171 28
1762382013197 0.0061589437536895275 29
1762382013197 0.006146371364593506 30
1762382013213 0.006140083074569702 31
1762382013213 0.006124796345829964 32
1762382013229 0.00612796051427722 33
1762382013229 0.0060882847756147385 34
1762382013244 0.006097243633121252 35
1762382013244 0.006114030722528696 36
1762382013260 0.006113521754741669 37
1762382013260 0.006080011371523142 38
1762382013275 0.006124830339103937 39
1762382013275 0.006085014436393976 40
1762382013291 0.006071391515433788 41
1762382013291 0.0060637397691607475 42
1762382013307 0.006043095141649246 43
1762382013307 0.006034854333847761 44
1762382013322 0.006023193709552288 45
1762382013322 0.006039550062268972 46
1762382013338 0.006021817680448294 47
1762382013354 0.0059949313290417194 48
1762382013354 0.0059821452014148235 49
1762382013369 0.006016073282808065 50
1762382013369 0.005996310152113438 51
1762382013385 0.005955916363745928 52
1762382013385 0.00598213030025363 53
1762382013400 0.005957437213510275 54
1762382013400 0.005985230673104525 55
