1762401649409 0.020168395712971687 1
1762401649431 0.008701297454535961 2
1762401649431 0.007040159311145544 3
1762401649449 0.006214589346200228 4
1762401649449 0.005745111498981714 5
1762401649460 0.005362262949347496 6
1762401649476 0.0051908730529248714 7
1762401649476 0.004992110654711723 8
1762401649492 0.004957267548888922 9
1762401649500 0.004825488198548555 10
1762401649509 0.004729119129478931 11
1762401649517 0.004844712559133768 12
1762401649525 0.004683227743953466 13
1762401649525 0.0045897020027041435 14
1762401649541 0.004551812075078487 15
1762401649541 0.004542697221040726 16
1762401649557 0.0045706769451498985 17
1762401649557 0.004549544304609299 18
1762401649572 0.004558328539133072 19
1762401649572 0.004494859836995602 20
1762401649588 0.004520826507359743 21
1762401649588 0.004564604256302118 22
1762401649603 0.0045241666957736015 23
1762401649603 0.004495123866945505 24
1762401649619 0.004475354216992855 25
1762401649619 0.004492669831961393 26
1762401649635 0.004464852623641491 27
1762401649635 0.0044424571096897125 28
1762401649650 0.0044813938438892365 29
1762401649650 0.004450750071555376 30
1762401649666 0.004423130769282579 31
1762401649681 0.004458604380488396 32
1762401649689 0.004486138466745615 33
1762401649698 0.0044409711845219135 34
1762401649706 0.004389975219964981 35
1762401649709 0.0044229584746062756 36
1762401649709 0.004433313850313425 37
1762401649724 0.004406234715133905 38
1762401649740 0.004417654126882553 39
1762401649740 0.004429014399647713 40
1762401649756 0.0044035776518285275 41
1762401649756 0.00442213611677289 42
1762401649771 0.004398814402520657 43
1762401649771 0.004386398941278458 44
1762401649787 0.004354284610599279 45
1762401649787 0.00433905515819788 46
1762401649802 0.004351519048213959 47
1762401649802 0.004370687995105982 48
1762401649818 0.004377321805804968 49
1762401649818 0.004396282136440277 50
1762401649834 0.004361072555184364 51
1762401649834 0.004392299335449934 52
1762401649849 0.004337959457188845 53
1762401649849 0.004353798925876617 54
1762401649865 0.004372884053736925 55
1762401649865 0.0043549248948693275 56
1762401649881 0.004335912875831127 57
1762401649881 0.0042885965667665005 58
1762401649896 0.004287083633244038 59
1762401649896 0.004321539308875799 60
1762401649912 0.004283127840608358 61
1762401649912 0.00429259380325675 62
1762401649927 0.004294182639569044 63
1762401649927 0.004254699219018221 64
1762401649943 0.0042648459784686565 65
1762401649943 0.0043325223959982395 66
1762401649959 0.0042609223164618015 67
1762401649959 0.004284747876226902 68
1762401649974 0.004338920582085848 69
1762401649974 0.004219342023134232 70
1762401649990 0.004248118493705988 71
1762401649990 0.004245220683515072 72
1762401650006 0.004203313495963812 73
1762401650021 0.00423243036493659 74
1762401650021 0.004220643080770969 75
1762401650037 0.004247935954481363 76
1762401650037 0.00422314926981926 77
1762401650052 0.004223951604217291 78
1762401650052 0.0042343405075371265 79
1762401650068 0.004230517894029617 80
1762401650068 0.0041964370757341385 81
1762401650084 0.0042076255194842815 82
1762401650084 0.004249675665050745 83
1762401650099 0.004210583865642548 84
1762401650099 0.004198624286800623 85
1762401650115 0.004225866869091988 86
1762401650115 0.004165268037468195 87
1762401650131 0.004189505707472563 88
1762401650131 0.004195287823677063 89
1762401650146 0.004175517708063126 90
1762401650146 0.0041574896313250065 91
1762401650162 0.004117416683584452 92
1762401650162 0.00408383971080184 93
1762401650177 0.004124347120523453 94
1762401650177 0.004115396644920111 95
1762401650193 0.00407708203420043 96
1762401650193 0.004079360514879227 97
1762401650209 0.004117385949939489 98
1762401650209 0.004114559385925531 99
1762401650232 0.00411855336278677 100
