1762402308322 0.048226308077573776 1
1762402308345 0.012131961062550545 2
1762402308349 0.007599463686347008 3
1762402308361 0.005877676885575056 4
1762402308361 0.005067081190645695 5
1762402308381 0.004718029405921698 6
1762402308389 0.004509292542934418 7
1762402308399 0.004397405777126551 8
1762402308408 0.0042685396037995815 9
1762402308416 0.0042243702337145805 10
1762402308425 0.004150021821260452 11
1762402308425 0.004104808904230595 12
1762402308441 0.004074237309396267 13
1762402308441 0.00405903160572052 14
1762402308457 0.003994789440184832 15
1762402308457 0.0040062121115624905 16
1762402308472 0.0039666797965765 17
1762402308472 0.003901891643181443 18
1762402308488 0.003909881226718426 19
1762402308488 0.0038851231802254915 20
1762402308503 0.003868186380714178 21
1762402308503 0.003839497920125723 22
1762402308519 0.0038023770321160555 23
1762402308519 0.003779278602451086 24
1762402308535 0.0037569261621683836 25
1762402308535 0.003753689583390951 26
1762402308550 0.0037375767715275288 27
1762402308550 0.003706730203703046 28
1762402308566 0.0036650507245212793 29
1762402308566 0.0036417304072529078 30
1762402308582 0.0036424461286514997 31
1762402308582 0.0036241074558347464 32
1762402308597 0.003594042034819722 33
1762402308613 0.0035442975349724293 34
1762402308613 0.0035635887179523706 35
1762402308628 0.0034979733172804117 36
1762402308628 0.0034477312583476305 37
1762402308644 0.0034527257084846497 38
1762402308644 0.0034105286467820406 39
1762402308660 0.0033701846841722727 40
1762402308660 0.0033661499619483948 41
1762402308675 0.0033276041503995657 42
1762402308675 0.003342867363244295 43
1762402308691 0.0032914921175688505 44
1762402308691 0.0032539248932152987 45
1762402308707 0.0032224918249994516 46
1762402308707 0.003220298560336232 47
1762402308722 0.003157394239678979 48
1762402308722 0.003146534785628319 49
1762402308738 0.003127904376015067 50
1762402308738 0.0030865382868796587 51
1762402308753 0.003041686024516821 52
1762402308753 0.0030102115124464035 53
1762402308769 0.0029623527079820633 54
1762402308769 0.002935397904366255 55
1762402308785 0.0028860585298389196 56
1762402308785 0.0028911177068948746 57
1762402308800 0.002811334328725934 58
1762402308800 0.002792163984850049 59
1762402308816 0.0027067314367741346 60
1762402308816 0.002714346395805478 61
1762402308832 0.0026504446286708117 62
1762402308832 0.0026242320891469717 63
1762402308847 0.0025833332911133766 64
1762402308863 0.0025838473811745644 65
1762402308863 0.0025301978457719088 66
1762402308878 0.002493549371138215 67
1762402308878 0.002442189259454608 68
1762402308894 0.0024270103313028812 69
1762402308909 0.0023692965041846037 70
1762402308917 0.0024258974008262157 71
1762402308926 0.002369699766859412 72
1762402308934 0.00231101899407804 73
1762402308942 0.0022914395667612553 74
1762402308943 0.0022593557368963957 75
1762402308943 0.0022039844188839197 76
1762402308958 0.0022448941599577665 77
1762402308974 0.002173295244574547 78
1762402308974 0.002163657918572426 79
1762402308990 0.0021102596074342728 80
1762402308990 0.002122150966897607 81
1762402309005 0.002098856959491968 82
1762402309005 0.0020558268297463655 83
1762402309021 0.0020131212659180164 84
1762402309021 0.001996290171518922 85
1762402309036 0.0020476405043154955 86
1762402309036 0.0019918859470635653 87
1762402309052 0.001987017225474119 88
1762402309052 0.0019346066983416677 89
1762402309068 0.0019050532719120383 90
1762402309068 0.0019511390710249543 91
1762402309083 0.0019135100301355124 92
1762402309083 0.001866366364993155 93
1762402309099 0.0018599641043692827 94
1762402309099 0.0018662665970623493 95
1762402309115 0.0018425585003569722 96
1762402309115 0.001785293105058372 97
1762402309130 0.001793824601918459 98
1762402309146 0.0017791646532714367 99
1762402309146 0.001771055394783616 100
