1762892535965 9.999999747378752e-05 1
1762892535998 0.0005949999904260039 2
1762892536029 0.0010900000343099236 3
1762892536058 0.0015849999617785215 4
1762892536088 0.0020800000056624413 5
1762892536120 0.002575000049546361 6
1762892536150 0.0030700000934302807 7
1762892536179 0.0035649999044835567 8
1762892536207 0.00406000018119812 9
1762892536227 0.004554999992251396 10
1762892536270 0.005049999803304672 11
1762892536299 0.005545000080019236 12
1762892536320 0.006039999891072512 13
1762892536357 0.006535000167787075 14
1762892536378 0.007029999978840351 15
1762892536410 0.007524999789893627 16
1762892536441 0.008019999600946903 17
1762892536475 0.008515000343322754 18
1762892536506 0.00901000015437603 19
1762892536535 0.009504999965429306 20
1762892536554 0.009999999776482582 21
1762892536586 0.00999653059989214 22
1762892536625 0.009986127726733685 23
1762892536655 0.00996880792081356 24
1762892536679 0.009944597259163857 25
1762892536711 0.009913533926010132 26
1762892536726 0.009875664487481117 27
1762892536759 0.009831048548221588 28
