1762892535931 0.15865996479988098 1
1762892535970 0.10984194278717041 2
1762892536003 0.09779445081949234 3
1762892536033 0.09462497383356094 4
1762892536063 0.09217797219753265 5
1762892536093 0.09053494781255722 6
1762892536122 0.08815926313400269 7
1762892536154 0.08689619600772858 8
1762892536179 0.08667033910751343 9
1762892536212 0.0869980975985527 10
1762892536227 0.08654800057411194 11
1762892536274 0.08666080236434937 12
1762892536303 0.08539623022079468 13
1762892536320 0.08612237870693207 14
1762892536361 0.08716252446174622 15
1762892536378 0.08570925891399384 16
1762892536410 0.08702737092971802 17
1762892536441 0.08649073541164398 18
1762892536475 0.08600932359695435 19
1762892536506 0.08685322850942612 20
1762892536539 0.08673814684152603 21
1762892536554 0.08668339997529984 22
1762892536586 0.08666687458753586 23
1762892536630 0.0872560515999794 24
1762892536660 0.08682773262262344 25
1762892536679 0.08673743158578873 26
1762892536711 0.08616497367620468 27
1762892536745 0.08624948561191559 28
1762892929623 0.023303156718611717 1
1762892929632 0.017508389428257942 2
1762892929642 0.016286971047520638 3
1762892929651 0.015347172506153584 4
1762892929656 0.014786846935749054 5
1762892929669 0.014222497120499611 6
1762892929669 0.013870754279196262 7
1762892929690 0.01369401067495346 8
1762892929693 0.013405892066657543 9
1762892929707 0.013219994492828846 10
1762892929716 0.01287934836000204 11
1762892929724 0.012623748742043972 12
1762892929732 0.012256501242518425 13
1762892929733 0.011980324983596802 14
1762892929733 0.011697000823915005 15
1762892929758 0.011494171805679798 16
1762892929767 0.010963129810988903 17
1762892929775 0.01101553812623024 18
1762892929783 0.0106930797919631 19
1762892929791 0.010449439287185669 20
1762892929799 0.010336940176784992 21
1762892929801 0.01027230266481638 22
1762892929801 0.009816008619964123 23
1762892929817 0.009979915805161 24
1762892929817 0.009529363363981247 25
1762892929833 0.00962169747799635 26
1762892929848 0.009198223240673542 27
1762892929848 0.009139662608504295 28
1762892929864 0.009076320566236973 29
1762892929864 0.008887830190360546 30
1762892929880 0.008812550455331802 31
1762892929880 0.008804664947092533 32
1762892929895 0.008559013716876507 33
1762892929895 0.00850540492683649 34
1762892929911 0.00841432809829712 35
1762892929911 0.008527935482561588 36
1762892929926 0.008300580084323883 37
1762892929926 0.008314991369843483 38
1762892929942 0.008309287019073963 39
1762892929942 0.008064626716077328 40
1762892929958 0.00800649356096983 41
1762892929958 0.008381981402635574 42
1762892929973 0.008089439943432808 43
1762892929973 0.007876095362007618 44
1762892929992 0.00783055555075407 45
1762892930000 0.00788795854896307 46
1762892930008 0.008043545298278332 47
1762892930016 0.007819618098437786 48
1762892930021 0.007824065163731575 49
1762892930021 0.007856689393520355 50
1762892930038 0.007613201625645161 51
1762892930049 0.0077012814581394196 52
1762892930058 0.007549733854830265 53
1762892930067 0.007613497320562601 54
1762892930075 0.007571424823254347 55
1762892930084 0.0076726083643734455 56
1762892930084 0.007613111287355423 57
1762892930102 0.007502500433474779 58
1762892930107 0.007594571448862553 59
1762892930121 0.007765293586999178 60
1762892930129 0.007690396159887314 61
1762892930138 0.007586492691189051 62
1762892930145 0.0075640506111085415 63
1762892930150 0.007644441444426775 64
1762892930150 0.007465159520506859 65
1762892930166 0.007471255958080292 66
1762892930166 0.007217143662273884 67
1762892930189 0.0072343358770012856 68
1762892930198 0.007193989586085081 69
1762892930206 0.007065192796289921 70
1762892930214 0.007517614867538214 71
1762892930222 0.007109720725566149 72
1762892930225 0.007214620243757963 73
1762892930225 0.007022491190582514 74
1762892930240 0.0068479180335998535 75
1762893279875 0.02337692119181156 1
1762893279884 0.010931527242064476 2
1762893279894 0.009806439280509949 3
1762893279904 0.009269448928534985 4
1762893279909 0.009045596234500408 5
1762893279919 0.008754664100706577 6
1762893279919 0.008478784933686256 7
1762893279939 0.008237551897764206 8
1762893279948 0.008127686567604542 9
1762893279958 0.0078045581467449665 10
1762893279966 0.007752830628305674 11
1762893279968 0.007484301924705505 12
1762893279968 0.007473536301404238 13
1762893279984 0.007305951789021492 14
1762893279984 0.007201076950877905 15
1762893279999 0.007038639858365059 16
1762893280015 0.006921634543687105 17
1762893280015 0.006798633374273777 18
1762893280031 0.00665063364431262 19
1762893280031 0.00660120602697134 20
1762893280047 0.006431032903492451 21
1762893280056 0.006314889062196016 22
1762893280063 0.006243634968996048 23
1762893280067 0.00621361518278718 24
1762893280067 0.00614454410970211 25
1762893280083 0.006086358334869146 26
1762893280083 0.0060649532824754715 27
1762893280106 0.005965514108538628 28
1762893280114 0.006008571479469538 29
1762893280123 0.00594450393691659 30
1762893280131 0.005889528896659613 31
1762893280139 0.0058783129788935184 32
1762893280147 0.005852391943335533 33
1762893280151 0.005756378173828125 34
1762893280151 0.005753633100539446 35
1762893280167 0.005707813426852226 36
1762893280167 0.00568806380033493 37
1762893280189 0.0056761945597827435 38
1762893280197 0.0056234379298985004 39
1762893280206 0.005628966726362705 40
1762893280215 0.0056135691702365875 41
1762893280223 0.0055623166263103485 42
1762893280231 0.0055460939183831215 43
1762893280237 0.0054837376810610294 44
1762893280237 0.005473922472447157 45
1762893280253 0.005438104271888733 46
1762893280253 0.005423326976597309 47
1762893280268 0.005458745174109936 48
1762893280268 0.005417019594460726 49
1762893280284 0.005362067837268114 50
1762893280284 0.005369644612073898 51
1762893280300 0.0053067333064973354 52
1762893280300 0.00528980465605855 53
1762893280315 0.0052697439678013325 54
1762893280315 0.0053011211566627026 55
1762893280331 0.005261941812932491 56
1762893280331 0.00522084953263402 57
1762893280346 0.005234465468674898 58
1762893280346 0.005175609141588211 59
1762893280370 0.005170181393623352 60
1762893280379 0.005222913809120655 61
1762893280387 0.005164576694369316 62
1762893280395 0.005185930989682674 63
1762893280401 0.005125905387103558 64
1762893280401 0.005109448917210102 65
1762893280417 0.005088532343506813 66
1762893280417 0.005092551466077566 67
1762893280433 0.005049018654972315 68
1762893280433 0.005060603842139244 69
1762893280448 0.0050707911141216755 70
1762893280448 0.005009201355278492 71
1762893280464 0.004983194638043642 72
1762893280480 0.004959778860211372 73
1762893280480 0.004945905413478613 74
1762893280495 0.004933991469442844 75
1762893280495 0.004928617738187313 76
1762893280511 0.004883514251559973 77
1762893280511 0.00492924265563488 78
1762893280526 0.004851271864026785 79
1762893280526 0.0048605529591441154 80
1762893280543 0.004820292815566063 81
1762893280549 0.00480764452368021 82
1762893280549 0.004804789088666439 83
1762893280565 0.0047822329215705395 84
1762893280565 0.004735286347568035 85
1762893280581 0.0047644684091210365 86
1762893280581 0.004716326016932726 87
1762893280601 0.0047623091377317905 88
1762893280602 0.004705725237727165 89
1762893280618 0.004672998562455177 90
1762893280626 0.00468981871381402 91
1762893280635 0.004654404707252979 92
1762893280643 0.004656829871237278 93
1762893280651 0.004607521928846836 94
1762893280659 0.004576851148158312 95
1762893280667 0.004590779077261686 96
1762893280675 0.00462065264582634 97
1762893280684 0.00452309288084507 98
1762893280693 0.004564437549561262 99
1762893280702 0.00456975307315588 100
