1762892535931 0.15865996479988098 1
1762892535970 0.10984194278717041 2
1762892536008 0.09779445081949234 3
1762892536038 0.09462497383356094 4
1762892536063 0.09217797219753265 5
1762892536098 0.09053494781255722 6
1762892536129 0.08815926313400269 7
1762892536158 0.08689619600772858 8
1762892536179 0.08667033910751343 9
1762892536212 0.0869980975985527 10
1762892536248 0.08654800057411194 11
1762892536278 0.08666080236434937 12
1762892536307 0.08539623022079468 13
1762892536336 0.08612237870693207 14
1762892536363 0.08716252446174622 15
1762892536394 0.08570925891399384 16
1762892536425 0.08702737092971802 17
1762892536441 0.08649073541164398 18
1762892536475 0.08600932359695435 19
1762892536506 0.08685322850942612 20
1762892536539 0.08673814684152603 21
1762892536570 0.08668339997529984 22
1762892536586 0.08666687458753586 23
1762892536634 0.0872560515999794 24
1762892536664 0.08682773262262344 25
1762892536679 0.08673743158578873 26
1762892536711 0.08616497367620468 27
1762892536749 0.08624948561191559 28
