1762892535931 0.04596913978457451 1
1762892535970 0.02277897112071514 2
1762892536012 0.017599591985344887 3
1762892536042 0.01644410565495491 4
1762892536063 0.015701213851571083 5
1762892536101 0.015373659320175648 6
1762892536133 0.014693088829517365 7
1762892536162 0.014310410246253014 8
1762892536179 0.014234893955290318 9
1762892536212 0.014219672419130802 10
1762892536252 0.014121310785412788 11
1762892536279 0.014167685993015766 12
1762892536311 0.013901111669838428 13
1762892536340 0.014060826040804386 14
1762892536363 0.014291361905634403 15
1762892536394 0.013942107558250427 16
1762892536425 0.0141904903575778 17
1762892536459 0.014099322259426117 18
1762892536475 0.013912498950958252 19
1762892536506 0.014155380427837372 20
1762892536539 0.014107059687376022 21
1762892536570 0.014113391749560833 22
1762892536606 0.014040984213352203 23
1762892536638 0.014230692759156227 24
1762892536668 0.014114867895841599 25
1762892536695 0.014109655283391476 26
1762892536711 0.014073214493691921 27
1762892536753 0.01403495017439127 28
