1762941788871 9.999999747378752e-06 1
1762941788940 5.949999831500463e-05 2
1762941789012 0.00010900000052060932 3
1762941789077 0.0001584999990882352 4
1762941789134 0.00020799999765586108 5
1762941789175 0.0002575000107754022 6
1762941789212 0.00030700000934302807 7
1762941789245 0.00035650000791065395 8
1762941789280 0.00040600000647827983 9
1762941789313 0.0004555000050459057 10
1762941789348 0.0005050000036135316 11
1762941789380 0.000554499973077327 12
1762941789412 0.0006040000007487833 13
1762941789437 0.0006535000284202397 14
1762941789484 0.0007029999978840351 15
1762941789518 0.0007525000255554914 16
1762941789550 0.0008019999950192869 17
1762941789591 0.0008515000226907432 18
1762941789631 0.0009009999921545386 19
1762941789672 0.000950500019825995 20
1762941789708 0.0010000000474974513 21
1762941789742 0.0009996530134230852 22
1762941789775 0.0009986128425225616 23
1762941789807 0.0009968808153644204 24
1762941789842 0.0009944597259163857 25
1762941789874 0.0009913534158840775 26
1762941789906 0.0009875664254650474 27
1762941789942 0.00098310480825603 28
1762941789975 0.0009779754327610135 29
1762941790007 0.00097218609880656 30
1762941790035 0.0009657457703724504 31
1762941790068 0.0009586644009687006 32
1762941790119 0.0009509529336355627 33
1762941790152 0.0009426231845282018 34
1762941790186 0.0009336880757473409 35
1762941790222 0.0009241613443009555 36
1762941790259 0.0009140576585195959 37
1762941790293 0.0009033926180563867 38
1762941790329 0.0008921826956793666 39
1762941790362 0.0008804451208561659 40
1762941790395 0.0008681980543769896 41
1762941790423 0.0008554603555239737 42
1762941790462 0.000842251640278846 43
1762941790483 0.0008285922813229263 44
1762941790527 0.0008145033498294652 45
1762941790561 0.0008000066154636443 46
1762941790596 0.0007851243717595935 47
1762941790618 0.0007698795525357127 48
1762941790665 0.0007542957318946719 49
1762941790699 0.0007383968913927674 50
1762941790733 0.0007222075364552438 51
1762941790765 0.0007057526963762939 52
1762941790796 0.0006890576332807541 53
1762941790826 0.00067214819137007 54
1762941790857 0.0006550503894686699 55
1762941790888 0.0006377906538546085 56
1762941790919 0.0006203955272212625 57
1762941790961 0.0006028918433003128 58
1762941790983 0.0005853066104464233 59
1762941791026 0.0005676668952219188 60
1762941791068 0.0005499999970197678 61
1762941791100 0.0005323330988176167 62
1762941791132 0.0005146933835931122 63
1762941791163 0.0004971081507392228 64
1762941791198 0.0004796044959221035 65
1762941791237 0.00046220936928875744 66
1762941791277 0.0004449495754670352 67
1762941791317 0.00042785180266946554 68
1762941791362 0.00041094236075878143 69
1762941791402 0.0003942473267670721 70
1762941791438 0.0003777924575842917 71
1762941791472 0.00036160313175059855 72
1762941791516 0.0003457042621448636 73
1762941791553 0.0003301204415038228 74
1762941791591 0.0003148756513837725 75
1762941791635 0.0002999934076797217 76
1762941791670 0.00028549664421007037 77
1762941791715 0.00027140771271660924 78
1762941791750 0.00025774838286451995 79
1762941791787 0.0002445396676193923 80
1762941791821 0.00023180195421446115 81
1762941791852 0.00021955487318336964 82
1762941791896 0.00020781731291208416 83
1762941791935 0.0001966073759831488 84
1762941791984 0.0001859423500718549 85
1762941792017 0.00017583867884241045 86
1762941792050 0.00016631193284410983 87
1762941792091 0.00015737679495941848 88
1762941792129 0.00014904706040397286 89
1762941792153 0.00014133557851891965 90
