1762942156767 0.046521954238414764 1
1762942156797 0.03207224979996681 2
1762942156808 0.030087005347013474 3
1762942156819 0.029344134032726288 4
1762942156819 0.028812013566493988 5
1762942156835 0.028526142239570618 6
1762942156850 0.027745701372623444 7
1762942156866 0.02755451574921608 8
1762942156875 0.026984654366970062 9
1762942156891 0.027646610513329506 10
1762942156891 0.027366096153855324 11
1762942156912 0.027060644701123238 12
1762942156918 0.027094654738903046 13
1762942156918 0.026617204770445824 14
1762942156935 0.026396406814455986 15
1762942156951 0.02611829712986946 16
1762942156951 0.025872431695461273 17
1762942156967 0.025923460721969604 18
1762942156982 0.025610055774450302 19
1762942156982 0.02550620026886463 20
1762942156998 0.024993225932121277 21
1762942157016 0.02425324358046055 22
1762942157026 0.023901501670479774 23
1762942157027 0.023223619908094406 24
1762942157037 0.02299616113305092 25
1762942157052 0.0227613877505064 26
1762942157052 0.02282951958477497 27
1762942157083 0.022642450407147408 28
1762942157086 0.02261630818247795 29
1762942157103 0.02267546020448208 30
1762942157130 0.022519467398524284 31
1762942157136 0.02244660258293152 32
1762942157151 0.022423677146434784 33
1762942157167 0.02243940718472004 34
1762942157183 0.022420242428779602 35
1762942157198 0.022399794310331345 36
1762942157216 0.02231457829475403 37
1762942157226 0.022224778309464455 38
1762942157236 0.021937932819128036 39
1762942157245 0.021863095462322235 40
1762942157245 0.021810704842209816 41
1762942157261 0.021773019805550575 42
1762942157277 0.021755829453468323 43
1762942157277 0.02177961729466915 44
1762942157302 0.021735845133662224 45
1762942157302 0.02170935459434986 46
1762942157319 0.0217138584703207 47
1762942157334 0.021745922043919563 48
1762942157334 0.02169950120151043 49
1762942157360 0.021703122183680534 50
1762942157369 0.021655883640050888 51
1762942157385 0.02172263152897358 52
1762942157402 0.021650835871696472 53
1762942157419 0.02164231613278389 54
1762942157438 0.021630987524986267 55
1762942157449 0.02163473702967167 56
1762942157464 0.021658074110746384 57
1762942157469 0.021603012457489967 58
1762942157485 0.021647103130817413 59
1762942157501 0.0216470155864954 60
1762942157501 0.02160651423037052 61
1762942157519 0.02161857858300209 62
1762942157535 0.021627303212881088 63
1762942157552 0.02160050719976425 64
1762942157580 0.021572336554527283 65
1762942157595 0.02158716693520546 66
1762942157610 0.021581726148724556 67
1762942157621 0.021551771089434624 68
1762942157633 0.02151833102107048 69
1762942157649 0.021579252555966377 70
1762942157666 0.02152336947619915 71
1762942157669 0.021534308791160583 72
1762942157702 0.021537013351917267 73
1762942157718 0.021498244255781174 74
1762942157718 0.021499155089259148 75
1762942157735 0.021525084972381592 76
1762942157735 0.02148604951798916 77
1762942157752 0.021496381610631943 78
1762942157771 0.021493172273039818 79
1762942157771 0.02151135541498661 80
1762942157788 0.02147701568901539 81
1762942157804 0.02145220898091793 82
1762942157804 0.021481432020664215 83
1762942157822 0.021428566426038742 84
1762942157838 0.02144363895058632 85
1762942157838 0.02142600156366825 86
1762942157862 0.0214102603495121 87
1762942157875 0.021423935890197754 88
1762942157885 0.021375838667154312 89
1762942157897 0.021383007988333702 90
1762942157904 0.021355705335736275 91
1762942157921 0.021396880969405174 92
1762942157937 0.021377291530370712 93
1762942157938 0.02138943411409855 94
1762942157954 0.021339604631066322 95
1762942157954 0.02137124165892601 96
1762942157979 0.021326443180441856 97
1762942157993 0.02138466015458107 98
1762942158007 0.021326160058379173 99
1762942158025 0.02130870893597603 100
