1762941857876 0.10610275715589523 1
1762941857887 0.046696119010448456 2
1762941857897 0.03544169291853905 3
1762941857915 0.03135731816291809 4
1762941857924 0.030060669407248497 5
1762941857935 0.029690111055970192 6
1762941857945 0.029441893100738525 7
1762941857951 0.029369356110692024 8
1762941857951 0.029317833483219147 9
1762941857970 0.02927791327238083 10
1762941857970 0.029231712222099304 11
1762941857986 0.02923443913459778 12
1762941858002 0.029268214479088783 13
1762941858002 0.02920329011976719 14
1762941858017 0.02919929474592209 15
1762941858024 0.02914511412382126 16
1762941858037 0.029199669137597084 17
1762941858052 0.029133087024092674 18
1762941858052 0.029150694608688354 19
1762941858070 0.02913562022149563 20
1762941858070 0.029143963009119034 21
1762941858085 0.029136141762137413 22
1762941858085 0.029105709865689278 23
1762941858101 0.02911142073571682 24
1762941858117 0.029101764783263206 25
1762941858120 0.029097573831677437 26
1762941858135 0.029093202203512192 27
1762941858135 0.029105160385370255 28
1762941858151 0.02911757118999958 29
1762941858151 0.029100967571139336 30
