1762941788791 1.0627169609069824 1
1762941788881 0.9894702434539795 2
1762941788953 0.8499857783317566 3
1762941789019 0.6979650855064392 4
1762941789087 0.550644040107727 5
1762941789134 0.42790061235427856 6
1762941789180 0.3353956639766693 7
1762941789217 0.27973783016204834 8
1762941789250 0.24276480078697205 9
1762941789285 0.22153204679489136 10
1762941789317 0.2052541971206665 11
1762941789352 0.19658462703227997 12
1762941789386 0.18885357677936554 13
1762941789417 0.18129457533359528 14
1762941789450 0.17580027878284454 15
1762941789484 0.17071717977523804 16
1762941789522 0.16552001237869263 17
1762941789555 0.16286738216876984 18
1762941789596 0.15784218907356262 19
1762941789636 0.15205305814743042 20
1762941789677 0.14640118181705475 21
1762941789713 0.14230087399482727 22
1762941789746 0.13903656601905823 23
1762941789779 0.13636942207813263 24
1762941789811 0.1347215622663498 25
1762941789847 0.13280516862869263 26
1762941789879 0.1325446218252182 27
1762941789911 0.1305910050868988 28
1762941789947 0.13093729317188263 29
1762941789979 0.1301480531692505 30
1762941790011 0.12964412569999695 31
1762941790051 0.12867969274520874 32
1762941790085 0.12831830978393555 33
1762941790120 0.1285049170255661 34
1762941790152 0.12753579020500183 35
1762941790186 0.12742412090301514 36
1762941790222 0.12708573043346405 37
1762941790264 0.1266438066959381 38
1762941790297 0.12544280290603638 39
1762941790333 0.1261872947216034 40
1762941790366 0.12649407982826233 41
1762941790399 0.12551715970039368 42
1762941790435 0.1252577006816864 43
1762941790467 0.1257120817899704 44
1762941790499 0.12483838200569153 45
1762941790532 0.12484229356050491 46
1762941790566 0.12516330182552338 47
1762941790601 0.12485875189304352 48
1762941790636 0.12489849328994751 49
1762941790671 0.12434908747673035 50
1762941790705 0.1235152930021286 51
1762941790738 0.1242738887667656 52
1762941790766 0.12323857843875885 53
1762941790801 0.12300067394971848 54
1762941790826 0.12288324534893036 55
1762941790857 0.12284807860851288 56
1762941790888 0.12298304587602615 57
1762941790919 0.12218712270259857 58
1762941790966 0.12194323539733887 59
1762941790983 0.12279383093118668 60
1762941791032 0.12187714129686356 61
1762941791073 0.12220770865678787 62
1762941791100 0.12212507426738739 63
1762941791132 0.12206871807575226 64
1762941791163 0.12119226902723312 65
1762941791200 0.12116005271673203 66
1762941791240 0.12076378613710403 67
1762941791285 0.12096507847309113 68
1762941791323 0.12090437114238739 69
1762941791368 0.12139719724655151 70
1762941791405 0.1208169162273407 71
1762941791443 0.1213388442993164 72
1762941791476 0.1199764534831047 73
1762941791518 0.12155162543058395 74
1762941791560 0.12094306200742722 75
1762941791600 0.12046485394239426 76
1762941791635 0.12025724351406097 77
1762941791670 0.12037227302789688 78
1762941791720 0.12013448774814606 79
1762941791757 0.11977645754814148 80
1762941791792 0.1204107329249382 81
1762941791825 0.11965783685445786 82
1762941791852 0.12041235715150833 83
1762941791903 0.11976045370101929 84
1762941791935 0.11952371150255203 85
1762941791984 0.11960067600011826 86
1762941792017 0.1198926791548729 87
1762941792050 0.11945012956857681 88
1762941792091 0.11990857124328613 89
1762941792133 0.11964783817529678 90
