1762941788810 1.0627169609069824 1
1762941788885 0.9894702434539795 2
1762941788969 0.8499857783317566 3
1762941789025 0.6979650855064392 4
1762941789097 0.550644040107727 5
1762941789134 0.42790061235427856 6
1762941789186 0.3353956639766693 7
1762941789220 0.27973783016204834 8
1762941789256 0.24276480078697205 9
1762941789289 0.22153204679489136 10
1762941789323 0.2052541971206665 11
1762941789357 0.19658462703227997 12
1762941789390 0.18885357677936554 13
1762941789422 0.18129457533359528 14
1762941789450 0.17580027878284454 15
1762941789484 0.17071717977523804 16
1762941789527 0.16552001237869263 17
1762941789559 0.16286738216876984 18
1762941789603 0.15784218907356262 19
1762941789642 0.15205305814743042 20
1762941789683 0.14640118181705475 21
1762941789718 0.14230087399482727 22
1762941789751 0.13903656601905823 23
1762941789784 0.13636942207813263 24
1762941789817 0.1347215622663498 25
1762941789851 0.13280516862869263 26
1762941789883 0.1325446218252182 27
1762941789915 0.1305910050868988 28
1762941789951 0.13093729317188263 29
1762941789984 0.1301480531692505 30
1762941790018 0.12964412569999695 31
1762941790051 0.12867969274520874 32
1762941790085 0.12831830978393555 33
1762941790120 0.1285049170255661 34
1762941790152 0.12753579020500183 35
1762941790186 0.12742412090301514 36
1762941790233 0.12708573043346405 37
1762941790268 0.1266438066959381 38
1762941790304 0.12544280290603638 39
1762941790338 0.1261872947216034 40
1762941790370 0.12649407982826233 41
1762941790404 0.12551715970039368 42
1762941790439 0.1252577006816864 43
1762941790467 0.1257120817899704 44
1762941790503 0.12483838200569153 45
1762941790537 0.12484229356050491 46
1762941790571 0.12516330182552338 47
1762941790606 0.12485875189304352 48
1762941790641 0.12489849328994751 49
1762941790675 0.12434908747673035 50
1762941790709 0.1235152930021286 51
1762941790742 0.1242738887667656 52
1762941790766 0.12323857843875885 53
1762941790806 0.12300067394971848 54
1762941790826 0.12288324534893036 55
1762941790857 0.12284810096025467 56
1762941790888 0.12298304587602615 57
1762941790938 0.12218712270259857 58
1762941790970 0.12194323539733887 59
1762941790999 0.12279383093118668 60
1762941791041 0.12187714129686356 61
1762941791078 0.12220770865678787 62
1762941791100 0.12212507426738739 63
1762941791132 0.12206873297691345 64
1762941791163 0.12119226902723312 65
1762941791200 0.12116005271673203 66
1762941791250 0.12076378613710403 67
1762941791290 0.12096507847309113 68
1762941791328 0.12090437114238739 69
1762941791372 0.12139719724655151 70
1762941791405 0.1208169162273407 71
1762941791447 0.1213388442993164 72
1762941791481 0.1199764534831047 73
1762941791518 0.12155162543058395 74
1762941791565 0.12094306200742722 75
1762941791600 0.12046485394239426 76
1762941791635 0.12025724351406097 77
1762941791685 0.12037227302789688 78
1762941791725 0.12013448774814606 79
1762941791762 0.11977645754814148 80
1762941791796 0.1204107329249382 81
1762941791830 0.11965783685445786 82
1762941791868 0.12041236460208893 83
1762941791908 0.11976045370101929 84
1762941791956 0.11952371150255203 85
1762941791984 0.11960067600011826 86
1762941792034 0.1198926791548729 87
1762941792070 0.11945011466741562 88
1762941792104 0.11990857124328613 89
1762941792137 0.11964783817529678 90
