1762941788821 1.898515224456787 1
1762941788900 1.6641086339950562 2
1762941788984 1.2135993242263794 3
1762941789032 0.8290121555328369 4
1762941789105 0.5088958144187927 5
1762941789153 0.30831843614578247 6
1762941789191 0.186304971575737 7
1762941789220 0.1292724907398224 8
1762941789261 0.09612368047237396 9
1762941789294 0.08031123131513596 10
1762941789327 0.06773895025253296 11
1762941789361 0.06159084662795067 12
1762941789395 0.0568070113658905 13
1762941789426 0.0528421625494957 14
1762941789450 0.04953237250447273 15
1762941789499 0.047123413532972336 16
1762941789531 0.04439372569322586 17
1762941789564 0.04296589642763138 18
1762941789608 0.0404193252325058 19
1762941789647 0.03783576190471649 20
1762941789687 0.035433270037174225 21
1762941789723 0.03384595364332199 22
1762941789756 0.03232741355895996 23
1762941789788 0.031198561191558838 24
1762941789823 0.0304891187697649 25
1762941789856 0.029970131814479828 26
1762941789888 0.029598744586110115 27
1762941789921 0.029191231355071068 28
1762941789956 0.02920861542224884 29
1762941789989 0.0288170725107193 30
1762941790025 0.028536861762404442 31
1762941790051 0.02838853932917118 32
1762941790085 0.02830943465232849 33
1762941790133 0.028273625299334526 34
1762941790167 0.027853915467858315 35
1762941790202 0.02802017703652382 36
1762941790239 0.02778441086411476 37
1762941790273 0.02767142839729786 38
1762941790308 0.026989305391907692 39
1762941790343 0.02747461199760437 40
1762941790375 0.027586588636040688 41
1762941790408 0.027131708338856697 42
1762941790444 0.02707713469862938 43
1762941790467 0.02740386687219143 44
1762941790508 0.027210915461182594 45
1762941790542 0.027161864563822746 46
1762941790576 0.02722879871726036 47
1762941790611 0.02688175067305565 48
1762941790645 0.027078013867139816 49
1762941790680 0.026983756572008133 50
1762941790714 0.026464322581887245 51
1762941790747 0.0270382072776556 52
1762941790766 0.026409510523080826 53
1762941790810 0.02661636658012867 54
1762941790841 0.02630736120045185 55
1762941790873 0.026471465826034546 56
1762941790907 0.026449143886566162 57
1762941790943 0.026391703635454178 58
1762941790975 0.02612898126244545 59
1762941790999 0.026366926729679108 60
1762941791049 0.026254957541823387 61
1762941791083 0.026271279901266098 62
1762941791100 0.02614106796681881 63
1762941791132 0.026289761066436768 64
1762941791177 0.02602476440370083 65
1762941791216 0.025941845029592514 66
1762941791255 0.02581820636987686 67
1762941791293 0.025801893323659897 68
1762941791333 0.02588391862809658 69
1762941791372 0.02605290338397026 70
1762941791417 0.02585657313466072 71
1762941791452 0.026068920269608498 72
1762941791484 0.0254994947463274 73
1762941791518 0.02610936388373375 74
1762941791574 0.025887571275234222 75
1762941791600 0.02589140273630619 76
1762941791652 0.025597192347049713 77
1762941791690 0.025851929560303688 78
1762941791730 0.025660742074251175 79
1762941791766 0.02543634921312332 80
1762941791801 0.025648603215813637 81
1762941791835 0.02560301125049591 82
1762941791870 0.025777285918593407 83
1762941791913 0.025607241317629814 84
1762941791964 0.025548076257109642 85
1762941792003 0.025651533156633377 86
1762941792034 0.025549715384840965 87
1762941792074 0.025379199534654617 88
1762941792104 0.025593845173716545 89
1762941792137 0.0255062747746706 90
