1762369972756 0.025002894923090935 1
1762369972781 0.007900049909949303 2
1762369972790 0.007294351235032082 3
1762369972793 0.006836454849690199 4
1762369972807 0.006612106692045927 5
1762369972807 0.006364373955875635 6
1762369972824 0.0061939796432852745 7
1762369972824 0.006068502087146044 8
1762369972846 0.0059525081887841225 9
1762369972854 0.005875032860785723 10
1762369972863 0.005812392104417086 11
1762369972872 0.005732078570872545 12
1762369972874 0.005697129759937525 13
1762369972874 0.005663088522851467 14
1762369972891 0.0056292349472641945 15
1762369972891 0.0056072743609547615 16
1762369972907 0.005582330282777548 17
1762369972907 0.00554377306252718 18
1762369972924 0.0055515277199447155 19
1762369972924 0.005532285664230585 20
1762369972939 0.005556914955377579 21
1762369972939 0.005581157747656107 22
1762369972955 0.005555369891226292 23
1762369972970 0.005500046070665121 24
1762369972974 0.0055006686598062515 25
1762369972974 0.005481767933815718 26
1762369972991 0.005467639304697514 27
1762369972991 0.005490610376000404 28
1762369973007 0.005484435707330704 29
1762369973007 0.005451937206089497 30
1762369973024 0.005477720871567726 31
1762369973024 0.005437804851680994 32
1762369973040 0.005417537875473499 33
1762369973040 0.005389444064348936 34
1762369973058 0.0053542787209153175 35
1762369973058 0.005398567300289869 36
1762369973074 0.005287177860736847 37
1762369973089 0.005289739929139614 38
1762369973090 0.005201424937695265 39
1762369973106 0.005205465946346521 40
1762369973106 0.00518905371427536 41
1762369973122 0.00507280882447958 42
1762369973124 0.005094071850180626 43
1762369973124 0.004994065035134554 44
1762369973140 0.004993948619812727 45
1762369973140 0.004960823804140091 46
1762369973157 0.005073827225714922 47
1762369973157 0.004961686208844185 48
1762369973174 0.004874545615166426 49
1762369973174 0.004923335742205381 50
1762369973190 0.004987888969480991 51
1762369973190 0.004891752731055021 52
1762369973207 0.0048347217962145805 53
1762369973207 0.004806259647011757 54
1762369973222 0.004800249822437763 55
1762369973222 0.004814547020941973 56
1762369973238 0.0046952348202466965 57
1762369973238 0.004842614755034447 58
1762369973254 0.004720342345535755 59
1762369973269 0.004638133104890585 60
1762369973269 0.004553296137601137 61
1762369973285 0.004607957322150469 62
1762369973285 0.0046176002360880375 63
1762369973300 0.004673345480114222 64
1762369973300 0.00461876206099987 65
1762369973316 0.004585198126733303 66
1762369973316 0.004496963694691658 67
1762369973332 0.004654861520975828 68
1762369973332 0.00469744298607111 69
1762369973347 0.004533163271844387 70
1762369973347 0.004522956907749176 71
1762369973363 0.004595846403390169 72
1762369973377 0.004433031659573317 73
1762369973386 0.0044829510152339935 74
1762369973394 0.004504173528403044 75
1762369973402 0.004430513363331556 76
1762369973407 0.004470443353056908 77
1762369973407 0.004481968469917774 78
1762369973422 0.004339530132710934 79
1762369973422 0.0043585761450231075 80
1762369973438 0.0043931216932833195 81
1762369973438 0.004377273842692375 82
1762369973454 0.004477010574191809 83
1762369973454 0.004403514787554741 84
1762369973469 0.00446040416136384 85
1762369973469 0.004460649564862251 86
1762369973485 0.004347251728177071 87
1762369973485 0.004362715408205986 88
1762369973500 0.0044069429859519005 89
1762369973516 0.004371467977762222 90
1762369973516 0.004335172474384308 91
