1762371060830 0.035734400153160095 1
1762371060831 0.013336577452719212 2
1762371060849 0.010248602367937565 3
1762371060852 0.008367042988538742 4
1762371060869 0.007281995844095945 5
1762371060877 0.006450409535318613 6
1762371060889 0.006003323011100292 7
1762371060898 0.005619783885776997 8
1762371060906 0.005337155424058437 9
1762371060913 0.005195935722440481 10
1762371060913 0.005050474312156439 11
1762371060929 0.004963853862136602 12
1762371060929 0.004895120393484831 13
1762371060945 0.004793728236109018 14
1762371060945 0.004773503635078669 15
1762371060960 0.004700980614870787 16
1762371060960 0.004658413119614124 17
1762371060980 0.004624779801815748 18
1762371060980 0.0045751663856208324 19
1762371060997 0.004559862893074751 20
1762371060997 0.0045197950676083565 21
1762371061014 0.004506724886596203 22
1762371061014 0.004475740250200033 23
1762371061030 0.004460005555301905 24
1762371061030 0.004416205454617739 25
1762371061047 0.00442001037299633 26
1762371061047 0.004408522974699736 27
1762371061063 0.004403673578053713 28
1762371061063 0.00435623899102211 29
1762371061079 0.004347165580838919 30
1762371061079 0.0043516382575035095 31
1762371061096 0.0043330444023013115 32
1762371061096 0.004313244484364986 33
1762371061113 0.004278495442122221 34
1762371061113 0.004281233064830303 35
1762371061130 0.004296860657632351 36
1762371061130 0.0042643374763429165 37
1762371061147 0.004217739682644606 38
1762371061147 0.004184383898973465 39
1762371061163 0.004163848236203194 40
1762371061163 0.004145660437643528 41
1762371061180 0.00410807179287076 42
1762371061180 0.004082697909325361 43
1762371061195 0.004076858516782522 44
1762371061195 0.00402475893497467 45
1762371061213 0.004060658160597086 46
1762371061213 0.003999121952801943 47
1762371061229 0.0039262487553060055 48
1762371061229 0.0038700629957020283 49
1762371061244 0.003844616236165166 50
1762371061244 0.0037918202579021454 51
1762371061260 0.003742851549759507 52
1762371061260 0.0037354091182351112 53
1762371061276 0.0037053353153169155 54
1762371061276 0.0036506913602352142 55
1762371061291 0.0036197344306856394 56
1762371061307 0.0036180943716317415 57
1762371061307 0.0035180021077394485 58
1762371061322 0.003529933514073491 59
1762371061322 0.0035959307570010424 60
1762371061338 0.0034726231824606657 61
1762371061338 0.003425579983741045 62
1762371061354 0.003357239766046405 63
1762371061354 0.0033299524802714586 64
1762371061369 0.003358470508828759 65
1762371061369 0.0032560667023062706 66
1762371061385 0.003221287624910474 67
1762371061400 0.0032354965806007385 68
1762371061408 0.0031746733002364635 69
1762371061417 0.0031750823836773634 70
1762371061425 0.0031178526114672422 71
1762371061431 0.0031406404450535774 72
1762371061431 0.003118092892691493 73
1762371061446 0.003076354507356882 74
1762371061446 0.002998142270371318 75
1762371061462 0.0029985210858285427 76
1762371061462 0.0029675422701984644 77
1762371061477 0.002970445202663541 78
1762371061477 0.0029788583051413298 79
1762371061493 0.002934051211923361 80
1762371061493 0.002851122058928013 81
1762371061509 0.002858198946341872 82
1762371061509 0.002845855662599206 83
1762371061524 0.002821664558723569 84
1762371061540 0.002788699232041836 85
1762371061551 0.002792221959680319 86
1762371061554 0.0027874326333403587 87
1762371061570 0.002775820903480053 88
1762371061570 0.0027259697671979666 89
1762371061586 0.0027190889231860638 90
1762371061601 0.0026926363352686167 91
1762371061601 0.0026713537517935038 92
1762371061617 0.002649635076522827 93
1762371061617 0.002639451529830694 94
1762371061632 0.0025983667001128197 95
1762371061648 0.0025577624328434467 96
1762371061648 0.002567612798884511 97
1762371061664 0.0025254187639802694 98
1762371061669 0.002539103152230382 99
1762371061685 0.002537377644330263 100
