1762326039471 0.04552049562335014 1
1762326039482 0.012397904880344868 2
1762326039490 0.01017660554498434 3
1762326039500 0.008636011742055416 4
1762326039510 0.007416664157062769 5
1762326039518 0.006699640769511461 6
1762326039526 0.006206515245139599 7
1762326039535 0.005864431615918875 8
1762326039543 0.005666402168571949 9
1762326039551 0.005452808924019337 10
1762326039559 0.005326729733496904 11
1762326039567 0.005223024170845747 12
1762326039576 0.005109487101435661 13
1762326039583 0.005046127829700708 14
1762326039591 0.004992018919438124 15
1762326039600 0.004950938746333122 16
1762326039600 0.004913944285362959 17
1762326039617 0.004884645342826843 18
1762326039624 0.004857095889747143 19
1762326039633 0.004825011361390352 20
1762326039640 0.004804948344826698 21
1762326039645 0.004835095256567001 22
1762326039645 0.004784320015460253 23
1762326039661 0.004804231692105532 24
1762326039661 0.00479025999084115 25
1762326039676 0.004779245238751173 26
1762326039676 0.004746398888528347 27
1762326039696 0.004772269167006016 28
1762326039704 0.004685943014919758 29
1762326039711 0.004733963869512081 30
1762326039711 0.004701895173639059 31
1762326039727 0.004713087342679501 32
1762326039727 0.004662798717617989 33
1762326039742 0.004665691405534744 34
1762326039742 0.004643627908080816 35
1762326039758 0.00462848786264658 36
1762326039766 0.004597298800945282 37
1762326039774 0.004546889569610357 38
1762326039781 0.004571088124066591 39
1762326039787 0.004511966835707426 40
1762326039787 0.004525936208665371 41
1762326039806 0.004514127504080534 42
1762326039813 0.004417126532644033 43
1762326039819 0.0043858932331204414 44
1762326039819 0.004380336496978998 45
1762326039835 0.004333022050559521 46
1762326039835 0.00427166186273098 47
1762326039850 0.004292018711566925 48
1762326039850 0.004244911018759012 49
1762326039866 0.004198016133159399 50
1762326039866 0.004131975583732128 51
1762326039887 0.004110835958272219 52
1762326039897 0.0040940032340586185 53
1762326039919 0.004005567170679569 54
1762326039927 0.00408939877524972 55
1762326039928 0.004026229027658701 56
1762326039943 0.0040197912603616714 57
1762326039943 0.003920828457921743 58
1762326039959 0.0038978985976427794 59
1762326039959 0.00384381297044456 60
1762326039975 0.003847862593829632 61
1762326039975 0.003807552857324481 62
1762326039990 0.0038059658836573362 63
1762326039990 0.0037853086832910776 64
1762326040006 0.0037769165355712175 65
1762326040016 0.003757572965696454 66
1762326040024 0.00370637234300375 67
1762326040032 0.003700380912050605 68
1762326040040 0.0036557717248797417 69
1762326040048 0.003639529226347804 70
1762326040054 0.0036087834741920233 71
1762326040054 0.003606218844652176 72
1762326040070 0.003550430294126272 73
1762326040070 0.003500760765746236 74
1762326040087 0.0034701575059443712 75
1762326040095 0.003488114569336176 76
1762326040103 0.0034629390574991703 77
1762326040110 0.003419183660298586 78
1762326040117 0.0034408660139888525 79
1762326040117 0.0034859683364629745 80
1762326040134 0.0033697234466671944 81
1762326040142 0.0033196373842656612 82
1762326040150 0.003311787499114871 83
1762326040158 0.0033597229048609734 84
1762326040168 0.0032753825653344393 85
1762326040176 0.0032205835450440645 86
1762326040179 0.0031909917015582323 87
1762326040179 0.0032423557713627815 88
1762326040194 0.003152284538373351 89
1762326040194 0.003125835442915559 90
1762326040215 0.0030785182025283575 91
1762326040222 0.003130368422716856 92
1762326040225 0.003046219702810049 93
1762326040225 0.0030117921996861696 94
1762326040247 0.0029976079240441322 95
1762326040255 0.0030233191791921854 96
1762326040262 0.0030347248539328575 97
1762326040262 0.002936236560344696 98
1762326040277 0.0029104123823344707 99
1762326040277 0.0028902862686663866 100
