1762325144409 0.02591169998049736 1
1762325144419 0.00933795515447855 2
1762325144419 0.008452540263533592 3
1762325144438 0.007966328412294388 4
1762325144446 0.00761142373085022 5
1762325144452 0.007402388378977776 6
1762325144452 0.007257233839482069 7
1762325144473 0.007021211553364992 8
1762325144481 0.006858595181256533 9
1762325144489 0.006740329787135124 10
1762325144497 0.00662228325381875 11
1762325144506 0.006533397361636162 12
1762325144514 0.006398054305464029 13
1762325144522 0.006355242803692818 14
1762325144530 0.006257942412048578 15
1762325144530 0.006209822837263346 16
1762325144545 0.0061832210049033165 17
1762325144545 0.006199904717504978 18
1762325144561 0.0060521140694618225 19
1762325144561 0.006052250508219004 20
1762325144577 0.006100434809923172 21
1762325144577 0.005953462328761816 22
1762325144592 0.0060163987800478935 23
1762325144592 0.005968156270682812 24
1762325144608 0.005911879241466522 25
1762325144608 0.005921682342886925 26
1762325144624 0.005971076898276806 27
1762325144632 0.00595962256193161 28
1762325144639 0.005855818744748831 29
1762325144639 0.00592822814360261 30
1762325144655 0.005873665679246187 31
1762325144663 0.005844006780534983 32
1762325144671 0.005813985131680965 33
1762325144679 0.005813894793391228 34
1762325144687 0.005721062887459993 35
1762325144695 0.005771413911134005 36
1762325144699 0.0058026062324643135 37
1762325144699 0.005599328316748142 38
1762325144714 0.005648539401590824 39
1762325144714 0.005619559902697802 40
1762325144730 0.005471927113831043 41
1762325144730 0.005536965094506741 42
1762325144746 0.005406296346336603 43
1762325144746 0.005380573216825724 44
1762325144761 0.005358812399208546 45
1762325144761 0.005300477147102356 46
1762325144777 0.005194882396608591 47
1762325144777 0.0051439860835671425 48
1762325144793 0.0051889363676309586 49
1762325144806 0.00514275673776865 50
1762325144816 0.005372942890971899 51
1762325144824 0.005635648500174284 52
1762325144831 0.005249235779047012 53
1762325144839 0.0050302352756261826 54
1762325144847 0.0050782933831214905 55
1762325144856 0.005083542317152023 56
1762325144857 0.004930299241095781 57
1762325144857 0.0050594862550497055 58
1762325144879 0.005242875311523676 59
1762325144887 0.0050580683164298534 60
1762325144888 0.005023800302296877 61
1762325144903 0.005054522771388292 62
1762325144903 0.004869227297604084 63
1762325144919 0.004935851786285639 64
1762325144919 0.0049124653451144695 65
1762325144935 0.004880222957581282 66
1762325144935 0.004928418435156345 67
1762325144950 0.004835277330130339 68
1762325144959 0.004764924757182598 69
1762325144968 0.004738727118819952 70
1762325144976 0.004738760180771351 71
1762325144984 0.004781356081366539 72
1762325144992 0.004716138821095228 73
1762325145000 0.004704362712800503 74
1762325145008 0.004820819944143295 75
