1762300917231 0.026743412017822266 1
1762300917235 0.014256950467824936 2
1762300917235 0.012348663993179798 3
1762300917258 0.011536428704857826 4
1762300917269 0.011232996359467506 5
1762300917280 0.010987157002091408 6
1762300917289 0.010891280137002468 7
1762300917295 0.010897942818701267 8
1762300917306 0.010804793797433376 9
1762300917316 0.010790454223752022 10
1762300917324 0.010645822621881962 11
1762300917333 0.010779455304145813 12
1762300917342 0.010423882864415646 13
1762300917351 0.010554017499089241 14
1762300917359 0.010168403387069702 15
1762300917368 0.010157376527786255 16
1762300917376 0.010577129200100899 17
1762300917384 0.01014244370162487 18
1762300917391 0.010105547495186329 19
1762300917391 0.00994042493402958 20
1762300917406 0.00983482412993908 21
1762300917406 0.00988124031573534 22
1762300917422 0.009605769999325275 23
1762300917422 0.009577530436217785 24
1762300917444 0.009492543525993824 25
1762300917453 0.00952007807791233 26
1762300917462 0.009471917524933815 27
1762300917472 0.009321145713329315 28
1762300917481 0.009322692640125751 29
1762300917484 0.009304285049438477 30
1762300917500 0.009311464615166187 31
1762300917500 0.00925620086491108 32
1762300917515 0.009266632609069347 33
1762300917515 0.00911505613476038 34
1762300917531 0.009083831682801247 35
1762300917531 0.009159937500953674 36
1762300917552 0.008993306197226048 37
1762300917560 0.009027007967233658 38
1762300917568 0.008991265669465065 39
1762300917576 0.00900051649659872 40
1762300917584 0.008928024210035801 41
1762300917591 0.008873875252902508 42
1762300917594 0.008981340564787388 43
1762300917594 0.00879337452352047 44
1762300917610 0.008833077736198902 45
1762300917610 0.00883543025702238 46
1762300917625 0.00872517004609108 47
1762300917625 0.008680108934640884 48
1762300917646 0.008645240217447281 49
1762300917654 0.008645636029541492 50
1762300917662 0.008594818413257599 51
1762300917670 0.00865763146430254 52
1762300917678 0.008516097441315651 53
1762300917686 0.008865213952958584 54
1762300917694 0.008602002635598183 55
1762300917702 0.00851051788777113 56
1762300917703 0.008492190390825272 57
1762300917703 0.008514503948390484 58
1762300917718 0.008429693058133125 59
1762300917718 0.008508504368364811 60
1762300917734 0.008366255089640617 61
1762300917734 0.008374449796974659 62
1762300917750 0.00832501519471407 63
1762300917750 0.008483491837978363 64
1762300917781 0.008219663053750992 65
1762300917796 0.00844516046345234 66
1762300917815 0.008148366585373878 67
1762300917825 0.008233387023210526 68
1762300917833 0.008325768634676933 69
1762300917841 0.00809471309185028 70
1762300917844 0.008090057410299778 71
1762300917844 0.008252582512795925 72
1762300917860 0.008108519949018955 73
1762300917860 0.008046089671552181 74
1762300917879 0.00800410658121109 75
1762300917887 0.007941272109746933 76
1762300917896 0.008045746944844723 77
1762300917904 0.00800473801791668 78
1762300917911 0.007933146320283413 79
1762300917919 0.007910315878689289 80
1762300917922 0.007896153256297112 81
1762300917922 0.007947664707899094 82
1762300917937 0.00779828242957592 83
1762300917937 0.0077667078003287315 84
1762300917958 0.007881059311330318 85
1762300917967 0.007805218920111656 86
1762300917974 0.007750237360596657 87
1762300917982 0.007705396041274071 88
1762300917990 0.007875987328588963 89
1762300917993 0.007645502220839262 90
1762300917993 0.00760315265506506 91
1762300918009 0.007635402027517557 92
1762300918009 0.007658493705093861 93
1762300918032 0.007702314760535955 94
1762300918041 0.007622599136084318 95
1762300918047 0.007688309997320175 96
1762300918047 0.007560448255389929 97
1762300918063 0.007556237746030092 98
1762300918063 0.007477220613509417 99
1762300918079 0.007420429028570652 100
