1762302530657 0.02625912055373192 1
1762302530679 0.009343110024929047 2
1762302530688 0.00899907574057579 3
1762302530695 0.008766590617597103 4
1762302530695 0.008517662063241005 5
1762302530715 0.008371978998184204 6
1762302530724 0.008213895373046398 7
1762302530732 0.008071362972259521 8
1762302530740 0.007963279262185097 9
1762302530749 0.007886705920100212 10
1762302530756 0.00784913171082735 11
1762302530758 0.007731224410235882 12
1762302530758 0.0076751080341637135 13
1762302530780 0.007660761475563049 14
1762302530788 0.00763084227219224 15
1762302530796 0.007644433528184891 16
1762302530800 0.007530313450843096 17
1762302530800 0.007470705080777407 18
1762302530816 0.007412110920995474 19
1762302530816 0.007445252034813166 20
1762302530836 0.007407795637845993 21
1762302530844 0.007433868944644928 22
1762302530851 0.007363633252680302 23
1762302530859 0.007387318182736635 24
1762302530863 0.007304706145077944 25
1762302530863 0.007319205906242132 26
1762302530879 0.0072664483450353146 27
1762302530879 0.007307060062885284 28
1762302530894 0.007315412163734436 29
1762302530894 0.00722709484398365 30
1762302530910 0.0073183681815862656 31
1762302530910 0.007242864929139614 32
1762302530925 0.0072594755329191685 33
1762302530925 0.00728441821411252 34
1762302530948 0.007189185358583927 35
1762302530956 0.007226224057376385 36
1762302530963 0.007275925483554602 37
1762302530971 0.007270596455782652 38
1762302530980 0.00717679550871253 39
1762302530988 0.007060747593641281 40
1762302530997 0.007186745293438435 41
1762302531005 0.007235414814203978 42
1762302531013 0.00719111505895853 43
1762302531021 0.007062847260385752 44
1762302531029 0.007100398652255535 45
1762302531037 0.007125740870833397 46
1762302531041 0.007186023518443108 47
1762302531041 0.007097576279193163 48
1762302531062 0.0070680719800293446 49
1762302531070 0.00701602129265666 50
1762302531078 0.0070829614996910095 51
1762302531082 0.007029571570456028 52
1762302531082 0.007040161639451981 53
1762302531098 0.007070430088788271 54
1762302531098 0.007096013519912958 55
1762302531117 0.006993820425122976 56
1762302531124 0.0069913617335259914 57
1762302531128 0.00704961409792304 58
1762302531128 0.006994688417762518 59
1762302531144 0.006986750289797783 60
1762302531144 0.006963710766285658 61
1762302531160 0.006979960482567549 62
1762302531160 0.006971437018364668 63
1762302531175 0.0069552091881632805 64
1762302531175 0.006983314640820026 65
1762302531191 0.006915853824466467 66
1762302531191 0.006947135552763939 67
