1762879212518 9.999999747378752e-05 1
1762879212546 0.0005949999904260039 2
1762879212582 0.0010900000343099236 3
1762879212612 0.0015849999617785215 4
1762879212632 0.0020800000056624413 5
1762879212664 0.002575000049546361 6
1762879212699 0.0030700000934302807 7
1762879212728 0.0035649999044835567 8
1762879212756 0.00406000018119812 9
1762879212777 0.004554999992251396 10
1762879212803 0.005049999803304672 11
1762879212834 0.005545000080019236 12
1762879212869 0.006039999891072512 13
1762879212894 0.006535000167787075 14
1762879212925 0.007029999978840351 15
1762879212957 0.007524999789893627 16
1762879212977 0.008019999600946903 17
1762879213013 0.008515000343322754 18
1762879213037 0.00901000015437603 19
1762879213068 0.009504999965429306 20
1762879213100 0.009999999776482582 21
1762879213115 0.00999653059989214 22
