1762879212490 0.16832463443279266 1
1762879212518 0.12572914361953735 2
1762879212546 0.11450140178203583 3
1762879212586 0.11099585145711899 4
1762879212616 0.10901962965726852 5
1762879212632 0.10800419002771378 6
1762879212664 0.10749150067567825 7
1762879212703 0.10648032277822495 8
1762879212732 0.10545488446950912 9
1762879212760 0.10551498085260391 10
1762879212777 0.10486772656440735 11
1762879212803 0.10474102944135666 12
1762879212834 0.10492043197154999 13
1762879212873 0.10497356951236725 14
1762879212894 0.10509360581636429 15
1762879212925 0.10546237975358963 16
1762879212961 0.10514292865991592 17
1762879212977 0.10576941072940826 18
1762879213017 0.10540176928043365 19
1762879213037 0.10547193884849548 20
1762879213068 0.1061830073595047 21
1762879213100 0.10560521483421326 22
1762879389759 0.02405807003378868 1
1762879389767 0.02291596494615078 2
1762879389775 0.022431524470448494 3
1762879389786 0.021364275366067886 4
1762879389794 0.021702159196138382 5
1762879389805 0.02096099779009819 6
1762879389805 0.020290857180953026 7
1762879389821 0.019980277866125107 8
1762879389821 0.01916276291012764 9
1762879389840 0.019073432311415672 10
1762879389848 0.018615026026964188 11
1762879389857 0.01852383092045784 12
1762879389865 0.018316106870770454 13
1762879389874 0.01815634034574032 14
1762879389883 0.017932120710611343 15
1762879389887 0.01760118454694748 16
1762879389887 0.017127400264143944 17
1762879389902 0.01676626317203045 18
1762879389918 0.01615813374519348 19
1762879389918 0.015919307246804237 20
1762879389933 0.015692753717303276 21
1762879389933 0.015400972217321396 22
1762879389949 0.015251051634550095 23
1762879389949 0.01485716737806797 24
1762879389965 0.014751187525689602 25
1762879389965 0.014528590254485607 26
1762879389981 0.014330008998513222 27
1762879389989 0.014231476001441479 28
1762879389990 0.01422411110252142 29
1762879389990 0.013975105248391628 30
1762879390006 0.013619416393339634 31
1762879390006 0.013654699549078941 32
1762879390022 0.01364688016474247 33
1762879390022 0.013267782516777515 34
1762879390037 0.013277823105454445 35
1762879390037 0.012995557859539986 36
1762879390053 0.012737653218209743 37
1762879390053 0.012713865377008915 38
1762879390077 0.01241189893335104 39
1762879390085 0.012352710589766502 40
1762879390093 0.012197817675769329 41
1762879390099 0.012190108187496662 42
1762879390099 0.012067878618836403 43
1762879390114 0.011882130056619644 44
1762879390114 0.011766191571950912 45
1762879390130 0.011766867712140083 46
1762879390130 0.01159473042935133 47
1762879390146 0.011573557741940022 48
1762879390146 0.011480220593512058 49
1762879390166 0.011337393894791603 50
1762879390174 0.011392525397241116 51
1762879390182 0.011387547478079796 52
1762879390186 0.011203670874238014 53
1762879390186 0.011166864074766636 54
1762879390208 0.011202775873243809 55
1762879390216 0.011029168032109737 56
1762879390221 0.010986891575157642 57
1762879390221 0.010928304865956306 58
1762879390237 0.010936800390481949 59
1762879390237 0.010825159959495068 60
1762879390260 0.010824223980307579 61
1762879390268 0.01075164508074522 62
1762879390276 0.0106001952663064 63
1762879390284 0.010579945519566536 64
1762879390292 0.010556916706264019 65
1762879390303 0.0105560552328825 66
1762879390314 0.010547870770096779 67
1762879390318 0.010533180087804794 68
1762879390318 0.010315196588635445 69
1762879390333 0.010270972736179829 70
1762879390333 0.01029710192233324 71
1762879390349 0.01029268093407154 72
1762879390364 0.010129300877451897 73
1762879390364 0.01011593732982874 74
1762879390380 0.010048751719295979 75
1762879390380 0.009974385611712933 76
1762879390398 0.00994256604462862 77
1762879390406 0.0100080706179142 78
1762879390414 0.009829754009842873 79
1762879390422 0.009864680469036102 80
1762879390428 0.009887118823826313 81
1762879390428 0.009831459261476994 82
1762879390443 0.009713171981275082 83
1762879390443 0.009595615789294243 84
1762879390462 0.009697787463665009 85
1762879390470 0.009597216732800007 86
1762879390478 0.009573336690664291 87
1762879390487 0.009556041099131107 88
1762879390495 0.009487257339060307 89
1762879390503 0.009537514299154282 90
1762879390503 0.009416988119482994 91
1762879390519 0.00938586238771677 92
1762879390519 0.009321452118456364 93
1762879390534 0.009324641898274422 94
1762879390534 0.009334615431725979 95
1762879390550 0.009267895482480526 96
1762879390550 0.009141050279140472 97
1762879390566 0.009198879823088646 98
1762879390566 0.009141010232269764 99
1762879390581 0.009155354462563992 100
1762882387572 0.009785213507711887 1
1762882387593 0.009457984007894993 2
1762882387593 0.009419350884854794 3
1762882387614 0.009396607056260109 4
1762882387615 0.00941367819905281 5
1762882387626 0.009399005211889744 6
1762882387626 0.009392361156642437 7
1762882387650 0.009428049437701702 8
1762882387658 0.009378263726830482 9
1762882387666 0.009371108375489712 10
1762882387676 0.009398696944117546 11
1762882387685 0.009382947348058224 12
1762882387693 0.009388578124344349 13
1762882387702 0.009397244080901146 14
1762882387710 0.009400222450494766 15
1762882387718 0.009373994544148445 16
1762882387725 0.009370356798171997 17
1762882387725 0.00935275200754404 18
1762882387741 0.00935748778283596 19
1762882387741 0.009330958127975464 20
1762882387757 0.009316542185842991 21
1762882387757 0.009251556359231472 22
1762882387774 0.009219360537827015 23
1762882387782 0.009188826195895672 24
1762882387790 0.009142594411969185 25
1762882387798 0.009096143767237663 26
1762882387807 0.009117743000388145 27
1762882387808 0.00910206325352192 28
1762882387808 0.009078829549252987 29
1762882387824 0.009028180502355099 30
1762882387839 0.00897264201194048 31
1762882387839 0.008975369855761528 32
1762882387855 0.008930639363825321 33
1762882387855 0.008874788880348206 34
1762882387871 0.008863633498549461 35
1762882387882 0.00884511973708868 36
1762882387890 0.008837605826556683 37
1762882387898 0.008861169219017029 38
1762882387906 0.008796382695436478 39
1762882387910 0.008821753785014153 40
1762882387910 0.00876503624022007 41
1762882387925 0.008784760721027851 42
1762882387925 0.008750172331929207 43
1762882387941 0.008719055913388729 44
1762882387941 0.008697642013430595 45
1762882387957 0.00868690200150013 46
1762882387972 0.008678140118718147 47
1762882387972 0.008657379075884819 48
1762882387988 0.008629716001451015 49
1762882387988 0.008601894602179527 50
1762882388004 0.008582796901464462 51
1762882388013 0.008540626615285873 52
1762882388016 0.008518494665622711 53
1762882388016 0.008473727852106094 54
1762882388031 0.008461516350507736 55
1762882388031 0.008381040766835213 56
1762882388047 0.008391966111958027 57
1762882388063 0.008316225372254848 58
1762882388063 0.008392652496695518 59
1762882388080 0.008368507958948612 60
1762882388088 0.008297967724502087 61
1762882388096 0.008248790167272091 62
1762882388104 0.008225752972066402 63
1762882388108 0.008257103152573109 64
1762882388108 0.008174230344593525 65
1762882388124 0.008112029172480106 66
1762882388139 0.008149273693561554 67
1762882388139 0.008087940514087677 68
1762882388155 0.008039386942982674 69
1762882388155 0.008146054111421108 70
1762882388173 0.008016484789550304 71
1762882388175 0.007920926436781883 72
1762882388175 0.007883391343057156 73
1762882388199 0.007815060205757618 74
1762882388207 0.007754068356007338 75
1762882388215 0.007720417343080044 76
1762882388223 0.00765728484839201 77
1762882388232 0.007603892590850592 78
1762882388234 0.007549185771495104 79
1762882388234 0.007547169458121061 80
1762882388250 0.007581497076898813 81
1762882388250 0.007570614106953144 82
1762882388266 0.00749198580160737 83
1762882388266 0.007458655163645744 84
1762882388281 0.0074384016916155815 85
1762882388281 0.007492501754313707 86
1762882388297 0.007415111176669598 87
1762882388297 0.007347340229898691 88
1762882388320 0.007308352738618851 89
1762882388328 0.007317630108445883 90
1762882388336 0.007276355754584074 91
1762882388344 0.007231572177261114 92
1762882388344 0.007231998257339001 93
1762882388359 0.00721924751996994 94
1762882388359 0.0071980892680585384 95
1762882388375 0.007215807680040598 96
1762882388375 0.007178321480751038 97
1762882388393 0.007160351611673832 98
1762882388401 0.007179501000791788 99
1762882388411 0.007069782819598913 100
