1762879212496 0.16832463443279266 1
1762879212530 0.12572914361953735 2
1762879212562 0.11450140178203583 3
1762879212590 0.11099585145711899 4
1762879212616 0.10901962965726852 5
1762879212647 0.10800419002771378 6
1762879212678 0.10749150067567825 7
1762879212707 0.10648032277822495 8
1762879212736 0.10545488446950912 9
1762879212761 0.10551498085260391 10
1762879212777 0.10486772656440735 11
1762879212818 0.10474102944135666 12
1762879212834 0.10492043197154999 13
1762879212877 0.10497356951236725 14
1762879212894 0.10509360581636429 15
1762879212925 0.10546237975358963 16
1762879212965 0.10514292865991592 17
1762879212977 0.10576941072940826 18
1762879213021 0.10540176928043365 19
1762879213037 0.10547193884849548 20
1762879213068 0.1061830073595047 21
1762879213100 0.10560521483421326 22
