1762879212500 0.04978591203689575 1
1762879212530 0.02913433313369751 2
1762879212566 0.024333402514457703 3
1762879212595 0.022686544805765152 4
1762879212616 0.021868567913770676 5
1762879212647 0.02139507234096527 6
1762879212682 0.02130810357630253 7
1762879212712 0.02104354090988636 8
1762879212740 0.020530277863144875 9
1762879212761 0.020568395033478737 10
1762879212797 0.020333947613835335 11
1762879212818 0.020295308902859688 12
1762879212850 0.02028237096965313 13
1762879212880 0.020309949293732643 14
1762879212910 0.02031104825437069 15
1762879212925 0.020378338173031807 16
1762879212969 0.020311225205659866 17
1762879212997 0.020531579852104187 18
1762879213021 0.020418019965291023 19
1762879213053 0.020473111420869827 20
1762879213084 0.020581712946295738 21
1762879213100 0.020437587052583694 22
