1762394026762 0.02976423315703869 1
1762394026773 0.01210545189678669 2
1762394026784 0.010214635170996189 3
1762394026796 0.009086638689041138 4
1762394026810 0.008399163372814655 5
1762394026820 0.008023088797926903 6
1762394026829 0.007821754552423954 7
1762394026840 0.007583939004689455 8
1762394026849 0.007514366414397955 9
1762394026859 0.007493767887353897 10
1762394026868 0.007429097313433886 11
1762394026882 0.007171547506004572 12
1762394026895 0.007182168774306774 13
1762394026904 0.006964130327105522 14
1762394026913 0.007118802051991224 15
1762394026924 0.006939144805073738 16
1762394026934 0.006975622847676277 17
1762394026950 0.006883187219500542 18
1762394026959 0.006875258404761553 19
1762394026968 0.006831002421677113 20
1762394026984 0.0068398634903132915 21
1762394026984 0.006808320991694927 22
1762394027004 0.0067883990705013275 23
1762394027013 0.006703246850520372 24
1762394027023 0.006789692211896181 25
1762394027035 0.00670397887006402 26
1762394027051 0.0067328498698771 27
1762394027059 0.006733972579240799 28
1762394027069 0.006685251370072365 29
1762394027069 0.006601463537663221 30
1762394027085 0.006543902214616537 31
1762394027101 0.0064764367416501045 32
1762394027110 0.006441874895244837 33
1762394027121 0.006432195659726858 34
1762394027132 0.006404660642147064 35
1762394027134 0.006403787061572075 36
1762394027153 0.006327091250568628 37
1762394027163 0.0063596754334867 38
1762394027179 0.006294678896665573 39
1762394027189 0.006359731778502464 40
1762394027198 0.00621887156739831 41
1762394027208 0.006352010648697615 42
1762394027221 0.006279041524976492 43
1762394027234 0.006337053142488003 44
1762394027243 0.006127455737441778 45
1762394027253 0.006237245164811611 46
1762394027262 0.0061024753376841545 47
1762394027277 0.006172566674649715 48
1762394027287 0.006188932340592146 49
1762394027303 0.006114938296377659 50
1762394027313 0.006029759533703327 51
1762394027322 0.005979898385703564 52
1762394027332 0.005998289678245783 53
1762394027341 0.005970293655991554 54
1762394027351 0.0059230574406683445 55
1762394027361 0.005918337032198906 56
1762394027368 0.005848761182278395 57
1762394027385 0.005852031521499157 58
1762394027393 0.005811754148453474 59
1762394027402 0.00575840612873435 60
1762394027410 0.00577295059338212 61
1762394027415 0.005760536529123783 62
1762394027415 0.005753122270107269 63
1762394027431 0.005793602671474218 64
1762394027431 0.005858382675796747 65
1762394027446 0.005739929154515266 66
1762394027446 0.005927432794123888 67
