1762395847028 0.03228883072733879 1
1762395847030 0.009807405062019825 2
1762395847043 0.00874214619398117 3
1762395847043 0.008107627741992474 4
1762395847067 0.007538010366261005 5
1762395847075 0.007109676953405142 6
1762395847078 0.006801581475883722 7
1762395847094 0.00650492450222373 8
1762395847094 0.006330867763608694 9
1762395847112 0.006182407960295677 10
1762395847121 0.006040943320840597 11
1762395847130 0.005942967254668474 12
1762395847139 0.0058869654312729836 13
1762395847143 0.005811065435409546 14
1762395847143 0.005780021660029888 15
1762395847158 0.005721614230424166 16
1762395847158 0.005695443134754896 17
1762395847174 0.005682644434273243 18
1762395847174 0.0056381868198513985 19
1762395847190 0.005636796820908785 20
1762395847190 0.005610159132629633 21
1762395847205 0.005554846487939358 22
1762395847205 0.005541261751204729 23
1762395847221 0.005507971625775099 24
1762395847221 0.005517250392585993 25
1762395847236 0.0054945675656199455 26
1762395847236 0.005498174577951431 27
1762395847252 0.005492723546922207 28
1762395847268 0.0054807234555482864 29
1762395847268 0.00547894136980176 30
1762395847283 0.005469329189509153 31
1762395847283 0.005457797087728977 32
1762395847299 0.005474743898957968 33
1762395847299 0.005467158276587725 34
1762395847315 0.0054465304128825665 35
1762395847326 0.0054599931463599205 36
1762395847334 0.005430635064840317 37
1762395847343 0.0054243276827037334 38
1762395847351 0.00543594267219305 39
1762395847359 0.005400448106229305 40
1762395847360 0.0053827702067792416 41
1762395847360 0.005378765054047108 42
1762395847376 0.00534812081605196 43
1762395847392 0.005310331005603075 44
1762395847392 0.005322910845279694 45
1762395847407 0.005312816239893436 46
1762395847407 0.005314033944159746 47
1762395847423 0.0052979630418121815 48
1762395847423 0.0052551100961863995 49
1762395847439 0.0052549028769135475 50
1762395847439 0.005273519083857536 51
1762395847454 0.005236566066741943 52
1762395847454 0.005194192286580801 53
1762395847470 0.005195377394556999 54
1762395847470 0.00511863362044096 55
1762395847485 0.005120900459587574 56
1762395847485 0.005113985855132341 57
1762395847501 0.0050806025974452496 58
1762395847501 0.005072095897048712 59
1762395847517 0.005041120108217001 60
1762395847517 0.0050059230998158455 61
1762395847532 0.005004463717341423 62
1762395847532 0.005018497817218304 63
1762395847548 0.004982085432857275 64
1762395847548 0.0049824765883386135 65
1762395847564 0.004948061890900135 66
1762395847579 0.0049700140953063965 67
1762395847579 0.004920559469610453 68
1762395847595 0.004912903066724539 69
1762395847595 0.00488076638430357 70
1762395847610 0.004912892822176218 71
1762395847610 0.004914210177958012 72
1762395847626 0.00486387126147747 73
1762395847626 0.0048383502289652824 74
1762395847642 0.004828766919672489 75
1762395847657 0.004830691497772932 76
1762395847660 0.004816626198589802 77
1762395847675 0.004833601415157318 78
1762395847677 0.0048168012872338295 79
1762395847693 0.0047654346562922 80
1762395847693 0.0047708298079669476 81
1762395847709 0.004744815640151501 82
1762395847709 0.004739478230476379 83
1762395847724 0.004725573118776083 84
1762395847724 0.004696838557720184 85
1762395847740 0.004698366392403841 86
1762395847755 0.00473066745325923 87
1762395847760 0.004664541222155094 88
1762395847760 0.004675528034567833 89
1762395847777 0.004645193926990032 90
1762395847777 0.004616609774529934 91
1762395847794 0.004604953806847334 92
1762395847794 0.004573445301502943 93
1762395847810 0.004557675216346979 94
1762395847828 0.004553208593279123 95
1762395847828 0.00453796423971653 96
1762395847844 0.00454128161072731 97
1762395847844 0.004542024340480566 98
1762395847859 0.00447255652397871 99
1762395847876 0.004464687313884497 100
