1762257955908 0.3422938883304596 1
1762257955932 0.29099714756011963 2
1762257955958 0.18217745423316956 3
1762257955980 0.16070163249969482 4
1762257956002 0.14919687807559967 5
1762257956012 0.14057357609272003 6
1762257956045 0.13444650173187256 7
1762257956067 0.12874095141887665 8
1762257956088 0.12542922794818878 9
1762257956105 0.11894050240516663 10
1762257956120 0.12020434439182281 11
1762257956153 0.11824910342693329 12
1762257956168 0.11292184144258499 13
1762257956183 0.111707903444767 14
1762257956219 0.11013524234294891 15
1762257956241 0.10586629062891006 16
1762257956263 0.09247628599405289 17
1762257956276 0.07693088799715042 18
1762257956292 0.07976917177438736 19
1762257956328 0.07981125265359879 20
1762257956339 0.0761261060833931 21
1762257956372 0.07424847036600113 22
1762257956386 0.07421194761991501 23
1762257956401 0.07373236864805222 24
1762257956438 0.06749378889799118 25
1762257956461 0.07590217888355255 26
1762257956484 0.06865869462490082 27
1762257956496 0.0659422054886818 28
1762257956527 0.06312960386276245 29
1762257956549 0.06588044762611389 30
1762257956558 0.06598921865224838 31
1762257956593 0.062275324016809464 32
1762257956605 0.06371218711137772 33
1762257956621 0.06287747621536255 34
1762257956657 0.0635678619146347 35
1762257956667 0.06405879557132721 36
1762257956700 0.06124042719602585 37
1762257956714 0.0608208067715168 38
1762257956729 0.060946594923734665 39
1762257956767 0.05895685404539108 40
1762257956777 0.065274678170681 41
1762257956810 0.06502342224121094 42
1762257956824 0.062263380736112595 43
1762257956839 0.06007683277130127 44
1762257956871 0.06107655167579651 45
1762257956886 0.059657804667949677 46
1762257956919 0.05946694687008858 47
1762257956933 0.060824427753686905 48
1762257956964 0.06270429491996765 49
1762257956986 0.060182128101587296 50
1762257956999 0.06067622825503349 51
1762257957015 0.0595947802066803 52
1762257957051 0.05772591382265091 53
