1762258064108 0.010213700123131275 1
1762258064116 0.00648323493078351 2
1762258064121 0.006483880337327719 3
1762258064121 0.006483232136815786 4
1762258064138 0.006484674755483866 5
1762258064144 0.006483232136815786 6
1762258064151 0.006483233999460936 7
1762258064158 0.006484318524599075 8
1762258064164 0.0064832596108317375 9
1762258064170 0.006483609788119793 10
1762258064170 0.006483232136815786 11
1762258064170 0.006483232136815786 12
1762258064186 0.006483232136815786 13
1762258064186 0.006483232136815786 14
1762258064202 0.006483232136815786 15
1762258064209 0.006483232136815786 16
1762258064215 0.006483232136815786 17
1762258064221 0.006483232136815786 18
1762258064228 0.006483232136815786 19
1762258064229 0.006483232136815786 20
1762258064229 0.006483232136815786 21
1762258064247 0.006483232136815786 22
1762258064253 0.006483232136815786 23
1762258064259 0.006483232136815786 24
1762258064265 0.006483232136815786 25
1762258064272 0.006483232136815786 26
