1762258159728 0.017297303304076195 1
1762258159728 0.006502844393253326 2
1762258159752 0.00649123964831233 3
1762258159758 0.006487275939434767 4
1762258159765 0.006484407931566238 5
1762258159772 0.00648502167314291 6
1762258159779 0.00648487638682127 7
1762258159785 0.0064845154993236065 8
1762258159792 0.006485217250883579 9
1762258159799 0.006483365781605244 10
1762258159805 0.006483948323875666 11
1762258159812 0.006483406759798527 12
1762258159818 0.006488639861345291 13
1762258159825 0.006483480799943209 14
1762258159831 0.006483354140073061 15
1762258159831 0.0064842598512768745 16
1762258159831 0.006483232136815786 17
1762258159847 0.006483442150056362 18
1762258159847 0.006483232136815786 19
1762258159863 0.006483289413154125 20
1762258159863 0.006483232136815786 21
1762258159863 0.006483191624283791 22
1762258159878 0.00648371409624815 23
1762258159878 0.006483246572315693 24
1762258159895 0.006483232136815786 25
1762258159901 0.006483342032879591 26
