1762257955916 0.17642846703529358 1
1762257955932 0.1257219761610031 2
1762257955964 0.054279252886772156 3
1762257955986 0.042947594076395035 4
1762257956008 0.03702882304787636 5
1762257956029 0.03241695463657379 6
1762257956051 0.029917648062109947 7
1762257956073 0.02716965042054653 8
1762257956089 0.026364803314208984 9
1762257956105 0.02373535744845867 10
1762257956136 0.02412298694252968 11
1762257956160 0.023497598245739937 12
1762257956168 0.021920818835496902 13
1762257956203 0.021877966821193695 14
1762257956225 0.021387137472629547 15
1762257956247 0.019694285467267036 16
1762257956270 0.014795548282563686 17
1762257956276 0.010896670632064342 18
1762257956308 0.011667543090879917 19
1762257956334 0.011411993764340878 20
1762257956355 0.010393054224550724 21
1762257956378 0.009768876247107983 22
1762257956386 0.009822139516472816 23
1762257956417 0.00968144554644823 24
1762257956444 0.00850575603544712 25
1762257956466 0.010987145826220512 26
1762257956490 0.008721007965505123 27
1762257956511 0.00808648206293583 28
1762257956527 0.00774339446797967 29
1762257956555 0.00861266627907753 30
1762257956573 0.008112548850476742 31
1762257956599 0.0075315614230930805 32
1762257956605 0.007848141714930534 33
1762257956637 0.007866582833230495 34
1762257956663 0.00771885272115469 35
1762257956683 0.00776698486879468 36
1762257956706 0.0076063573360443115 37
1762257956714 0.007317847106605768 38
1762257956745 0.0072865611873567104 39
1762257956773 0.0070747802965343 40
1762257956795 0.008299227803945541 41
1762257956816 0.008090530522167683 42
1762257956824 0.007436535786837339 43
1762257956855 0.0072428383864462376 44
1762257956871 0.007483464200049639 45
1762257956902 0.0069889649748802185 46
1762257956925 0.007198641542345285 47
1762257956933 0.007298970595002174 48
1762257956970 0.007726551499217749 49
1762257956992 0.007179290056228638 50
1762257956999 0.007380297873169184 51
1762257957036 0.007078445982187986 52
1762257957057 0.006758392322808504 53
