1762768893851 0.17941930890083313 1
1762768893871 0.07249375432729721 2
1762768893883 0.07023049890995026 3
1762768893885 0.06982338428497314 4
1762768893903 0.06938131898641586 5
1762768893903 0.06921730935573578 6
1762768893924 0.06916048377752304 7
1762768893933 0.06929648667573929 8
1762768893944 0.06908924132585526 9
1762768893954 0.06905201077461243 10
1762768893954 0.06918125599622726 11
1762768893975 0.06908968836069107 12
1762768893987 0.06906016170978546 13
1762768893997 0.06908423453569412 14
1762768894008 0.06904782354831696 15
1762768894019 0.06907963752746582 16
1762768894019 0.0690661147236824 17
1762768894037 0.06904851645231247 18
1762768894058 0.06903623044490814 19
1762768894067 0.06904161721467972 20
1762768894077 0.06903304904699326 21
1762768894085 0.06902677565813065 22
1762768894085 0.0690414309501648 23
1762768894105 0.06904721260070801 24
1762768894119 0.06904684752225876 25
1762768894129 0.06902822107076645 26
