1762768985833 0.08546046167612076 1
1762768985833 0.0690665990114212 2
1762768985857 0.06905332952737808 3
1762768985866 0.06903394311666489 4
1762768985873 0.06903229653835297 5
1762768985873 0.0690280944108963 6
1762768985888 0.06902965158224106 7
1762768985888 0.06903053820133209 8
1762768985904 0.06902740150690079 9
1762768985904 0.06903158128261566 10
1762768985919 0.06902674585580826 11
1762768985935 0.069026418030262 12
1762768985935 0.06902739405632019 13
1762768985951 0.0690263956785202 14
1762768985951 0.06902707368135452 15
1762768985966 0.06902705878019333 16
1762768985966 0.06902892887592316 17
1762768985982 0.06903339922428131 18
1762768985998 0.06902644783258438 19
1762768985998 0.06902699172496796 20
1762768986013 0.0690263882279396 21
1762768986013 0.06902658194303513 22
1762768986029 0.06902676075696945 23
1762768986029 0.06902622431516647 24
1762768986044 0.06902732700109482 25
1762768986060 0.06902635842561722 26
