1762380964388 0.045208606868982315 1
1762380964402 0.014546959660947323 2
1762380964405 0.009103129617869854 3
1762380964419 0.007045770529657602 4
1762380964419 0.006343585439026356 5
1762380964440 0.005926473531872034 6
1762380964448 0.0056873890571296215 7
1762380964457 0.0056097847409546375 8
1762380964465 0.005490550771355629 9
1762380964474 0.005458824802190065 10
1762380964482 0.005418174900114536 11
1762380964484 0.005378633737564087 12
1762380964484 0.005364082287997007 13
1762380964500 0.005426778923720121 14
1762380964500 0.005370456725358963 15
1762380964516 0.005332673899829388 16
1762380964531 0.0053437515161931515 17
1762380964531 0.005349623039364815 18
1762380964547 0.005317927338182926 19
1762380964547 0.0053384630009531975 20
1762380964563 0.005306620616465807 21
1762380964563 0.005287144333124161 22
1762380964578 0.00527500594034791 23
1762380964578 0.005277920048683882 24
1762380964594 0.00527238380163908 25
1762380964605 0.005285598337650299 26
1762380964613 0.005254759453237057 27
1762380964622 0.00525306211784482 28
1762380964630 0.005244661588221788 29
1762380964634 0.0052335564978420734 30
1762380964634 0.005253359209746122 31
1762380964650 0.005217062775045633 32
1762380964650 0.005200488958507776 33
1762380964666 0.005203121341764927 34
1762380964666 0.005218024365603924 35
1762380964681 0.005209092050790787 36
1762380964681 0.005189455114305019 37
1762380964697 0.005208157934248447 38
1762380964713 0.005187583155930042 39
1762380964713 0.0051722656935453415 40
1762380964728 0.005151956342160702 41
1762380964728 0.005168325733393431 42
1762380964744 0.005157296545803547 43
1762380964744 0.005167337134480476 44
1762380964759 0.00514097698032856 45
1762380964768 0.00513107143342495 46
1762380964768 0.005149487406015396 47
1762380964785 0.005114350933581591 48
1762380964785 0.005115150474011898 49
1762380964802 0.005121362861245871 50
1762380964802 0.005100703332573175 51
1762380964818 0.005106822121888399 52
1762380964818 0.005105470307171345 53
1762380964834 0.005104237701743841 54
1762380964834 0.0050955223850905895 55
1762380964849 0.0050858487375080585 56
1762380964865 0.005077140871435404 57
1762380964865 0.005079037044197321 58
1762380964881 0.005080534610897303 59
1762380964885 0.005024798680096865 60
1762380964885 0.00507110683247447 61
1762380964902 0.005081126932054758 62
1762380964902 0.00505420146510005 63
1762380964918 0.005069790408015251 64
1762380964918 0.005033218767493963 65
1762380964935 0.005056765396147966 66
1762380964935 0.005007240921258926 67
1762380964952 0.005035113077610731 68
1762380964952 0.005005978513509035 69
1762380964968 0.00499705970287323 70
1762380964968 0.0049684620462358 71
1762380964984 0.004991774447262287 72
1762380964984 0.0049723051488399506 73
1762380965001 0.004950101487338543 74
1762380965001 0.0049733626656234264 75
1762380965017 0.004907310474663973 76
1762380965017 0.004913888406008482 77
1762380965035 0.00491638109087944 78
1762380965035 0.00486323656514287 79
1762380965051 0.004900079686194658 80
1762380965051 0.004826454911381006 81
1762380965068 0.004795175977051258 82
1762380965068 0.004801339004188776 83
1762380965085 0.0048255291767418385 84
1762380965085 0.0047883084043860435 85
1762380965100 0.004755303729325533 86
1762380965100 0.004737523850053549 87
1762380965118 0.004732183180749416 88
1762380965118 0.0047026341781020164 89
1762380965134 0.004670523107051849 90
1762380965134 0.004681585356593132 91
1762380965154 0.004693238530308008 92
1762380965162 0.0046256911009550095 93
1762380965171 0.004690247587859631 94
1762380965179 0.004732070956379175 95
1762380965184 0.004623062442988157 96
1762380965184 0.0045985206961631775 97
1762380965200 0.004604336339980364 98
1762380965200 0.004575623665004969 99
1762380965216 0.004590557422488928 100
