1762381513017 0.0620134100317955 1
1762381513019 0.017522407695651054 2
1762381513036 0.010394546203315258 3
1762381513046 0.007298226468265057 4
1762381513047 0.005851021967828274 5
1762381513063 0.0053057982586324215 6
1762381513063 0.00495116738602519 7
1762381513081 0.0048136222176253796 8
1762381513089 0.004711991176009178 9
1762381513098 0.004575688857585192 10
1762381513107 0.004523018840700388 11
1762381513112 0.00444963900372386 12
1762381513112 0.004420056007802486 13
1762381513128 0.004340434912592173 14
1762381513143 0.0043550715781748295 15
1762381513143 0.0042790742591023445 16
1762381513159 0.0043027340434491634 17
1762381513159 0.0042579383589327335 18
1762381513175 0.0042457603849470615 19
1762381513190 0.0041887941770255566 20
1762381513190 0.004175019450485706 21
1762381513206 0.004170617088675499 22
1762381513206 0.004139076918363571 23
1762381513222 0.00412649754434824 24
1762381513222 0.004089120775461197 25
1762381513237 0.0040969206020236015 26
1762381513249 0.004093955736607313 27
1762381513257 0.004050706047564745 28
1762381513266 0.004077665973454714 29
1762381513274 0.004039684776216745 30
1762381513278 0.004010961391031742 31
1762381513278 0.003990937024354935 32
1762381513294 0.0039613451808691025 33
1762381513294 0.003924891352653503 34
1762381513309 0.003939514048397541 35
1762381513325 0.003876561764627695 36
1762381513325 0.0038674301467835903 37
1762381513341 0.0038169720210134983 38
1762381513341 0.003790874732658267 39
1762381513356 0.003782035782933235 40
1762381513356 0.0037244672421365976 41
1762381513372 0.0037294740322977304 42
1762381513372 0.003718695603311062 43
1762381513387 0.0036449285689741373 44
1762381513387 0.0035818866454064846 45
1762381513403 0.003633574815467 46
1762381513403 0.0035286012571305037 47
1762381513419 0.0034946876112371683 48
1762381513434 0.003446142887696624 49
1762381513434 0.0034531964920461178 50
1762381513450 0.003377815242856741 51
1762381513450 0.0033283222001045942 52
1762381513466 0.0032999669201672077 53
1762381513466 0.003278543008491397 54
1762381513481 0.003269440494477749 55
1762381513481 0.0031966394744813442 56
1762381513497 0.003189649898558855 57
1762381513497 0.00317178713157773 58
1762381513512 0.003153309691697359 59
1762381513512 0.0030804043635725975 60
1762381513528 0.0030467859469354153 61
1762381513528 0.003011236200109124 62
1762381513544 0.0029253223910927773 63
1762381513544 0.0029390689451247454 64
1762381513559 0.002896492602303624 65
1762381513575 0.002868242561817169 66
1762381513575 0.0028848156798630953 67
1762381513591 0.0028495502192527056 68
1762381513591 0.0028225192800164223 69
1762381513606 0.002764505799859762 70
1762381513606 0.002718693111091852 71
1762381513622 0.0027002915740013123 72
1762381513622 0.002677192213013768 73
1762381513637 0.00264200521633029 74
1762381513637 0.0026121337432414293 75
1762381513653 0.002618726808577776 76
1762381513653 0.002571969525888562 77
1762381513669 0.002516902983188629 78
1762381513669 0.002516641281545162 79
1762381513684 0.0024806794244796038 80
1762381513684 0.0025347042828798294 81
1762381513700 0.002463855780661106 82
1762381513700 0.0024560149759054184 83
1762381513716 0.0024259660858660936 84
1762381513731 0.0023925816640257835 85
1762381513731 0.002347752917557955 86
1762381513747 0.0023331360425800085 87
1762381513747 0.002338611986488104 88
1762381513762 0.002313576638698578 89
1762381513762 0.002324495231732726 90
1762381513779 0.0022733628284186125 91
1762381513779 0.002283741720020771 92
1762381513801 0.002272618468850851 93
1762381513809 0.002252682577818632 94
1762381513819 0.002232458908110857 95
1762381513827 0.0022527151741087437 96
1762381513828 0.002238289453089237 97
1762381513844 0.002194551983848214 98
1762381513844 0.0021766480058431625 99
1762381513859 0.0021721734665334225 100
