1762335199681 0.024017853662371635 1
1762335199693 0.00863767322152853 2
1762335199703 0.006291291210800409 3
1762335199713 0.005574559792876244 4
1762335199722 0.005328080616891384 5
1762335199731 0.005238329991698265 6
1762335199739 0.005198619794100523 7
1762335199748 0.005154499784111977 8
1762335199756 0.005144515074789524 9
1762335199764 0.005140779074281454 10
1762335199772 0.005112255923449993 11
1762335199774 0.005111190024763346 12
1762335199774 0.00508791534230113 13
1762335199789 0.00511440634727478 14
1762335199789 0.0050902217626571655 15
1762335199812 0.005107429344207048 16
1762335199815 0.005100926849991083 17
1762335199815 0.0050836303271353245 18
1762335199831 0.005037317518144846 19
1762335199831 0.00502697192132473 20
1762335199846 0.00500203063711524 21
1762335199846 0.005051059182733297 22
1762335199867 0.005048260558396578 23
1762335199875 0.005029338411986828 24
1762335199878 0.0050063179805874825 25
1762335199878 0.005022590048611164 26
1762335199894 0.005019701551645994 27
1762335199894 0.0049887290224432945 28
1762335199914 0.004957528784871101 29
1762335199922 0.005007512867450714 30
1762335199925 0.004958044737577438 31
1762335199925 0.0049732220359146595 32
1762335199940 0.004941330291330814 33
1762335199940 0.004980225116014481 34
1762335199956 0.004950291011482477 35
1762335199956 0.004945527762174606 36
1762335199978 0.004915506113320589 37
1762335199986 0.004936123266816139 38
1762335199987 0.004891275893896818 39
1762335199987 0.004955011419951916 40
1762335200002 0.00496144313365221 41
1762335200002 0.004939245991408825 42
1762335200025 0.004910915158689022 43
1762335200033 0.004925478249788284 44
1762335200035 0.004922749474644661 45
1762335200035 0.004895177204161882 46
1762335200051 0.0049104648642241955 47
1762335200051 0.004905424080789089 48
1762335200066 0.004933249205350876 49
1762335200066 0.004884702619165182 50
1762335200090 0.004898717626929283 51
1762335200097 0.004880725406110287 52
1762335200097 0.004905239213258028 53
1762335200114 0.004876467399299145 54
1762335200122 0.004926773719489574 55
1762335200130 0.004855040460824966 56
1762335200137 0.004867057781666517 57
1762335200145 0.004836652893573046 58
1762335200153 0.00487264571711421 59
1762335200159 0.004860549233853817 60
1762335200159 0.0048185354098677635 61
1762335200175 0.004891535732895136 62
1762335200175 0.00482739694416523 63
1762335200193 0.004799291491508484 64
1762335200200 0.004828284494578838 65
1762335200208 0.004812408238649368 66
1762335200216 0.004803743213415146 67
1762335200225 0.0048154243268072605 68
1762335200234 0.004816175904124975 69
1762335200242 0.004784729331731796 70
1762335200250 0.004781242460012436 71
1762335200258 0.004736927337944508 72
1762335200259 0.0047845011577010155 73
1762335200259 0.004722618032246828 74
1762335200274 0.004721366334706545 75
1762335200274 0.004703131504356861 76
1762335200297 0.004789220169186592 77
1762335200304 0.004762744065374136 78
1762335200312 0.004710143432021141 79
1762335200315 0.004683588165789843 80
1762335200315 0.004673114512115717 81
1762335200335 0.004612797871232033 82
1762335200343 0.004648658446967602 83
1762335200351 0.004662559367716312 84
1762335200359 0.004611099138855934 85
1762335200362 0.004558545537292957 86
1762335200362 0.00465341517701745 87
1762335200378 0.004595833830535412 88
1762335200378 0.0045748078264296055 89
1762335200394 0.004592120181769133 90
1762335200394 0.004560347180813551 91
1762335200413 0.004592088982462883 92
1762335200421 0.0045251669362187386 93
1762335200425 0.004518676549196243 94
1762335200425 0.004538028966635466 95
1762335200440 0.0045143249444663525 96
1762335200440 0.004522600676864386 97
1762335200461 0.004517833236604929 98
1762335200469 0.004446384031325579 99
1762335200472 0.004431902896612883 100
