1762335686689 0.043600086122751236 1
1762335686699 0.012033108621835709 2
1762335686704 0.00789712741971016 3
1762335686704 0.006298331543803215 4
1762335686726 0.005500451661646366 5
1762335686728 0.005128748249262571 6
1762335686739 0.004913283046334982 7
1762335686739 0.004763213451951742 8
1762335686755 0.004678910598158836 9
1762335686770 0.004593060351908207 10
1762335686778 0.004511840175837278 11
1762335686788 0.004493298474699259 12
1762335686801 0.004435194656252861 13
1762335686810 0.004398141521960497 14
1762335686818 0.00435957545414567 15
1762335686826 0.004298193380236626 16
1762335686836 0.0042620874010026455 17
1762335686842 0.004233941901475191 18
1762335686842 0.004221427720040083 19
1762335686866 0.004195475485175848 20
1762335686877 0.004155335947871208 21
1762335686888 0.004137267358601093 22
1762335686897 0.004114033654332161 23
1762335686905 0.004109768662601709 24
1762335686913 0.004066445864737034 25
1762335686922 0.004063776228576899 26
1762335686931 0.0040251282043755054 27
1762335686937 0.004015718586742878 28
1762335686937 0.003943432588130236 29
1762335686952 0.003929134923964739 30
1762335686960 0.00394449383020401 31
1762335686960 0.003915323875844479 32
1762335686975 0.003902875352650881 33
1762335686992 0.0038744492921978235 34
1762335687002 0.0038908091373741627 35
1762335687012 0.0038156823720782995 36
1762335687015 0.0038001721259206533 37
1762335687015 0.0037723411805927753 38
1762335687037 0.0037392310332506895 39
1762335687047 0.0037341215647757053 40
1762335687047 0.0036925915628671646 41
1762335687062 0.003696130821481347 42
1762335687062 0.003671497805044055 43
1762335687078 0.003608916187658906 44
1762335687085 0.0036321445368230343 45
1762335687085 0.0036085350438952446 46
1762335687108 0.0035299051087349653 47
1762335687116 0.003535162890329957 48
1762335687124 0.0034938273020088673 49
1762335687124 0.0034944983199238777 50
1762335687140 0.003448912175372243 51
1762335687148 0.003402950009331107 52
1762335687155 0.0033878718968480825 53
1762335687155 0.0033446289598941803 54
1762335687171 0.0033050149213522673 55
1762335687171 0.003286647843196988 56
1762335687191 0.003285077167674899 57
1762335687199 0.0032820962369441986 58
1762335687207 0.0032229360658675432 59
1762335687215 0.0032014730386435986 60
1762335687224 0.003155309706926346 61
1762335687233 0.0031328382901847363 62
1762335687234 0.00306622963398695 63
1762335687234 0.0030430532060563564 64
1762335687258 0.00299264770001173 65
1762335687265 0.0030335555784404278 66
1762335687265 0.002965195570141077 67
1762335687280 0.002936744363978505 68
1762335687280 0.002925092587247491 69
1762335687296 0.0029076687060296535 70
1762335687296 0.0028703997377306223 71
1762335687312 0.0028570208232849836 72
1762335687312 0.002787821926176548 73
1762335687334 0.002804751042276621 74
1762335687342 0.0027628648094832897 75
1762335687351 0.0027323171962052584 76
1762335687358 0.002719109645113349 77
1762335687366 0.0026892656460404396 78
1762335687374 0.002682404825463891 79
1762335687382 0.0026574565563350916 80
1762335687390 0.0026511310134083033 81
1762335687390 0.00260351225733757 82
1762335687406 0.0026017334312200546 83
1762335687406 0.0025742975994944572 84
1762335687421 0.0025561728980392218 85
1762335687421 0.002491544932126999 86
1762335687437 0.0024678497575223446 87
1762335687437 0.002489125821739435 88
1762335687452 0.002416827715933323 89
1762335687452 0.0024441275745630264 90
1762335687469 0.0024131154641509056 91
1762335687477 0.002371713286265731 92
1762335687483 0.0023788667749613523 93
1762335687483 0.002418284537270665 94
1762335687499 0.00239993492141366 95
1762335687499 0.0023433209862560034 96
1762335687514 0.0023253706749528646 97
1762335687514 0.002293419325724244 98
1762335687530 0.002302945591509342 99
1762335687530 0.00228599994443357 100
