1762768581186 0.046234410256147385 1
1762768581208 0.025517741218209267 2
1762768581208 0.02108895592391491 3
1762768581230 0.018903302028775215 4
1762768581239 0.017945369705557823 5
1762768581249 0.015314928255975246 6
1762768581259 0.014290625229477882 7
1762768581267 0.013469172641634941 8
1762768581272 0.013128072023391724 9
1762768581272 0.012937591411173344 10
1762768581294 0.012357263825833797 11
1762768581302 0.011945207603275776 12
1762768581305 0.012158899568021297 13
1762768581305 0.011791125871241093 14
1762768581321 0.011726311407983303 15
1762768581336 0.011474160477519035 16
1762768581336 0.011158403940498829 17
1762768581352 0.011354192160069942 18
1762768581352 0.011075903661549091 19
1762768581367 0.01073155365884304 20
1762768581367 0.011511764489114285 21
1762768581383 0.010940383188426495 22
1762768581383 0.010507717728614807 23
1762768581399 0.010940811596810818 24
1762768581414 0.010519727133214474 25
1762768581414 0.01093337032943964 26
1762768581430 0.010741038247942924 27
1762768581430 0.010432147420942783 28
1762768581446 0.011136858724057674 29
1762768581446 0.010713286697864532 30
1762768581461 0.01134597696363926 31
1762768581461 0.010863768868148327 32
1762768581477 0.010585934855043888 33
1762768581477 0.010362149216234684 34
1762768581492 0.010850527323782444 35
1762768581508 0.010954129509627819 36
1762768581508 0.01030262466520071 37
1762768581524 0.01044660247862339 38
1762768581524 0.010528603568673134 39
1762768581539 0.011037234216928482 40
1762768581539 0.01138805877417326 41
1762768581555 0.011999363079667091 42
1762768581555 0.012023053131997585 43
1762768581571 0.01136490423232317 44
1762768581586 0.011212988756597042 45
1762768581586 0.011504275724291801 46
1762768581602 0.011726229451596737 47
1762768581602 0.01189674623310566 48
1762768581617 0.010712958872318268 49
1762768581617 0.01143898256123066 50
1762768581633 0.011124135926365852 51
1762768581633 0.011892315931618214 52
1762768581649 0.011519648134708405 53
1762768581664 0.011936708353459835 54
1762768581664 0.011629404500126839 55
1762768581680 0.011617012321949005 56
1762768581680 0.011751004494726658 57
1762768581696 0.011076417751610279 58
1762768581696 0.011821161024272442 59
1762768581711 0.011274226009845734 60
1762768581727 0.011816991493105888 61
1762768581727 0.01170662883669138 62
1762768581742 0.011505777016282082 63
1762768581742 0.012050565332174301 64
1762768581758 0.011927071958780289 65
1762768581774 0.012244703248143196 66
1762768581774 0.01190691627562046 67
1762768581790 0.012203434482216835 68
1762768581790 0.011543791741132736 69
1762768581809 0.011569059453904629 70
1762768581818 0.01108237262815237 71
1762768581822 0.010991867631673813 72
1762768581822 0.011062216013669968 73
1762768581837 0.011380363255739212 74
1762768581853 0.011182060465216637 75
1762768581853 0.011329269036650658 76
1762768581868 0.010904829017817974 77
1762768581868 0.011291823349893093 78
1762768581884 0.010665418580174446 79
1762768581884 0.01113809272646904 80
1762768581900 0.011818495579063892 81
1762768581900 0.01148451492190361 82
1762768581915 0.0118196289986372 83
1762768581915 0.011055529117584229 84
1762768581931 0.010864957235753536 85
1762768581947 0.010986880399286747 86
1762768581947 0.010856922715902328 87
1762768581962 0.011207116767764091 88
1762768581978 0.010628181509673595 89
1762768581978 0.010304044000804424 90
1762768581993 0.010565989650785923 91
1762768581993 0.010377699509263039 92
1762768582009 0.0103377066552639 93
1762768582009 0.010046458803117275 94
1762768582025 0.010093305259943008 95
1762768582040 0.010280134156346321 96
1762768582040 0.010013218969106674 97
1762768582056 0.009890491142868996 98
1762768582072 0.01007765345275402 99
1762768582072 0.01002403162419796 100
