1762768345143 0.26992979645729065 1
1762768345150 0.0863359346985817 2
1762768345163 0.05089474469423294 3
1762768345163 0.041427530348300934 4
1762768345185 0.037900734692811966 5
1762768345194 0.03649532049894333 6
1762768345203 0.03547091782093048 7
1762768345212 0.03376414626836777 8
1762768345212 0.03331167250871658 9
1762768345228 0.03258366882801056 10
1762768345228 0.03267914056777954 11
1762768345243 0.033467937260866165 12
1762768345243 0.03370184451341629 13
1762768345259 0.032112304121255875 14
1762768345259 0.03264110907912254 15
1762768345274 0.03191308304667473 16
1762768345290 0.032235290855169296 17
1762768345290 0.03226950019598007 18
1762768345306 0.03176659718155861 19
1762768345306 0.03180279582738876 20
1762768345321 0.030892059206962585 21
1762768345321 0.030741633847355843 22
1762768345337 0.030931416898965836 23
1762768345337 0.03071640618145466 24
1762768345353 0.02992960251867771 25
1762768345353 0.029872626066207886 26
1762768345368 0.0308727715164423 27
1762768345384 0.030132947489619255 28
1762768345384 0.029311979189515114 29
1762768345399 0.02977856434881687 30
1762768345399 0.030192459002137184 31
1762768345416 0.029352547600865364 32
1762768345416 0.030139954760670662 33
1762768345437 0.030416028574109077 34
1762768345445 0.029208889231085777 35
1762768345445 0.029566843062639236 36
1762768345460 0.028514180332422256 37
1762768345460 0.02929619513452053 38
1762768345476 0.030378535389900208 39
1762768345476 0.029148895293474197 40
1762768345491 0.0294792503118515 41
1762768345491 0.029175883159041405 42
1762768345507 0.028995895758271217 43
1762768345523 0.028854727745056152 44
1762768345523 0.02790204808115959 45
1762768345538 0.02779550477862358 46
1762768345538 0.027541231364011765 47
1762768345554 0.027098679915070534 48
1762768345554 0.02711673453450203 49
1762768345570 0.02762683853507042 50
1762768345570 0.027735315263271332 51
1762768345585 0.026652885600924492 52
1762768345585 0.02644762210547924 53
1762768345601 0.02678786776959896 54
1762768345616 0.0261238943785429 55
1762768345616 0.026651140302419662 56
1762768345632 0.026842784136533737 57
1762768345632 0.0260043665766716 58
1762768345648 0.026122352108359337 59
1762768345648 0.02548248879611492 60
1762768345663 0.025442635640501976 61
1762768345663 0.024942811578512192 62
1762768345679 0.02567695640027523 63
1762768345695 0.02531956322491169 64
1762768345710 0.025891074910759926 65
1762768345710 0.025357166305184364 66
1762768345726 0.02538182958960533 67
1762768345726 0.025488177314400673 68
1762768345741 0.024638311937451363 69
1762768345741 0.025163354352116585 70
1762768345757 0.024403557181358337 71
1762768345757 0.024744564667344093 72
1762768345773 0.02439901977777481 73
1762768345788 0.024592731148004532 74
1762768345788 0.024349026381969452 75
1762768345804 0.02393684908747673 76
1762768345804 0.024150781333446503 77
1762768345820 0.023940321058034897 78
1762768345820 0.024474957957863808 79
1762768345835 0.024232514202594757 80
1762768345835 0.024118902161717415 81
1762768345851 0.023505138233304024 82
1762768345866 0.023569215089082718 83
1762768345866 0.023242728784680367 84
1762768345882 0.023704342544078827 85
1762768345882 0.023438435047864914 86
1762768345898 0.0235042292624712 87
1762768345898 0.022640733048319817 88
1762768345913 0.023347871378064156 89
1762768345913 0.02329997904598713 90
1762768345929 0.023476557806134224 91
1762768345945 0.023189611732959747 92
1762768345945 0.02303987182676792 93
1762768345963 0.02324008010327816 94
1762768345972 0.02233448438346386 95
1762768345978 0.023249676451086998 96
1762768345978 0.02271459624171257 97
1762768345994 0.02285541594028473 98
1762768345994 0.022729339078068733 99
1762768346009 0.022945238277316093 100
