1762769982656 9.999999747378752e-06 1
1762769982690 5.949999831500463e-05 2
1762769982724 0.00010900000052060932 3
1762769982754 0.0001584999990882352 4
1762769982773 0.00020799999765586108 5
1762769982805 0.0002575000107754022 6
1762769982836 0.00030700000934302807 7
1762769982867 0.00035650000791065395 8
1762769982898 0.00040600000647827983 9
1762769982931 0.0004555000050459057 10
1762769982962 0.0005050000036135316 11
1762769982993 0.000554499973077327 12
1762769983028 0.0006040000007487833 13
1762769983060 0.0006535000284202397 14
1762769983090 0.0007029999978840351 15
1762769983107 0.0007525000255554914 16
1762769983138 0.0008019999950192869 17
1762769983169 0.0008515000226907432 18
1762769983200 0.0009009999921545386 19
1762769983232 0.000950500019825995 20
1762769983263 0.0010000000474974513 21
1762769983294 0.0009996530134230852 22
1762769983325 0.0009986128425225616 23
1762769983357 0.0009968808153644204 24
1762769983372 0.0009944597259163857 25
1762769983404 0.0009913534158840775 26
1762769983435 0.0009875664254650474 27
1762769983466 0.00098310480825603 28
1762769983497 0.0009779754327610135 29
1762769983540 0.00097218609880656 30
1762769983556 0.0009657457703724504 31
1762769983587 0.0009586644009687006 32
1762769983619 0.0009509529336355627 33
1762769983650 0.0009426231845282018 34
1762769983681 0.0009336880757473409 35
1762769983712 0.0009241613443009555 36
1762769983744 0.0009140576585195959 37
1762769983759 0.0009033926180563867 38
1762769983791 0.0008921826956793666 39
