1762769982626 0.28590089082717896 1
1762769982661 0.2584649324417114 2
1762769982695 0.18622955679893494 3
1762769982724 0.15427593886852264 4
1762769982759 0.14844846725463867 5
1762769982773 0.14793770015239716 6
1762769982805 0.14445020258426666 7
1762769982836 0.13820214569568634 8
1762769982867 0.13506941497325897 9
1762769982898 0.1334448903799057 10
1762769982936 0.13491162657737732 11
1762769982967 0.13166691362857819 12
1762769982997 0.13014568388462067 13
1762769983029 0.1285325139760971 14
1762769983065 0.13086898624897003 15
1762769983091 0.12744949758052826 16
1762769983122 0.12972839176654816 17
1762769983154 0.12537038326263428 18
1762769983185 0.12737901508808136 19
1762769983216 0.125328928232193 20
1762769983232 0.12945394217967987 21
1762769983263 0.12453256547451019 22
1762769983294 0.12917682528495789 23
1762769983325 0.12397181987762451 24
1762769983357 0.13559424877166748 25
1762769983388 0.11989521980285645 26
1762769983419 0.134953111410141 27
1762769983450 0.11904329806566238 28
1762769983482 0.1313723772764206 29
1762769983497 0.12154293805360794 30
1762769983544 0.1278485208749771 31
1762769983572 0.12188071757555008 32
1762769983587 0.13012658059597015 33
1762769983619 0.11882011592388153 34
1762769983650 0.1276535540819168 35
1762769983681 0.12407811731100082 36
1762769983712 0.1272590160369873 37
1762769983744 0.12448985129594803 38
1762769983775 0.1220719963312149 39
