1762770036293 0.17911864817142487 1
1762770036298 0.055761292576789856 2
1762770036313 0.03771982714533806 3
1762770036322 0.033672187477350235 4
1762770036332 0.03261580690741539 5
1762770036341 0.030591994524002075 6
1762770036343 0.029836945235729218 7
1762770036359 0.028433186933398247 8
1762770036359 0.028304703533649445 9
1762770036374 0.027479827404022217 10
1762770036374 0.02764425240457058 11
1762770036390 0.02757219411432743 12
1762770036390 0.02747415564954281 13
1762770036405 0.02685176208615303 14
1762770036405 0.027227602899074554 15
1762770036421 0.027353964745998383 16
1762770036437 0.026537060737609863 17
1762770036443 0.027400432154536247 18
1762770036443 0.02665342204272747 19
1762770036459 0.026576606556773186 20
1762770036475 0.026551641523838043 21
1762770036480 0.026713410392403603 22
1762770036493 0.026209410279989243 23
1762770036510 0.026930779218673706 24
1762770036510 0.02613302320241928 25
1762770036526 0.026653537526726723 26
1762770036526 0.027093203738331795 27
1762770036543 0.02677932195365429 28
