1762769982636 0.12158603966236115 1
1762769982663 0.10210295766592026 2
1762769982696 0.05928632616996765 3
1762769982724 0.03861808031797409 4
1762769982767 0.03493445739150047 5
1762769982789 0.0340287983417511 6
1762769982820 0.0318816602230072 7
1762769982852 0.028992272913455963 8
1762769982883 0.027908887714147568 9
1762769982914 0.027427000924944878 10
1762769982945 0.028124410659074783 11
1762769982973 0.027178680524230003 12
1762769983008 0.026491597294807434 13
1762769983041 0.025530332699418068 14
1762769983073 0.027289986610412598 15
1762769983091 0.02607804350554943 16
1762769983122 0.02719401754438877 17
1762769983154 0.025289155542850494 18
1762769983185 0.026372039690613747 19
1762769983216 0.02584347315132618 20
1762769983247 0.027339233085513115 21
1762769983279 0.025235788896679878 22
1762769983310 0.027517642825841904 23
1762769983341 0.02516118995845318 24
1762769983357 0.02967848628759384 25
1762769983388 0.022903388366103172 26
1762769983419 0.029104935005307198 27
1762769983450 0.022045040503144264 28
1762769983482 0.02723604440689087 29
1762769983513 0.022981179878115654 30
1762769983552 0.02534894458949566 31
1762769983572 0.022987406700849533 32
1762769983603 0.026206305250525475 33
1762769983634 0.02187141589820385 34
1762769983666 0.025435566902160645 35
1762769983697 0.02388020232319832 36
1762769983728 0.024616142734885216 37
1762769983744 0.02348218858242035 38
1762769983775 0.02281285636126995 39
