1762254572179 9.999999747378752e-06 1
1762254572211 5.949999831500463e-05 2
1762254572243 0.00010900000052060932 3
1762254572268 0.0001584999990882352 4
1762254572289 0.00020799999765586108 5
1762254572304 0.0002575000107754022 6
1762254572336 0.00030700000934302807 7
1762254572367 0.00035650000791065395 8
1762254572398 0.00040600000647827983 9
1762254572414 0.0004555000050459057 10
1762254572446 0.0005050000036135316 11
1762254572461 0.000554499973077327 12
1762254572502 0.0006040000007487833 13
1762254572524 0.0006535000284202397 14
1762254572560 0.0007029999978840351 15
1762254572587 0.0007525000255554914 16
1762254572601 0.0008019999950192869 17
1762254572643 0.0008515000226907432 18
1762254572673 0.0009009999921545386 19
1762254572704 0.000950500019825995 20
1762254572728 0.0010000000474974513 21
1762254572763 0.0009996530134230852 22
1762254572787 0.0009986128425225616 23
1762254572804 0.0009968808153644204 24
1762254572837 0.0009944597259163857 25
1762254572851 0.0009913534158840775 26
1762254572882 0.0009875664254650474 27
1762254572897 0.00098310480825603 28
1762254572929 0.0009779754327610135 29
1762254572960 0.00097218609880656 30
1762254572988 0.0009657457703724504 31
1762254573007 0.0009586644009687006 32
1762254573038 0.0009509529336355627 33
1762254573054 0.0009426231845282018 34
1762254573085 0.0009336880757473409 35
1762254573101 0.0009241613443009555 36
1762254573138 0.0009140576585195959 37
1762254573164 0.0009033926180563867 38
1762254573179 0.0008921826956793666 39
1762254573214 0.0008804451208561659 40
1762254573239 0.0008681980543769896 41
1762254573261 0.0008554603555239737 42
1762254573289 0.000842251640278846 43
1762254573304 0.0008285922813229263 44
1762254573335 0.0008145033498294652 45
1762254573351 0.0008000066154636443 46
1762254573386 0.0007851243717595935 47
1762254573397 0.0007698795525357127 48
1762254573429 0.0007542957318946719 49
1762254573460 0.0007383968913927674 50
1762254573485 0.0007222075364552438 51
1762254573507 0.0007057526963762939 52
1762254573535 0.0006890576332807541 53
1762254573554 0.00067214819137007 54
1762254573569 0.0006550503894686699 55
1762254573601 0.0006377906538546085 56
1762254573632 0.0006203955272212625 57
1762254573647 0.0006028918433003128 58
1762254573681 0.0005853066104464233 59
1762254573705 0.0005676668952219188 60
1762254573726 0.0005499999970197678 61
1762254573756 0.0005323330988176167 62
1762254573778 0.0005146933835931122 63
1762254573793 0.0004971081507392228 64
1762254573832 0.0004796044959221035 65
1762254573858 0.00046220936928875744 66
1762254573882 0.0004449495754670352 67
1762254573897 0.00042785180266946554 68
1762254573929 0.00041094236075878143 69
1762254573944 0.0003942473267670721 70
1762254573975 0.0003777924575842917 71
1762254573991 0.00036160313175059855 72
1762254574030 0.0003457042621448636 73
1762254574054 0.0003301204415038228 74
1762254574070 0.0003148756513837725 75
1762254574102 0.0002999934076797217 76
1762254574118 0.00028549664421007037 77
1762254574154 0.00027140771271660924 78
1762254574179 0.00025774838286451995 79
1762254574203 0.0002445396676193923 80
1762254574226 0.00023180195421446115 81
1762254574242 0.00021955487318336964 82
1762254574279 0.00020781731291208416 83
1762254574304 0.0001966073759831488 84
1762254574320 0.0001859423500718549 85
1762254574354 0.00017583867884241045 86
1762254574378 0.00016631193284410983 87
1762254574398 0.00015737679495941848 88
1762254574427 0.00014904706040397286 89
1762254574445 0.00014133557851891965 90
1762254574476 0.00013425420911516994 91
1762254574491 0.00012781389523297548 92
1762254574522 0.00012202456855447963 93
1762254574554 0.00011689514212775975 94
1762254574569 0.00011243353219470009 95
1762254574600 0.00010864662181120366 96
1762254574627 0.00010554024629527703 97
1762254574652 0.00010311919322703034 98
1762254574676 0.00010138720244867727 99
1762254574701 0.00010034693696070462 100
