1762254708037 0.02070889249444008 1
1762254708053 0.010395397432148457 2
1762254708061 0.008287813514471054 3
1762254708068 0.007380248978734016 4
1762254708072 0.006775977555662394 5
1762254708072 0.006527830846607685 6
1762254708088 0.006347294431179762 7
1762254708088 0.006267014425247908 8
1762254708105 0.0061890315264463425 9
1762254708105 0.006139019038528204 10
1762254708122 0.006117197684943676 11
1762254708130 0.006157401017844677 12
1762254708138 0.006040945183485746 13
1762254708145 0.006096562370657921 14
1762254708152 0.006061851046979427 15
1762254708160 0.006033756770193577 16
1762254708167 0.006003354676067829 17
1762254708174 0.0060555958189070225 18
1762254708178 0.006102796643972397 19
1762254708178 0.006039346102625132 20
1762254708193 0.006007872521877289 21
1762254708193 0.00599184213206172 22
1762254708209 0.0060005588456988335 23
1762254708209 0.006002743728458881 24
1762254708225 0.0059855030849576 25
1762254708225 0.006001669447869062 26
1762254708225 0.00596275832504034 27
1762254708240 0.0060170115903019905 28
1762254708240 0.005998329259455204 29
1762254708256 0.005958815570920706 30
1762254708256 0.0059961555525660515 31
1762254708272 0.005968179553747177 32
1762254708272 0.006017028354108334 33
1762254708289 0.005973644554615021 34
1762254708296 0.006006954703480005 35
1762254708303 0.005960519891232252 36
1762254708311 0.005981820169836283 37
1762254708319 0.006021534558385611 38
1762254708326 0.005979320500046015 39
1762254708333 0.005980736576020718 40
1762254708337 0.005974045023322105 41
1762254708337 0.00596647011116147 42
