1762254892085 0.04252537712454796 1
1762254892095 0.014094548299908638 2
1762254892095 0.010571644641458988 3
1762254892106 0.008742021396756172 4
1762254892106 0.007657976821064949 5
1762254892122 0.00694618746638298 6
1762254892122 0.006629480980336666 7
1762254892140 0.0063378335908055305 8
1762254892147 0.0062300353311002254 9
1762254892155 0.006087050307542086 10
1762254892162 0.006036578677594662 11
1762254892169 0.005993137136101723 12
1762254892171 0.005928755272179842 13
1762254892171 0.005892847198992968 14
1762254892187 0.005876485724002123 15
1762254892187 0.005878896452486515 16
1762254892206 0.0057885413989424706 17
1762254892213 0.005743006709963083 18
1762254892221 0.0057347784750163555 19
1762254892228 0.005687816068530083 20
1762254892236 0.005625802557915449 21
1762254892239 0.005587494466453791 22
1762254892239 0.0056600323878228664 23
1762254892254 0.005569330416619778 24
1762254892254 0.005527481436729431 25
1762254892270 0.005525326356291771 26
1762254892270 0.005485750734806061 27
1762254892286 0.005519175436347723 28
1762254892286 0.005524307023733854 29
1762254892301 0.005431579891592264 30
1762254892301 0.0053559280931949615 31
1762254892317 0.00538277393206954 32
1762254892324 0.005350567866116762 33
1762254892331 0.005307190120220184 34
1762254892334 0.005225944798439741 35
1762254892334 0.005246031563729048 36
1762254892350 0.005217673256993294 37
1762254892350 0.005152289755642414 38
1762254892367 0.00518992030993104 39
1762254892374 0.0050831139087677 40
1762254892380 0.005103072617202997 41
1762254892380 0.0050569940358400345 42
1762254892395 0.0050130910240113735 43
1762254892395 0.00499330647289753 44
1762254892411 0.004927875008434057 45
1762254892411 0.004875903483480215 46
1762254892411 0.004789055325090885 47
1762254892433 0.004858091473579407 48
1762254892440 0.004709101282060146 49
1762254892442 0.004887004848569632 50
1762254892442 0.004562595393508673 51
1762254892457 0.004644087515771389 52
1762254892457 0.004483737982809544 53
1762254892477 0.0045673903077840805 54
1762254892486 0.004403016064316034 55
1762254892489 0.004364637192338705 56
1762254892489 0.004345341585576534 57
1762254892505 0.004340502433478832 58
1762254892522 0.004245128948241472 59
1762254892531 0.004161447752267122 60
1762254892539 0.004180649761110544 61
1762254892546 0.004183171782642603 62
1762254892551 0.004189349245280027 63
1762254892551 0.004103842657059431 64
1762254892571 0.004067241679877043 65
1762254892579 0.0040627638809382915 66
1762254892586 0.003976460546255112 67
1762254892594 0.00393645977601409 68
1762254892599 0.00403567124158144 69
1762254892599 0.003843809710815549 70
1762254892615 0.0038927511777728796 71
1762254892615 0.003901154501363635 72
1762254892630 0.0038454304449260235 73
1762254892630 0.003774510230869055 74
1762254892650 0.003722084453329444 75
1762254892657 0.003717015963047743 76
1762254892661 0.0036615326534956694 77
1762254892673 0.0036240846384316683 78
1762254892673 0.003703933209180832 79
1762254892673 0.0036947974003851414 80
1762254892689 0.0035996383521705866 81
1762254892689 0.0036072295624762774 82
1762254892704 0.0035706243943423033 83
1762254892717 0.0035540717653930187 84
1762254892726 0.0034588652197271585 85
1762254892734 0.0034761547576636076 86
1762254892741 0.003445935668423772 87
1762254892748 0.003506561741232872 88
1762254892755 0.003431695746257901 89
1762254892762 0.0034179193899035454 90
1762254892769 0.0034190432634204626 91
1762254892771 0.0033212925773113966 92
1762254892771 0.0033559801522642374 93
1762254892787 0.0033550194930285215 94
1762254892787 0.003284840378910303 95
1762254892805 0.003275190247222781 96
1762254892812 0.003302227472886443 97
1762254892817 0.0032713350374251604 98
1762254892817 0.0032387222163379192 99
1762254892832 0.003288670675829053 100
