1762254572168 0.28810855746269226 1
1762254572199 0.25152280926704407 2
1762254572211 0.1929987519979477 3
1762254572250 0.14811423420906067 4
1762254572275 0.13475805521011353 5
1762254572289 0.12305878847837448 6
1762254572320 0.11223328858613968 7
1762254572336 0.10155109316110611 8
1762254572367 0.09063960611820221 9
1762254572399 0.08512502908706665 10
1762254572414 0.08003794401884079 11
1762254572453 0.07689718902111053 12
1762254572481 0.07239890098571777 13
1762254572508 0.0698561817407608 14
1762254572539 0.0680348128080368 15
1762254572569 0.06457560509443283 16
1762254572587 0.06482739001512527 17
1762254572621 0.06287295371294022 18
1762254572652 0.061479706317186356 19
1762254572679 0.05999765917658806 20
1762254572713 0.05928735062479973 21
1762254572744 0.05894039198756218 22
1762254572770 0.056972991675138474 23
1762254572788 0.05542994290590286 24
1762254572804 0.054410696029663086 25
1762254572843 0.0524386502802372 26
1762254572866 0.05236845836043358 27
1762254572882 0.05144568160176277 28
1762254572913 0.051560401916503906 29
1762254572929 0.04917348176240921 30
1762254572960 0.04965312406420708 31
1762254572997 0.04951545223593712 32
1762254573007 0.049078550189733505 33
1762254573038 0.04888739809393883 34
1762254573069 0.04838782921433449 35
1762254573085 0.048309847712516785 36
1762254573121 0.04818892478942871 37
1762254573145 0.04767375439405441 38
1762254573171 0.04744761809706688 39
1762254573194 0.04750046133995056 40
1762254573222 0.04806824028491974 41
1762254573246 0.04767493158578873 42
1762254573261 0.04676515981554985 43
1762254573289 0.04666786640882492 44
1762254573320 0.04584387689828873 45
1762254573335 0.04603264108300209 46
1762254573367 0.04602617025375366 47
1762254573393 0.045551370829343796 48
1762254573413 0.045484695583581924 49
1762254573429 0.045605286955833435 50
1762254573460 0.04561782628297806 51
1762254573492 0.045157358050346375 52
1762254573507 0.04520222172141075 53
1762254573542 0.04486530274152756 54
1762254573554 0.04487268626689911 55
1762254573585 0.04410211741924286 56
1762254573601 0.04422946646809578 57
1762254573632 0.04447362199425697 58
1762254573663 0.04440959915518761 59
1762254573688 0.044261347502470016 60
1762254573712 0.04370077699422836 61
1762254573726 0.04380446672439575 62
1762254573764 0.04364537447690964 63
1762254573778 0.043344222009181976 64
1762254573809 0.043653130531311035 65
1762254573836 0.0437476709485054 66
1762254573865 0.043508414179086685 67
1762254573882 0.04319603368639946 68
1762254573913 0.04333443567156792 69
1762254573929 0.04319394752383232 70
1762254573960 0.0428021140396595 71
1762254573975 0.04292180389165878 72
1762254574007 0.042742758989334106 73
1762254574037 0.04313766956329346 74
1762254574054 0.04277561232447624 75
1762254574088 0.0423906147480011 76
1762254574102 0.042680513113737106 77
1762254574133 0.042408473789691925 78
1762254574161 0.04246212914586067 79
1762254574186 0.04261245205998421 80
1762254574210 0.04240858554840088 81
1762254574226 0.042451661080121994 82
1762254574262 0.04246266931295395 83
1762254574286 0.04260490462183952 84
1762254574312 0.04241519793868065 85
1762254574336 0.04252849146723747 86
1762254574361 0.04236825928092003 87
1762254574383 0.04240455850958824 88
1762254574398 0.04222286865115166 89
1762254574429 0.04216814786195755 90
1762254574445 0.04225115850567818 91
1762254574489 0.04217791557312012 92
1762254574507 0.042090900242328644 93
1762254574522 0.04239150509238243 94
1762254574554 0.04203585162758827 95
1762254574585 0.042446985840797424 96
1762254574600 0.042247895151376724 97
1762254574635 0.04215342923998833 98
1762254574659 0.042059555649757385 99
1762254574683 0.04186326637864113 100
