1762254572172 0.13646751642227173 1
1762254572200 0.10494364798069 2
1762254572229 0.0627107098698616 3
1762254572253 0.035325080156326294 4
1762254572278 0.028590336441993713 5
1762254572289 0.024448946118354797 6
1762254572320 0.020684683695435524 7
1762254572351 0.017357664182782173 8
1762254572384 0.014241144992411137 9
1762254572399 0.012873023748397827 10
1762254572430 0.011798961088061333 11
1762254572457 0.011124560609459877 12
1762254572485 0.010022939182817936 13
1762254572508 0.009544732049107552 14
1762254572539 0.00923958234488964 15
1762254572571 0.008496956899762154 16
1762254572600 0.008707745000720024 17
1762254572625 0.008192130364477634 18
1762254572655 0.007972681894898415 19
1762254572679 0.007694648113101721 20
1762254572718 0.007618493866175413 21
1762254572744 0.007605753373354673 22
1762254572773 0.0071816211566329 23
1762254572788 0.006955245044082403 24
1762254572822 0.006832079030573368 25
1762254572846 0.006543803960084915 26
1762254572866 0.006552654318511486 27
1762254572882 0.006450895685702562 28
1762254572913 0.006432555615901947 29
1762254572944 0.006145100109279156 30
1762254572960 0.006247100420296192 31
1762254573000 0.006190065294504166 32
1762254573022 0.006153815891593695 33
1762254573038 0.006129562389105558 34
1762254573069 0.006074028555303812 35
1762254573085 0.0060273935087025166 36
1762254573124 0.006039069499820471 37
1762254573149 0.005983196198940277 38
1762254573174 0.005958928726613522 39
1762254573194 0.0059255678206682205 40
1762254573225 0.00602373294532299 41
1762254573250 0.006013203412294388 42
1762254573261 0.0058234743773937225 43
1762254573289 0.005820342805236578 44
1762254573323 0.005731226876378059 45
1762254573335 0.005793452728539705 46
1762254573367 0.005805677734315395 47
1762254573397 0.005706684663891792 48
1762254573413 0.0057237897999584675 49
1762254573444 0.005690994672477245 50
1762254573460 0.005709899123758078 51
1762254573496 0.0057001602835953236 52
1762254573507 0.005716271698474884 53
1762254573545 0.00564195541664958 54
1762254573569 0.005672923754900694 55
1762254573585 0.0055963448248803616 56
1762254573616 0.005576597061008215 57
1762254573632 0.005600031930953264 58
1762254573663 0.005613298621028662 59
1762254573691 0.005591623485088348 60
1762254573717 0.005552574992179871 61
1762254573726 0.005564250983297825 62
1762254573767 0.005571497604250908 63
1762254573778 0.005539521109312773 64
1762254573809 0.005573397967964411 65
1762254573836 0.005504736211150885 66
1762254573869 0.005565406754612923 67
1762254573882 0.005479495041072369 68
1762254573913 0.005524728912860155 69
1762254573929 0.0055312602780759335 70
1762254573960 0.005448148585855961 71
1762254573991 0.005523545201867819 72
1762254574007 0.005492566619068384 73
1762254574041 0.0055353096686303616 74
1762254574054 0.0055238003842532635 75
1762254574092 0.00547747453674674 76
1762254574102 0.00550446892157197 77
1762254574133 0.0054198033176362514 78
1762254574165 0.005457025486975908 79
1762254574189 0.005487616173923016 80
1762254574210 0.005442592315375805 81
1762254574226 0.005525359883904457 82
1762254574265 0.005461782682687044 83
1762254574290 0.005463035777211189 84
1762254574315 0.005491750314831734 85
1762254574336 0.005508021917194128 86
1762254574365 0.005494172219187021 87
1762254574383 0.00550117390230298 88
1762254574398 0.005422922316938639 89
1762254574429 0.005441121757030487 90
1762254574460 0.0054710740223526955 91
1762254574491 0.005445596296340227 92
1762254574507 0.005465112626552582 93
1762254574538 0.00550484424456954 94
1762254574554 0.005477395839989185 95
1762254574585 0.005460691638290882 96
1762254574600 0.005485870409756899 97
1762254574638 0.00550813227891922 98
1762254574662 0.0054129259660840034 99
1762254574687 0.005449546035379171 100
