1762887378549 9.999999747378752e-05 1
1762887378582 0.0005949999904260039 2
1762887378611 0.0010900000343099236 3
1762887378639 0.0015849999617785215 4
1762887378672 0.0020800000056624413 5
1762887378699 0.002575000049546361 6
1762887378729 0.0030700000934302807 7
1762887378748 0.0035649999044835567 8
1762887378785 0.00406000018119812 9
1762887378809 0.004554999992251396 10
1762887378841 0.005049999803304672 11
1762887378872 0.005545000080019236 12
1762887378899 0.006039999891072512 13
1762887378914 0.006535000167787075 14
1762887378946 0.007029999978840351 15
1762887378977 0.007524999789893627 16
1762887379014 0.008019999600946903 17
1762887379042 0.008515000343322754 18
1762887379063 0.00901000015437603 19
1762887379095 0.009504999965429306 20
1762887379129 0.009999999776482582 21
1762887379159 0.00999653059989214 22
1762887379181 0.009986127726733685 23
