1762887378515 0.19061924517154694 1
1762887378555 0.12500567734241486 2
1762887378587 0.1141260415315628 3
1762887378616 0.11044982820749283 4
1762887378639 0.10830815881490707 5
1762887378676 0.10706470161676407 6
1762887378699 0.1062403991818428 7
1762887378733 0.1055423840880394 8
1762887378748 0.10477189719676971 9
1762887378789 0.10486196726560593 10
1762887378809 0.10450894385576248 11
1762887378841 0.104678213596344 12
1762887378876 0.10467398166656494 13
1762887378899 0.10446526855230331 14
1762887378930 0.10459838062524796 15
1762887378961 0.10442838817834854 16
1762887378977 0.10466394573450089 17
1762887379018 0.10499729961156845 18
1762887379046 0.10524803400039673 19
1762887379063 0.10552368313074112 20
1762887379095 0.10526780784130096 21
1762887379133 0.10495993494987488 22
1762887379163 0.10486286133527756 23
1762887666275 0.023853173479437828 1
1762887666285 0.02297823876142502 2
1762887666292 0.022227121517062187 3
1762887666302 0.02169918455183506 4
1762887666302 0.020931951701641083 5
1762887666315 0.020710676908493042 6
1762887666330 0.020359665155410767 7
1762887666331 0.01975913718342781 8
1762887666347 0.018773145973682404 9
1762887666356 0.01867949403822422 10
1762887666364 0.018280064687132835 11
1762887666372 0.017908629029989243 12
1762887666381 0.017574407160282135 13
1762887666389 0.01722562313079834 14
1762887666397 0.016927048563957214 15
1762887666405 0.01662518084049225 16
1762887666413 0.016342800110578537 17
1762887666421 0.01602768898010254 18
1762887666429 0.015512623824179173 19
1762887666437 0.015206939540803432 20
1762887666446 0.014947083778679371 21
1762887666454 0.014297228306531906 22
1762887666463 0.014181330800056458 23
1762887666463 0.013847965747117996 24
1762887666478 0.013430624268949032 25
1762887666478 0.013509846292436123 26
1762887666494 0.013103003613650799 27
1762887666494 0.012490344233810902 28
1762887666510 0.012641055509448051 29
1762887666510 0.012583927251398563 30
1762887666525 0.01201386097818613 31
1762887666525 0.012031669728457928 32
1762887666541 0.011915341019630432 33
1762887666541 0.011885987594723701 34
1762887666556 0.011449656449258327 35
1762887666556 0.01147819496691227 36
1762887666572 0.011407350189983845 37
1762887666572 0.01121883187443018 38
1762887666592 0.011026231572031975 39
1762887666600 0.011025511659681797 40
1762887666604 0.010743682272732258 41
1762887666604 0.010713226161897182 42
1762887666620 0.010829994454979897 43
1762887666620 0.010542361065745354 44
1762887666640 0.010440967977046967 45
1762887666652 0.010385829955339432 46
1762887666663 0.010360089130699635 47
1762887666671 0.01011521928012371 48
1762887666679 0.010144559666514397 49
1762887666680 0.010062085464596748 50
1762887666680 0.010012730024755001 51
1762887666703 0.009995358996093273 52
1762887666711 0.009839960373938084 53
1762887666713 0.009865525178611279 54
1762887666713 0.009704402647912502 55
1762887666736 0.009662420488893986 56
1762887666744 0.009558163583278656 57
1762887666753 0.009649258106946945 58
1762887666761 0.009551017545163631 59
1762887666769 0.009506121277809143 60
1762887666777 0.009342476725578308 61
1762887666779 0.00931453425437212 62
1762887666779 0.009522948414087296 63
1762887666795 0.009204412810504436 64
1762887666795 0.009186421521008015 65
1762887666819 0.009135253727436066 66
1762887666824 0.00905656348913908 67
1762887666824 0.008980181068181992 68
1762887666839 0.009005807340145111 69
1762887666839 0.008942513726651669 70
1762887666855 0.008855676278471947 71
1762887666855 0.008733437396585941 72
1762887666871 0.008750248700380325 73
1762887666871 0.00878919381648302 74
1762887666886 0.008665081113576889 75
1762887666886 0.00862584076821804 76
1762887666908 0.008522718213498592 77
1762887666915 0.008436175994575024 78
1762887666923 0.008434507064521313 79
1762887666931 0.008414426818490028 80
1762887666932 0.008460798300802708 81
1762887666932 0.008241012692451477 82
1762887666948 0.008263383992016315 83
1762887666963 0.008397011086344719 84
1762887666963 0.008454497903585434 85
1762887666979 0.00823783129453659 86
1762887666979 0.00812612846493721 87
1762887666995 0.008066210895776749 88
1762887666995 0.008203068748116493 89
1762887667010 0.008192915469408035 90
1762887667010 0.008017201907932758 91
1762887667026 0.00797906331717968 92
1762887667026 0.007909780368208885 93
1762887667046 0.00786619633436203 94
1762887667055 0.007868228480219841 95
1762887667063 0.007801358588039875 96
1762887667071 0.007741555105894804 97
1762887667079 0.007742672692984343 98
1762887667088 0.0077648526057600975 99
1762887667090 0.007698170840740204 100
1762891687070 0.0097541818395257 1
1762891687079 0.009438185021281242 2
1762891687087 0.009408174082636833 3
1762891687092 0.009391684085130692 4
1762891687108 0.00933531392365694 5
1762891687118 0.0093331104144454 6
1762891687128 0.009366072714328766 7
1762891687137 0.009370970539748669 8
1762891687137 0.009379233233630657 9
1762891687153 0.00934670027345419 10
1762891687162 0.009366840124130249 11
1762891687170 0.00937808956950903 12
1762891687178 0.009382255375385284 13
1762891687187 0.00936086568981409 14
1762891687212 0.009369459934532642 15
1762891687222 0.00937251839786768 16
1762891687230 0.00933801755309105 17
1762891687237 0.009357117116451263 18
1762891687237 0.0094005037099123 19
1762891687252 0.00937469583004713 20
1762891687252 0.009381175972521305 21
1762891687268 0.009351421147584915 22
1762891687268 0.00934561900794506 23
1762891687284 0.009335426613688469 24
1762891687284 0.009378320537507534 25
1762891687299 0.00935238879173994 26
1762891687299 0.009364685975015163 27
1762891687315 0.009364137426018715 28
1762891687315 0.009355234913527966 29
1762891687333 0.009333721362054348 30
1762891687341 0.009322062134742737 31
1762891687342 0.009326847270131111 32
1762891687342 0.009304400533437729 33
1762891687357 0.009335577487945557 34
1762891687373 0.00930112600326538 35
1762891687373 0.00931569654494524 36
1762891687389 0.009310157969594002 37
1762891687389 0.009288269095122814 38
1762891687404 0.009276015684008598 39
1762891687404 0.00925119873136282 40
1762891687422 0.009289360605180264 41
1762891687430 0.009325786493718624 42
1762891687438 0.009307539090514183 43
1762891687446 0.009309693239629269 44
1762891687452 0.009287581779062748 45
1762891687452 0.009265346452593803 46
1762891687468 0.009277780540287495 47
1762891687468 0.009272543713450432 48
1762891687484 0.009302567690610886 49
1762891687484 0.009268736466765404 50
1762891687499 0.009227081201970577 51
1762891687499 0.009235101751983166 52
1762891687515 0.009219697676599026 53
1762891687515 0.00916790310293436 54
1762891687534 0.00916404277086258 55
1762891687542 0.009157168678939342 56
1762891687550 0.009104052558541298 57
1762891687558 0.009054887108504772 58
1762891687561 0.009087586775422096 59
1762891687561 0.009159835986793041 60
1762891687576 0.009065583348274231 61
1762891687576 0.009218856692314148 62
1762891687592 0.009123193100094795 63
1762891687592 0.00909500103443861 64
1762891687613 0.009139319881796837 65
1762891687627 0.009035300463438034 66
1762891687635 0.009031584486365318 67
1762891687644 0.00901742558926344 68
1762891687652 0.00897459127008915 69
1762891687653 0.008980227634310722 70
1762891687653 0.00893978588283062 71
1762891687669 0.008881204761564732 72
1762891687684 0.008907876908779144 73
1762891687684 0.008899528533220291 74
1762891687700 0.008865220472216606 75
1762891687724 0.008837519213557243 76
1762891687736 0.0087788887321949 77
1762891687747 0.008543520234525204 78
1762891687757 0.008031043224036694 79
1762891687765 0.007672582753002644 80
1762891687773 0.007582999765872955 81
1762891687781 0.007483051158487797 82
1762891687790 0.007436075247824192 83
1762891687798 0.007365962024778128 84
1762891687802 0.007354154717177153 85
1762891687802 0.007249234244227409 86
1762891687818 0.007199006620794535 87
1762891687818 0.007223920430988073 88
1762891687834 0.007155836559832096 89
1762891687834 0.007166974246501923 90
1762891687849 0.007104506716132164 91
1762891687849 0.007076419424265623 92
1762891687865 0.007065491285175085 93
1762891687865 0.0070515042170882225 94
1762891687881 0.007065474987030029 95
1762891687896 0.007019424811005592 96
1762891687896 0.007011536508798599 97
1762891687912 0.006969858426600695 98
1762891687912 0.006977551616728306 99
1762891687927 0.0069433110766112804 100
