1762887378515 0.19061924517154694 1
1762887378555 0.12500567734241486 2
1762887378591 0.1141260415315628 3
1762887378620 0.11044982820749283 4
1762887378639 0.10830815881490707 5
1762887378680 0.10706470161676407 6
1762887378699 0.1062403991818428 7
1762887378737 0.1055423840880394 8
1762887378764 0.10477189719676971 9
1762887378793 0.10486196726560593 10
1762887378809 0.10450894385576248 11
1762887378841 0.104678213596344 12
1762887378880 0.10467398166656494 13
1762887378899 0.10446526855230331 14
1762887378930 0.10459838062524796 15
1762887378961 0.10442838817834854 16
1762887378992 0.10466394573450089 17
1762887379022 0.10499729961156845 18
1762887379048 0.10524803400039673 19
1762887379079 0.10552368313074112 20
1762887379095 0.10526780784130096 21
1762887379137 0.10495993494987488 22
1762887379167 0.10486286133527756 23
