1762887378515 0.06277508288621902 1
1762887378555 0.029052529484033585 2
1762887378595 0.02414458990097046 3
1762887378624 0.02247113361954689 4
1762887378639 0.021566394716501236 5
1762887378684 0.021191993728280067 6
1762887378699 0.020982854068279266 7
1762887378741 0.020573167130351067 8
1762887378764 0.020330209285020828 9
1762887378797 0.02032841555774212 10
1762887378825 0.020099394023418427 11
1762887378841 0.020186912268400192 12
1762887378885 0.020179154351353645 13
1762887378899 0.02001320570707321 14
1762887378930 0.02012576535344124 15
1762887378961 0.02004983462393284 16
1762887378992 0.02010086178779602 17
1762887379026 0.020177438855171204 18
1762887379048 0.020353302359580994 19
1762887379079 0.020277323201298714 20
1762887379112 0.020236525684595108 21
1762887379141 0.020223155617713928 22
1762887379171 0.020113863050937653 23
