1762258460216 9.999999747378752e-06 1
1762258460227 5.949999831500463e-05 2
1762258460263 0.00010900000052060932 3
1762258460285 0.0001584999990882352 4
1762258460309 0.00020799999765586108 5
1762258460330 0.0002575000107754022 6
1762258460352 0.00030700000934302807 7
1762258460373 0.00035650000791065395 8
1762258460395 0.00040600000647827983 9
1762258460413 0.0004555000050459057 10
1762258460429 0.0005050000036135316 11
1762258460460 0.000554499973077327 12
1762258460476 0.0006040000007487833 13
1762258460504 0.0006535000284202397 14
1762258460523 0.0007029999978840351 15
1762258460539 0.0007525000255554914 16
1762258460555 0.0008019999950192869 17
1762258460586 0.0008515000226907432 18
1762258460612 0.0009009999921545386 19
1762258460635 0.000950500019825995 20
1762258460657 0.0010000000474974513 21
1762258460679 0.0009996530134230852 22
1762258460701 0.0009986128425225616 23
1762258460724 0.0009968808153644204 24
1762258460741 0.0009944597259163857 25
1762258460757 0.0009913534158840775 26
1762258460788 0.0009875664254650474 27
1762258460804 0.00098310480825603 28
1762258460837 0.0009779754327610135 29
1762258460859 0.00097218609880656 30
1762258460876 0.0009657457703724504 31
1762258460892 0.0009586644009687006 32
1762258460926 0.0009509529336355627 33
1762258460945 0.0009426231845282018 34
1762258460961 0.0009336880757473409 35
1762258460992 0.0009241613443009555 36
1762258461007 0.0009140576585195959 37
1762258461023 0.0009033926180563867 38
1762258461060 0.0008921826956793666 39
1762258461070 0.0008804451208561659 40
1762258461101 0.0008681980543769896 41
1762258461117 0.0008554603555239737 42
1762258461148 0.000842251640278846 43
1762258461164 0.0008285922813229263 44
1762258461191 0.0008145033498294652 45
1762258461210 0.0008000066154636443 46
1762258461226 0.0007851243717595935 47
1762258461257 0.0007698795525357127 48
1762258461279 0.0007542957318946719 49
1762258461289 0.0007383968913927674 50
1762258461320 0.0007222075364552438 51
1762258461336 0.0007057526963762939 52
1762258461367 0.0006890576332807541 53
1762258461390 0.00067214819137007 54
1762258461410 0.0006550503894686699 55
1762258461426 0.0006377906538546085 56
1762258461441 0.0006203955272212625 57
1762258461473 0.0006028918433003128 58
1762258461488 0.0005853066104464233 59
1762258461519 0.0005676668952219188 60
1762258461535 0.0005499999970197678 61
1762258461551 0.0005323330988176167 62
1762258461584 0.0005146933835931122 63
1762258461605 0.0004971081507392228 64
1762258461616 0.0004796044959221035 65
1762258461648 0.00046220936928875744 66
1762258461663 0.0004449495754670352 67
1762258461693 0.00042785180266946554 68
1762258461715 0.00041094236075878143 69
1762258461726 0.0003942473267670721 70
1762258461758 0.0003777924575842917 71
1762258461773 0.00036160313175059855 72
1762258461808 0.0003457042621448636 73
1762258461829 0.0003301204415038228 74
1762258461851 0.0003148756513837725 75
1762258461867 0.0002999934076797217 76
1762258461883 0.00028549664421007037 77
1762258461917 0.00027140771271660924 78
1762258461938 0.00025774838286451995 79
1762258461946 0.0002445396676193923 80
1762258461977 0.00023180195421446115 81
1762258461993 0.00021955487318336964 82
1762258462025 0.00020781731291208416 83
1762258462038 0.0001966073759831488 84
1762258462054 0.0001859423500718549 85
