1762258679866 0.024998122826218605 1
1762258679887 0.005997100379317999 2
1762258679889 0.005921867676079273 3
1762258679889 0.005898976698517799 4
1762258679907 0.00590203981846571 5
1762258679914 0.005890032276511192 6
1762258679920 0.005891015287488699 7
1762258679927 0.005890219006687403 8
1762258679933 0.005885303486138582 9
1762258679938 0.005885521415621042 10
1762258679938 0.005880884826183319 11
1762258679938 0.005880865268409252 12
1762258679954 0.005881864111870527 13
1762258679954 0.005881676450371742 14
1762258679971 0.005882497411221266 15
1762258679975 0.005881321616470814 16
1762258679975 0.00588215421885252 17
1762258679990 0.005880741402506828 18
1762258679990 0.005881880410015583 19
1762258679990 0.005882944446057081 20
1762258680012 0.005881084594875574 21
1762258680019 0.0058850860223174095 22
1762258680022 0.005881779827177525 23
1762258680022 0.005885143764317036 24
1762258680038 0.005880766082555056 25
1762258680038 0.005881359335035086 26
