1762258460194 0.3281826078891754 1
1762258460216 0.29666510224342346 2
1762258460244 0.25076961517333984 3
1762258460266 0.1983841359615326 4
1762258460289 0.17599472403526306 5
1762258460312 0.15732239186763763 6
1762258460334 0.1497705578804016 7
1762258460355 0.14143580198287964 8
1762258460377 0.13848546147346497 9
1762258460398 0.13513612747192383 10
1762258460413 0.1299147754907608 11
1762258460429 0.12400256842374802 12
1762258460460 0.12324678897857666 13
1762258460476 0.11776449531316757 14
1762258460507 0.11175290495157242 15
1762258460523 0.10184435546398163 16
1762258460539 0.09385649859905243 17
1762258460570 0.08932837843894958 18
1762258460586 0.08890831470489502 19
1762258460615 0.08792908489704132 20
1762258460638 0.08631846308708191 21
1762258460660 0.08449210971593857 22
1762258460682 0.08875821530818939 23
1762258460705 0.08527103066444397 24
1762258460728 0.08289877325296402 25
1762258460741 0.08326520025730133 26
1762258460773 0.08008312433958054 27
1762258460788 0.07709813863039017 28
1762258460804 0.07786369323730469 29
1762258460840 0.07654894888401031 30
1762258460861 0.07485964149236679 31
1762258460876 0.0752808228135109 32
1762258460892 0.07323988527059555 33
1762258460929 0.07261025160551071 34
1762258460945 0.07100550085306168 35
1762258460961 0.07204244285821915 36
1762258460992 0.07149061560630798 37
1762258461007 0.07192062586545944 38
1762258461042 0.07019181549549103 39
1762258461063 0.0712568536400795 40
1762258461070 0.0712626725435257 41
1762258461101 0.07084591686725616 42
1762258461117 0.06983986496925354 43
1762258461152 0.07129646092653275 44
1762258461164 0.06982536613941193 45
1762258461195 0.06832246482372284 46
1762258461210 0.06884878873825073 47
1762258461226 0.06888435035943985 48
1762258461260 0.06793984770774841 49
1762258461282 0.06782155483961105 50
1762258461305 0.06814149767160416 51
1762258461320 0.06715342402458191 52
1762258461336 0.06608080863952637 53
1762258461371 0.06695501506328583 54
1762258461393 0.06734541803598404 55
1762258461410 0.06808877736330032 56
1762258461426 0.06682915985584259 57
1762258461457 0.06698484718799591 58
1762258461473 0.06603538244962692 59
1762258461488 0.06693802028894424 60
1762258461519 0.06607885658740997 61
1762258461535 0.06644697487354279 62
1762258461566 0.06578528136014938 63
1762258461587 0.06511306017637253 64
1762258461608 0.0658881813287735 65
1762258461616 0.06580141186714172 66
1762258461648 0.0650649443268776 67
1762258461663 0.06524306535720825 68
1762258461696 0.06515944004058838 69
1762258461718 0.06440987437963486 70
1762258461726 0.06401057541370392 71
1762258461758 0.06430618464946747 72
1762258461789 0.06592994928359985 73
1762258461811 0.06458263099193573 74
1762258461832 0.06454938650131226 75
1762258461854 0.06467949599027634 76
1762258461867 0.06432048231363297 77
1762258461883 0.0643235519528389 78
1762258461920 0.06388062238693237 79
1762258461941 0.06426628679037094 80
1762258461962 0.06410213559865952 81
1762258461977 0.06478055566549301 82
1762258461993 0.06423332542181015 83
1762258462028 0.06357628852128983 84
1762258462038 0.06389567255973816 85
