1762258577321 0.02173893339931965 1
1762258577344 0.005911214742809534 2
1762258577350 0.005898104514926672 3
1762258577355 0.005894164554774761 4
1762258577355 0.005883780773729086 5
1762258577355 0.00588532630354166 6
1762258577378 0.005891834851354361 7
1762258577382 0.005882870405912399 8
1762258577391 0.0058901309967041016 9
1762258577397 0.005881419871002436 10
1762258577404 0.005885873921215534 11
1762258577410 0.005881152115762234 12
1762258577417 0.0058813379146158695 13
1762258577422 0.005880956072360277 14
1762258577422 0.005881719756871462 15
1762258577422 0.005881628021597862 16
1762258577438 0.005880766082555056 17
1762258577450 0.005882686004042625 18
1762258577458 0.0058807930909097195 19
1762258577464 0.00588163873180747 20
1762258577472 0.005881562363356352 21
1762258577480 0.005881815683096647 22
1762258577489 0.0058812969364225864 23
1762258577491 0.005880766082555056 24
1762258577491 0.005880766082555056 25
1762258577506 0.005880766082555056 26
