1762258460194 0.16601155698299408 1
1762258460227 0.1349780559539795 2
1762258460250 0.09932860732078552 3
1762258460273 0.06414087116718292 4
1762258460296 0.050620608031749725 5
1762258460318 0.04068847745656967 6
1762258460340 0.03697088360786438 7
1762258460361 0.032867565751075745 8
1762258460383 0.03141314908862114 9
1762258460404 0.029888445511460304 10
1762258460413 0.02744128741323948 11
1762258460445 0.024666650220751762 12
1762258460460 0.024284115061163902 13
1762258460476 0.02215448021888733 14
1762258460508 0.020192379131913185 15
1762258460523 0.017240161076188087 16
1762258460555 0.015155792236328125 17
1762258460570 0.013951297849416733 18
1762258460586 0.013650129549205303 19
1762258460623 0.013205855153501034 20
1762258460644 0.012732036411762238 21
1762258460666 0.012397227808833122 22
1762258460689 0.013524739071726799 23
1762258460711 0.01266748458147049 24
1762258460734 0.012102250941097736 25
1762258460741 0.012203752063214779 26
1762258460773 0.011517085134983063 27
1762258460788 0.011081910692155361 28
1762258460824 0.011260787956416607 29
1762258460846 0.011073552072048187 30
1762258460868 0.01086377166211605 31
1762258460876 0.010965771973133087 32
1762258460913 0.010470078326761723 33
1762258460935 0.010328231379389763 34
1762258460945 0.009883676655590534 35
1762258460976 0.01032746210694313 36
1762258460992 0.010042284615337849 37
1762258461023 0.010262410156428814 38
1762258461048 0.009747393429279327 39
1762258461069 0.01015490386635065 40
1762258461086 0.009987114928662777 41
1762258461101 0.01001239288598299 42
1762258461136 0.009783918038010597 43
1762258461158 0.010224763303995132 44
1762258461179 0.009850271046161652 45
1762258461195 0.009419002570211887 46
1762258461210 0.009898630902171135 47
1762258461241 0.009701837785542011 48
1762258461267 0.009548576548695564 49
1762258461289 0.009550688788294792 50
1762258461305 0.009683596901595592 51
1762258461320 0.009401548653841019 52
1762258461355 0.009029694832861423 53
1762258461377 0.009196951054036617 54
1762258461399 0.009437667205929756 55
1762258461410 0.009676306508481503 56
1762258461441 0.009379270486533642 57
1762258461457 0.009404487907886505 58
1762258461473 0.00914408452808857 59
1762258461504 0.009320605546236038 60
1762258461519 0.009299670346081257 61
1762258461551 0.009283973835408688 62
1762258461566 0.009251330979168415 63
1762258461593 0.00892458576709032 64
1762258461615 0.009153405204415321 65
1762258461632 0.009186522103846073 66
1762258461648 0.009084513410925865 67
1762258461681 0.00918774213641882 68
1762258461703 0.0089126480743289 69
1762258461724 0.008759685792028904 70
1762258461742 0.008786845952272415 71
1762258461773 0.00893445685505867 72
1762258461789 0.00922924093902111 73
1762258461817 0.009015710093080997 74
1762258461839 0.009061929769814014 75
1762258461860 0.009000245481729507 76
1762258461867 0.008896084502339363 77
1762258461898 0.008925697766244411 78
1762258461926 0.00880599394440651 79
1762258461946 0.008718586526811123 80
1762258461962 0.00892042089253664 81
1762258461977 0.009123319759964943 82
1762258462008 0.008962200954556465 83
1762258462034 0.008766044862568378 84
1762258462054 0.008858705870807171 85
