1762320432759 0.01980680786073208 1
1762320432771 0.008815634064376354 2
1762320432783 0.008541539311408997 3
1762320432791 0.008213230408728123 4
1762320432801 0.00795208290219307 5
1762320432809 0.007740764878690243 6
1762320432818 0.007658826652914286 7
1762320432826 0.00754979532212019 8
1762320432835 0.007416093721985817 9
1762320432844 0.0073707085102796555 10
1762320432847 0.007320992182940245 11
1762320432847 0.00722780916839838 12
1762320432867 0.007198662497103214 13
1762320432875 0.007132845465093851 14
1762320432883 0.007117095869034529 15
1762320432891 0.0070614563301205635 16
1762320432899 0.007025653030723333 17
1762320432907 0.007000653073191643 18
1762320432915 0.007005059625953436 19
1762320432923 0.0069825355894863605 20
1762320432923 0.006946572568267584 21
1762320432939 0.006928821559995413 22
1762320432940 0.006908909883350134 23
1762320432940 0.006859940942376852 24
1762320432956 0.006941759493201971 25
1762320432956 0.00689891679212451 26
1762320432972 0.0068671079352498055 27
1762320432972 0.006864947732537985 28
1762320433003 0.00686724903061986 29
1762320433022 0.006869589909911156 30
1762320433030 0.006874659098684788 31
1762320433033 0.006843949668109417 32
1762320433033 0.006777298636734486 33
1762320433049 0.006750598084181547 34
1762320433064 0.006709632929414511 35
1762320433073 0.006686632055789232 36
1762320433081 0.006627405062317848 37
1762320433089 0.00661721546202898 38
1762320433097 0.006511560641229153 39
1762320433105 0.00645443145185709 40
1762320433113 0.006407891865819693 41
1762320433122 0.006346013396978378 42
1762320433130 0.006309369578957558 43
1762320433138 0.00626871082931757 44
1762320433146 0.00619234424084425 45
1762320433154 0.006151441950351 46
1762320433162 0.006090057082474232 47
1762320433169 0.006005003582686186 48
1762320433177 0.005983623210340738 49
1762320433185 0.006010692100971937 50
1762320433193 0.0059341867454349995 51
1762320433196 0.005876927170902491 52
1762320433196 0.005836773198097944 53
1762320433212 0.0058534396812319756 54
1762320433212 0.005803381092846394 55
1762320433233 0.005758451763540506 56
1762320433240 0.005707494914531708 57
1762320433248 0.005702557507902384 58
1762320433253 0.005672071129083633 59
1762320433253 0.005668612662702799 60
1762320433268 0.005624329671263695 61
1762320433268 0.005590884480625391 62
1762320433284 0.0056038848124444485 63
1762320433284 0.005572799127548933 64
1762320433300 0.005568664520978928 65
1762320433300 0.00555504160001874 66
1762320433315 0.005553106777369976 67
1762320433315 0.005514852236956358 68
1762320433331 0.005533794406801462 69
1762320433331 0.005479333456605673 70
1762320433354 0.005468965042382479 71
1762320433362 0.005484750494360924 72
1762320433363 0.005463035311549902 73
1762320433363 0.005458243191242218 74
1762320433378 0.005404789000749588 75
1762320433378 0.005375548731535673 76
1762320433394 0.005377309862524271 77
1762320433394 0.005384920164942741 78
1762320433417 0.0053310394287109375 79
1762320433425 0.005337191745638847 80
1762320433430 0.005346872843801975 81
1762320433430 0.005325651727616787 82
1762320433446 0.005284166894853115 83
1762320433446 0.005274355877190828 84
1762320433465 0.005246973130851984 85
1762320433470 0.005235168617218733 86
1762320433470 0.005191045813262463 87
1762320433489 0.005163354333490133 88
1762320433497 0.005149330012500286 89
1762320433505 0.0051308912225067616 90
1762320433513 0.005104657728224993 91
1762320433521 0.005156905855983496 92
1762320433529 0.005108175333589315 93
1762320433536 0.005083428230136633 94
1762320433544 0.005054203327745199 95
1762320433547 0.005088387057185173 96
1762320433547 0.005062568932771683 97
1762320433568 0.00502780033275485 98
1762320433576 0.005034534260630608 99
1762320433581 0.005022021941840649 100
