1762318073711 0.021648159250617027 1
1762318073731 0.012461562640964985 2
1762318073733 0.011629130691289902 3
1762318073749 0.01124021876603365 4
1762318073757 0.010927128605544567 5
1762318073767 0.010884435847401619 6
1762318073775 0.010717949829995632 7
1762318073778 0.010431294329464436 8
1762318073778 0.010355000384151936 9
1762318073800 0.01038453634828329 10
1762318073808 0.0101527851074934 11
1762318073817 0.010263356380164623 12
1762318073824 0.010156202130019665 13
1762318073832 0.009991642087697983 14
1762318073840 0.010027861222624779 15
1762318073849 0.010058192536234856 16
1762318073857 0.009708013385534286 17
1762318073866 0.009608626365661621 18
1762318073874 0.009522469714283943 19
1762318073880 0.009207184426486492 20
1762318073880 0.009125486016273499 21
1762318073896 0.009459665045142174 22
1762318073896 0.008852222934365273 23
1762318073912 0.008968264795839787 24
1762318073912 0.008805655874311924 25
1762318073927 0.008723628707230091 26
1762318073927 0.008589827455580235 27
1762318073943 0.008608254604041576 28
1762318073943 0.00846876297146082 29
1762318073960 0.008535859175026417 30
1762318073968 0.008483492769300938 31
1762318073976 0.008472051471471786 32
1762318073984 0.008390963077545166 33
1762318073992 0.008196176961064339 34
1762318073994 0.008565315045416355 35
1762318073994 0.008227300830185413 36
1762318074009 0.008320000022649765 37
1762318074009 0.008130778558552265 38
1762318074032 0.0081033231690526 39
1762318074037 0.008364105597138405 40
1762318074037 0.007927709259092808 41
1762318074057 0.008242909796535969 42
1762318074064 0.008193867281079292 43
1762318074072 0.00809731800109148 44
1762318074077 0.007979122921824455 45
1762318074077 0.008079810999333858 46
1762318074096 0.007633646484464407 47
1762318074104 0.007763276342302561 48
1762318074112 0.007880891673266888 49
1762318074119 0.007704728748649359 50
1762318074127 0.007751550525426865 51
1762318074135 0.007734454702585936 52
1762318074143 0.007653945125639439 53
1762318074151 0.007424441631883383 54
1762318074160 0.007390602491796017 55
1762318074168 0.00745506351813674 56
1762318074175 0.007473787292838097 57
1762318074183 0.007470109034329653 58
1762318074191 0.0076487865298986435 59
1762318074193 0.007359543815255165 60
1762318074193 0.007446658331900835 61
1762318074209 0.007612988352775574 62
1762318074209 0.00782897137105465 63
1762318074224 0.007536612916737795 64
1762318074224 0.007374976295977831 65
1762318074246 0.007428331300616264 66
1762318074254 0.007242181804031134 67
1762318074257 0.0072161429561674595 68
1762318074257 0.007161055225878954 69
1762318074273 0.00715183699503541 70
1762318074288 0.007006687577813864 71
1762318074304 0.006942724343389273 72
1762318074320 0.007025046739727259 73
1762318074320 0.00685458816587925 74
1762318074341 0.0070629483088850975 75
1762318074352 0.007123504765331745 76
1762318074362 0.006935924291610718 77
1762318074372 0.006885710172355175 78
1762318074383 0.0071242437697947025 79
1762318074394 0.007588340435177088 80
1762318074410 0.007721031084656715 81
1762318074410 0.007142902817577124 82
1762318074425 0.007090080063790083 83
1762318074441 0.006919252686202526 84
1762318074456 0.006907326169312 85
1762318074456 0.006856979802250862 86
1762318074472 0.006757776252925396 87
1762318074488 0.006749012507498264 88
1762318074488 0.006703589111566544 89
