1762269527645 4.999999873689376e-05 1
1762269527674 0.00029749999521300197 2
1762269527701 0.0005450000171549618 3
1762269527726 0.0007924999808892608 4
1762269527742 0.0010400000028312206 5
1762269527780 0.0012875000247731805 6
1762269527800 0.0015350000467151403 7
1762269527832 0.0017824999522417784 8
1762269527847 0.00203000009059906 9
1762269527884 0.002277499996125698 10
1762269527909 0.002524999901652336 11
1762269527938 0.002772500040009618 12
1762269527960 0.003019999945536256 13
1762269527991 0.0032675000838935375 14
1762269528019 0.0035149999894201756 15
1762269528046 0.0037624998949468136 16
1762269528061 0.004009999800473452 17
1762269528098 0.004257500171661377 18
1762269528112 0.004505000077188015 19
1762269528144 0.004752499982714653 20
1762269528175 0.004999999888241291 21
1762269528206 0.00499826529994607 22
1762269528233 0.004993063863366842 23
1762269528253 0.00498440396040678 24
1762269528284 0.004972298629581928 25
1762269528300 0.004956766963005066 26
1762269528339 0.004937832243740559 27
1762269528365 0.004915524274110794 28
1762269528391 0.004889877047389746 29
1762269528417 0.004860930610448122 30
1762269528440 0.00482872873544693 31
1762269528471 0.004793322179466486 32
1762269528494 0.0047547644935548306 33
1762269528528 0.004713116213679314 34
1762269528556 0.004668440204113722 35
1762269528581 0.004620806779712439 36
1762269528597 0.004570288117974997 37
1762269528635 0.004516962915658951 38
1762269528662 0.004460913594812155 39
1762269528674 0.004402225837111473 40
1762269528722 0.004340990446507931 41
1762269528765 0.004277301486581564 42
1762269528804 0.004211258143186569 43
1762269528826 0.004142961464822292 44
1762269528876 0.004072516690939665 45
1762269528894 0.004000033251941204 46
1762269528941 0.003925621975213289 47
1762269528979 0.0038493978790938854 48
1762269529015 0.0037714785430580378 49
1762269529045 0.0036919843405485153 50
1762269529079 0.00361103774048388 51
1762269529122 0.0035287633072584867 52
1762269529163 0.0034452881664037704 53
1762269529195 0.0033607410732656717 54
1762269529222 0.003275252180173993 55
1762269529253 0.0031889532692730427 56
1762269529269 0.0031019775196909904 57
1762269529310 0.003014459041878581 58
1762269529330 0.0029265328776091337 59
1762269529362 0.002838334534317255 60
1762269529397 0.002749999985098839 61
1762269529425 0.0026616654358804226 62
1762269529440 0.002573467092588544 63
1762269529471 0.0024855409283190966 64
1762269529503 0.002398022450506687 65
1762269529529 0.002311046700924635 66
1762269529565 0.002224748022854328 67
1762269529595 0.002139258896932006 68
1762269529627 0.002054711803793907 69
1762269529664 0.001971236662939191 70
1762269529698 0.0018889622297137976 71
1762269529729 0.0018080156296491623 72
1762269529826 0.0017285214271396399 73
1762269529891 0.001650602207519114 74
1762269529956 0.001574378227815032 75
1762269529989 0.0014999669510871172 76
1762269530018 0.001427483162842691 77
1762269530059 0.0013570386217907071 78
1762269530092 0.0012887419434264302 79
1762269530125 0.0012226983672007918 80
1762269530148 0.0011590097565203905 81
1762269530193 0.0010977743659168482 82
1762269530223 0.0010390866082161665 83
1762269530252 0.000983036938123405 84
1762269530282 0.0009297117358073592 85
1762269530296 0.0008791933651082218 86
1762269530340 0.0008315596496686339 87
1762269530362 0.0007868839893490076 88
1762269530397 0.0007452353020198643 89
1762269530437 0.0007066778489388525 90
1762269530466 0.0006712710601277649 91
1762269530506 0.0006390694761648774 92
1762269530551 0.000610122864600271 93
1762269530580 0.0005844756960868835 94
1762269530628 0.0005621676682494581 95
1762269530658 0.0005432331236079335 96
1762269530693 0.0005277012242004275 97
1762269530735 0.0005155959515832365 98
1762269530764 0.0005069359904155135 99
1762269530784 0.0005017346702516079 100
