1762269527618 0.20158015191555023 1
1762269527650 0.15708693861961365 2
1762269527680 0.11973436921834946 3
1762269527705 0.10923829674720764 4
1762269527726 0.10552393645048141 5
1762269527742 0.10460098087787628 6
1762269527784 0.09017179161310196 7
1762269527800 0.07715583592653275 8
1762269527832 0.07719683647155762 9
1762269527847 0.07179002463817596 10
1762269527888 0.0686575397849083 11
1762269527909 0.0671246275305748 12
1762269527941 0.06801092624664307 13
1762269527960 0.06491544842720032 14
1762269527995 0.066519595682621 15
1762269528019 0.06708423048257828 16
1762269528050 0.06889325380325317 17
1762269528061 0.0646553486585617 18
1762269528102 0.06463661044836044 19
1762269528128 0.06912986934185028 20
1762269528144 0.06505393981933594 21
1762269528175 0.06454448401927948 22
1762269528210 0.0632210224866867 23
1762269528236 0.06521034240722656 24
1762269528253 0.06346157193183899 25
1762269528284 0.06543649733066559 26
1762269528316 0.06339070945978165 27
1762269528343 0.061468832194805145 28
1762269528369 0.06119822710752487 29
1762269528395 0.06122710183262825 30
1762269528421 0.0612715408205986 31
1762269528440 0.059706300497055054 32
1762269528475 0.0594816617667675 33
1762269528494 0.06251101195812225 34
1762269528532 0.05796365812420845 35
1762269528561 0.05831896886229515 36
1762269528581 0.057903364300727844 37
1762269528612 0.05667828768491745 38
1762269528639 0.0566168949007988 39
1762269528666 0.05475172400474548 40
1762269528693 0.056343287229537964 41
1762269528728 0.05481228977441788 42
1762269528773 0.05436117947101593 43
1762269528809 0.05470392480492592 44
1762269528842 0.05446014925837517 45
1762269528878 0.05324113368988037 46
1762269528910 0.05514797195792198 47
1762269528941 0.05360348895192146 48
1762269528984 0.051186636090278625 49
1762269529019 0.05251355096697807 50
1762269529049 0.05282474681735039 51
1762269529079 0.05233705788850784 52
1762269529132 0.050261348485946655 53
1762269529168 0.049622852355241776 54
1762269529200 0.051581971347332 55
1762269529222 0.051827967166900635 56
1762269529253 0.04917271062731743 57
1762269529284 0.04915635287761688 58
1762269529315 0.04935823380947113 59
1762269529330 0.04921579733490944 60
1762269529362 0.04930591210722923 61
1762269529401 0.0488521084189415 62
1762269529430 0.04792533814907074 63
1762269529456 0.0480055995285511 64
1762269529471 0.047881171107292175 65
1762269529503 0.04729878529906273 66
1762269529529 0.046773385256528854 67
1762269529569 0.04615233838558197 68
1762269529600 0.046705834567546844 69
1762269529632 0.04648013412952423 70
1762269529668 0.04556865617632866 71
1762269529702 0.046464040875434875 72
1762269529733 0.04678945243358612 73
1762269529836 0.045505765825510025 74
1762269529913 0.0456106960773468 75
1762269529960 0.045097317546606064 76
1762269529993 0.04575016349554062 77
1762269530023 0.044633928686380386 78
1762269530065 0.04539387300610542 79
1762269530097 0.044828396290540695 80
1762269530130 0.044481370598077774 81
1762269530162 0.0437200590968132 82
1762269530199 0.044115304946899414 83
1762269530227 0.04461244121193886 84
1762269530252 0.044161997735500336 85
1762269530287 0.04349031671881676 86
1762269530312 0.04405345395207405 87
1762269530344 0.043617893010377884 88
1762269530362 0.043706126511096954 89
1762269530402 0.043603312224149704 90
1762269530437 0.04428287222981453 91
1762269530466 0.043142594397068024 92
1762269530513 0.04362698271870613 93
1762269530551 0.043444111943244934 94
1762269530596 0.04338766634464264 95
1762269530633 0.04327334836125374 96
1762269530662 0.043370239436626434 97
1762269530696 0.04347238689661026 98
1762269530739 0.04251231625676155 99
1762269530768 0.04369406774640083 100
