1762269527628 0.06706755608320236 1
1762269527657 0.042863938957452774 2
1762269527687 0.025471674278378487 3
1762269527711 0.020792344585061073 4
1762269527726 0.019649600610136986 5
1762269527765 0.020253414288163185 6
1762269527785 0.014768684282898903 7
1762269527816 0.011553188785910606 8
1762269527832 0.01142791472375393 9
1762269527870 0.010232253931462765 10
1762269527895 0.009538576006889343 11
1762269527909 0.009193153120577335 12
1762269527950 0.009267323650419712 13
1762269527977 0.008657601661980152 14
1762269528003 0.008862474001944065 15
1762269528031 0.009010842069983482 16
1762269528058 0.00941070169210434 17
1762269528076 0.00866864062845707 18
1762269528112 0.008534222841262817 19
1762269528128 0.009480627253651619 20
1762269528159 0.008848108351230621 21
1762269528191 0.008660015650093555 22
1762269528217 0.008429679088294506 23
1762269528237 0.008492630906403065 24
1762269528269 0.008334001526236534 25
1762269528284 0.008638664148747921 26
1762269528323 0.008274645544588566 27
1762269528350 0.007905205711722374 28
1762269528376 0.007835888303816319 29
1762269528402 0.007939357310533524 30
1762269528429 0.007852498441934586 31
1762269528457 0.007675260305404663 32
1762269528483 0.00752276461571455 33
1762269528513 0.008404389023780823 34
1762269528539 0.007347407750785351 35
1762269528566 0.007417701184749603 36
1762269528581 0.0073126498609781265 37
1762269528612 0.00720951659604907 38
1762269528647 0.00712414737790823 39
1762269528673 0.006871829275041819 40
1762269528703 0.007189606782048941 41
1762269528737 0.006829734891653061 42
1762269528784 0.006831349804997444 43
1762269528811 0.00687683979049325 44
1762269528858 0.006806167308241129 45
1762269528878 0.006577085703611374 46
1762269528910 0.00697948457673192 47
1762269528941 0.006702057085931301 48
1762269528996 0.00625808909535408 49
1762269529027 0.006482822820544243 50
1762269529060 0.006568248849362135 51
1762269529095 0.006530767306685448 52
1762269529136 0.006100888829678297 53
1762269529176 0.006062250584363937 54
1762269529207 0.006337372586131096 55
1762269529238 0.0064193084836006165 56
1762269529253 0.005993925034999847 57
1762269529284 0.005904609803110361 58
1762269529323 0.005996290128678083 59
1762269529346 0.0060539827682077885 60
1762269529379 0.006015750579535961 61
1762269529409 0.005924332421272993 62
1762269529438 0.005833419039845467 63
1762269529456 0.005850155837833881 64
1762269529487 0.005804385058581829 65
1762269529518 0.005845947191119194 66
1762269529545 0.005778869614005089 67
1762269529577 0.005542002152651548 68
1762269529608 0.005781931336969137 69
1762269529639 0.005674588028341532 70
1762269529676 0.005528053268790245 71
1762269529712 0.0056963758543133736 72
1762269529743 0.005762086249887943 73
1762269529850 0.0055725425481796265 74
1762269529923 0.005680495407432318 75
1762269529970 0.00550377182662487 76
1762269530002 0.0056274449452757835 77
1762269530031 0.005498901940882206 78
1762269530074 0.0056423041969537735 79
1762269530100 0.005652477033436298 80
1762269530139 0.005548825953155756 81
1762269530162 0.005360030103474855 82
1762269530207 0.005518144462257624 83
1762269530236 0.005581648554652929 84
1762269530252 0.005602564662694931 85
1762269530296 0.00539038423448801 86
1762269530312 0.005541705992072821 87
1762269530346 0.005390985868871212 88
1762269530380 0.005430399440228939 89
1762269530412 0.005491633899509907 90
1762269530450 0.005603351630270481 91
1762269530482 0.005358119495213032 92
1762269530527 0.00556559395045042 93
1762269530562 0.005504760891199112 94
1762269530596 0.0054832990281283855 95
1762269530640 0.0054925610311329365 96
1762269530662 0.0055022346787154675 97
1762269530712 0.005473502445966005 98
1762269530748 0.005240476690232754 99
1762269530768 0.005643668584525585 100
