1762874737331 0.24853365123271942 1
1762874737363 0.10651977360248566 2
1762874737392 0.09051375836133957 3
1762874737413 0.08642423152923584 4
1762874737452 0.08459794521331787 5
1762874737480 0.08351340889930725 6
1762874737508 0.08230505883693695 7
1762874737536 0.08105393499135971 8
1762874737564 0.08055222034454346 9
1762874737591 0.08022940158843994 10
1762874804328 0.02754748798906803 1
1762874804343 0.01771584153175354 2
1762874804351 0.015242812223732471 3
1762874804351 0.01416410505771637 4
1762874804367 0.013305316679179668 5
1762874804367 0.012677139602601528 6
1762874804384 0.011936371214687824 7
1762874804405 0.011372014880180359 8
1762874804413 0.010999905876815319 9
1762874804422 0.010500995442271233 10
