1762343812148 0.026672905310988426 1
1762343812150 0.011315852403640747 2
1762343812165 0.008590281009674072 3
1762343812175 0.0073825339786708355 4
1762343812184 0.006611749995499849 5
1762343812193 0.006155296228826046 6
1762343812202 0.0059340232983231544 7
1762343812210 0.00571049377322197 8
1762343812218 0.00559351546689868 9
1762343812226 0.005491223651915789 10
1762343812228 0.005370790138840675 11
1762343812228 0.00532828364521265 12
1762343812251 0.005288565997034311 13
1762343812259 0.005290044937282801 14
1762343812259 0.0052702766843140125 15
1762343812275 0.0052531068213284016 16
1762343812275 0.00522642070427537 17
1762343812290 0.0052314684726297855 18
1762343812290 0.005227335728704929 19
1762343812306 0.005246822722256184 20
1762343812306 0.005229374393820763 21
1762343812323 0.005228218622505665 22
1762343812331 0.005267886910587549 23
1762343812339 0.005211058538407087 24
1762343812350 0.005231710150837898 25
1762343812359 0.005243839230388403 26
1762343812367 0.0051907808519899845 27
1762343812369 0.005176713224500418 28
1762343812369 0.005173079669475555 29
1762343812385 0.005189802031964064 30
1762343812385 0.005166308954358101 31
1762343812401 0.005156368017196655 32
1762343812401 0.0051175812259316444 33
1762343812416 0.005133381579071283 34
1762343812416 0.005134714767336845 35
1762343812438 0.005129760596901178 36
1762343812446 0.005099574103951454 37
1762343812447 0.005107750650495291 38
1762343812463 0.005111491773277521 39
1762343812471 0.005099846515804529 40
1762343812478 0.00509361969307065 41
1762343812487 0.005083039868623018 42
1762343812495 0.005074226763099432 43
1762343812503 0.005083940923213959 44
1762343812511 0.005023842211812735 45
1762343812518 0.0050574601627886295 46
1762343812526 0.005064501892775297 47
1762343812526 0.00501672551035881 48
1762343812542 0.005029876716434956 49
1762343812550 0.0050107561983168125 50
1762343812567 0.004981080535799265 51
1762343812586 0.0049592964351177216 52
1762343812601 0.004963511601090431 53
1762343812614 0.005019767675548792 54
1762343812622 0.0049982150085270405 55
1762343812630 0.004970185458660126 56
1762343812633 0.004909723065793514 57
1762343812633 0.00490292115136981 58
1762343812648 0.004937835969030857 59
1762343812648 0.00485914945602417 60
1762343812664 0.00493889395147562 61
1762343812664 0.00500531168654561 62
1762343812686 0.004894707817584276 63
1762343812694 0.004851945675909519 64
1762343812697 0.004838804714381695 65
1762343812697 0.0048758783377707005 66
1762343812712 0.004849731456488371 67
1762343812712 0.00480619166046381 68
1762343812728 0.004717905540019274 69
1762343812728 0.004764639772474766 70
1762343812744 0.0048765516839921474 71
1762343812744 0.004840691573917866 72
1762343812765 0.004761520307511091 73
1762343812772 0.004766693338751793 74
1762343812780 0.0047524734400212765 75
1762343812788 0.004682558588683605 76
1762343812796 0.004625347908586264 77
1762343812804 0.004616273567080498 78
1762343812806 0.004623419139534235 79
1762343812806 0.00463883439078927 80
1762343812822 0.00475563108921051 81
1762343812822 0.004685489926487207 82
1762343812837 0.004588176961988211 83
1762343812837 0.004523865878582001 84
1762343812853 0.004586411640048027 85
1762343812853 0.0045056426897645 86
1762343812869 0.00450594536960125 87
1762343812869 0.004506602883338928 88
1762343812889 0.004561861511319876 89
1762343812897 0.004478618036955595 90
1762343812900 0.004498561844229698 91
1762343812900 0.004385346081107855 92
1762343812916 0.004420870915055275 93
1762343812916 0.004532004706561565 94
1762343812932 0.004378408659249544 95
1762343812932 0.0043390230275690556 96
1762343812947 0.004390062764286995 97
1762343812947 0.004297594074159861 98
1762343812963 0.004217046312987804 99
1762343812963 0.004274798557162285 100
