1762344282129 0.03890738636255264 1
1762344282149 0.012046019546687603 2
1762344282158 0.007620717398822308 3
1762344282167 0.005775583907961845 4
1762344282175 0.005151968915015459 5
1762344282185 0.004790191072970629 6
1762344282193 0.004646782297641039 7
1762344282196 0.004518395289778709 8
1762344282196 0.004448196850717068 9
1762344282212 0.004368324764072895 10
1762344282212 0.004330298397690058 11
1762344282228 0.004286108072847128 12
1762344282228 0.004230322781950235 13
1762344282243 0.004243106581270695 14
1762344282259 0.004195103887468576 15
1762344282259 0.00417683832347393 16
1762344282276 0.004170447122305632 17
1762344282284 0.004123948514461517 18
1762344282292 0.004109309986233711 19
1762344282300 0.004087582230567932 20
1762344282300 0.004062119405716658 21
1762344282316 0.00407510856166482 22
1762344282316 0.004033489152789116 23
1762344282331 0.004020303022116423 24
1762344282331 0.004032927565276623 25
1762344282347 0.003961261827498674 26
1762344282347 0.00392878009006381 27
1762344282363 0.003909837920218706 28
1762344282372 0.003906402736902237 29
1762344282380 0.003866050625219941 30
1762344282388 0.003861623117700219 31
1762344282396 0.0037968121469020844 32
1762344282405 0.003796221921220422 33
1762344282413 0.003765348345041275 34
1762344282414 0.003726961323991418 35
1762344282414 0.003730264725163579 36
1762344282429 0.0036912960931658745 37
1762344282445 0.0036667012609541416 38
1762344282445 0.00363382650539279 39
1762344282461 0.003614563960582018 40
1762344282461 0.0035876284819096327 41
1762344282476 0.003537155920639634 42
1762344282476 0.0035009381826967 43
1762344282494 0.003482856322079897 44
1762344282502 0.003444359637796879 45
1762344282510 0.003407419426366687 46
1762344282518 0.003373252460733056 47
1762344282520 0.0033536283299326897 48
1762344282520 0.003353210398927331 49
1762344282536 0.0032781297340989113 50
1762344282536 0.003243720857426524 51
1762344282551 0.0032233817037194967 52
1762344282551 0.003179149003699422 53
1762344282567 0.0032208298798650503 54
1762344282567 0.0031169443391263485 55
1762344282583 0.003098518820479512 56
1762344282583 0.003086462849751115 57
1762344282598 0.0030167619697749615 58
1762344282598 0.002982954727485776 59
1762344282621 0.0029545307625085115 60
1762344282629 0.002945049200206995 61
1762344282629 0.0029457653872668743 62
1762344282645 0.0029222548473626375 63
1762344282645 0.002877641236409545 64
1762344282660 0.0028365172911435366 65
1762344282660 0.002821478759869933 66
1762344282676 0.002772605512291193 67
1762344282676 0.0027963249012827873 68
1762344282692 0.0027483711019158363 69
1762344282692 0.002689729444682598 70
1762344282710 0.00277417222969234 71
1762344282718 0.002704238286241889 72
1762344282726 0.0026197703555226326 73
1762344282734 0.002611402189359069 74
1762344282738 0.002603283617645502 75
1762344282738 0.0025651459582149982 76
1762344282754 0.0025354891549795866 77
1762344282754 0.002532020676881075 78
1762344282770 0.0025116652250289917 79
1762344282770 0.002477782778441906 80
1762344282788 0.002480107359588146 81
1762344282796 0.002420281060039997 82
1762344282805 0.002423990750685334 83
1762344282813 0.0023817773908376694 84
1762344282821 0.0024057275149971247 85
1762344282828 0.002366052009165287 86
1762344282837 0.002349426504224539 87
1762344282845 0.002293236320838332 88
1762344282848 0.002325726905837655 89
1762344282848 0.0022682894486933947 90
1762344282863 0.0023263830225914717 91
1762344282863 0.0022425511851906776 92
1762344282879 0.0022195440251380205 93
1762344282879 0.0022111996077001095 94
1762344282901 0.002203176962211728 95
1762344282909 0.0022538965567946434 96
1762344282917 0.0021542327012866735 97
1762344282925 0.0021729138679802418 98
1762344282930 0.0021719473879784346 99
1762344282930 0.0021612620912492275 100
