1762944688036 9.999999747378752e-06 1
1762944688081 5.949999831500463e-05 2
1762944688115 0.00010900000052060932 3
1762944688146 0.0001584999990882352 4
1762944688178 0.00020799999765586108 5
1762944688209 0.0002575000107754022 6
1762944688241 0.00030700000934302807 7
1762944688259 0.00035650000791065395 8
1762944688306 0.00040600000647827983 9
1762944688337 0.0004555000050459057 10
1762944688369 0.0005050000036135316 11
1762944688400 0.000554499973077327 12
1762944688432 0.0006040000007487833 13
1762944688462 0.0006535000284202397 14
1762944688493 0.0007029999978840351 15
1762944688526 0.0007525000255554914 16
1762944688560 0.0008019999950192869 17
1762944688582 0.0008515000226907432 18
1762944688613 0.0009009999921545386 19
1762944688645 0.000950500019825995 20
1762944688696 0.0010000000474974513 21
1762944688741 0.0009996530134230852 22
1762944688792 0.0009986128425225616 23
1762944688832 0.0009968808153644204 24
1762944688879 0.0009944597259163857 25
1762944688925 0.0009913534158840775 26
1762944688985 0.0009875664254650474 27
1762944689033 0.00098310480825603 28
1762944689066 0.0009779754327610135 29
1762944689116 0.00097218609880656 30
1762944689185 0.0009657457703724504 31
1762944689239 0.0009586644009687006 32
1762944689280 0.0009509529336355627 33
1762944689316 0.0009426231845282018 34
1762944689348 0.0009336880757473409 35
1762944689410 0.0009241613443009555 36
1762944689449 0.0009140576585195959 37
1762944689504 0.0009033926180563867 38
1762944689560 0.0008921826956793666 39
1762944689616 0.0008804451208561659 40
1762944689682 0.0008681980543769896 41
1762944689744 0.0008554603555239737 42
1762944689782 0.000842251640278846 43
1762944689835 0.0008285922813229263 44
1762944689884 0.0008145033498294652 45
1762944689918 0.0008000066154636443 46
1762944689953 0.0007851243717595935 47
1762944689993 0.0007698795525357127 48
1762944690025 0.0007542957318946719 49
1762944690067 0.0007383968913927674 50
1762944690087 0.0007222075364552438 51
1762944690132 0.0007057526963762939 52
1762944690167 0.0006890576332807541 53
1762944690203 0.00067214819137007 54
1762944690241 0.0006550503894686699 55
1762944690277 0.0006377906538546085 56
1762944690306 0.0006203955272212625 57
1762944690337 0.0006028918433003128 58
1762944690384 0.0005853066104464233 59
1762944690431 0.0005676668952219188 60
1762944690479 0.0005499999970197678 61
1762944690526 0.0005323330988176167 62
1762944690573 0.0005146933835931122 63
1762944690604 0.0004971081507392228 64
1762944690650 0.0004796044959221035 65
1762944690689 0.00046220936928875744 66
1762944690734 0.0004449495754670352 67
1762944690775 0.00042785180266946554 68
1762944690801 0.00041094236075878143 69
1762944690852 0.0003942473267670721 70
1762944690894 0.0003777924575842917 71
1762944690937 0.00036160313175059855 72
1762944690982 0.0003457042621448636 73
1762944691017 0.0003301204415038228 74
1762944691063 0.0003148756513837725 75
1762944691098 0.0002999934076797217 76
1762944691131 0.00028549664421007037 77
1762944691179 0.00027140771271660924 78
1762944691220 0.00025774838286451995 79
1762944691268 0.0002445396676193923 80
1762944691306 0.00023180195421446115 81
1762944691332 0.00021955487318336964 82
1762944691370 0.00020781731291208416 83
1762944691418 0.0001966073759831488 84
1762944691451 0.0001859423500718549 85
1762944691496 0.00017583867884241045 86
1762944691533 0.00016631193284410983 87
1762944691568 0.00015737679495941848 88
1762944691616 0.00014904706040397286 89
1762944691649 0.00014133557851891965 90
1762944691686 0.00013425420911516994 91
