1762944750954 0.0565527118742466 1
1762944750954 0.03230627626180649 2
1762944750976 0.031045520678162575 3
1762944750990 0.030794782564044 4
1762944751002 0.030298400670289993 5
1762944751003 0.03022691421210766 6
1762944751023 0.03021743707358837 7
1762944751024 0.03015993908047676 8
1762944751038 0.030017506331205368 9
1762944751053 0.030186856165528297 10
1762944751056 0.030030466616153717 11
1762944751073 0.03004484809935093 12
1762944751073 0.02997783198952675 13
1762944751088 0.030025150626897812 14
1762944751106 0.030005404725670815 15
1762944751116 0.029995860531926155 16
1762944751126 0.030007729306817055 17
1762944751136 0.029986897483468056 18
1762944751137 0.02999044395983219 19
1762944751155 0.02997182123363018 20
1762944751155 0.02995954640209675 21
1762944751171 0.029974255710840225 22
1762944751187 0.029950978234410286 23
1762944751187 0.030024193227291107 24
1762944751202 0.029959052801132202 25
1762944751202 0.02995997667312622 26
