1762944809458 0.06463746726512909 1
1762944809479 0.0324842743575573 2
1762944809490 0.030964266508817673 3
1762944809501 0.030673155561089516 4
1762944809508 0.03039422444999218 5
1762944809522 0.030644994229078293 6
1762944809522 0.03018750436604023 7
1762944809540 0.030046449974179268 8
1762944809540 0.03018765337765217 9
1762944809563 0.030115891247987747 10
1762944809577 0.02999890223145485 11
1762944809588 0.030135413631796837 12
1762944809590 0.030384404584765434 13
1762944809608 0.02991991490125656 14
1762944809613 0.0300624817609787 15
1762944809623 0.029896099120378494 16
1762944809639 0.030009770765900612 17
1762944809645 0.029916459694504738 18
1762944809657 0.02992160990834236 19
1762944809657 0.02998751401901245 20
1762944809673 0.029947858303785324 21
1762944809690 0.029949182644486427 22
1762944809695 0.029958024621009827 23
1762944809707 0.02997295744717121 24
1762944809707 0.030011091381311417 25
1762944809723 0.029936492443084717 26
