1762944688009 1.226733684539795 1
1762944688036 1.161010980606079 2
1762944688087 1.0354622602462769 3
1762944688115 0.9256683588027954 4
1762944688146 0.7831863164901733 5
1762944688178 0.6723417639732361 6
1762944688214 0.5384648442268372 7
1762944688243 0.458953320980072 8
1762944688275 0.38122692704200745 9
1762944688311 0.3214232921600342 10
1762944688337 0.26256805658340454 11
1762944688369 0.23394684493541718 12
1762944688400 0.21344712376594543 13
1762944688436 0.19644451141357422 14
1762944688462 0.18421752750873566 15
1762944688493 0.18028624355793 16
1762944688531 0.17521190643310547 17
1762944688565 0.17211221158504486 18
1762944688598 0.17018915712833405 19
1762944688629 0.16542893648147583 20
1762944688660 0.16497856378555298 21
1762944688700 0.1609131544828415 22
1762944688747 0.15815241634845734 23
1762944688797 0.1558188647031784 24
1762944688832 0.15257862210273743 25
1762944688879 0.14832660555839539 26
1762944688941 0.1426582932472229 27
1762944688992 0.13932034373283386 28
1762944689033 0.1354864090681076 29
1762944689086 0.13176797330379486 30
1762944689139 0.12869949638843536 31
1762944689193 0.125055193901062 32
1762944689243 0.12512153387069702 33
1762944689280 0.12388872355222702 34
1762944689316 0.12477733939886093 35
1762944689363 0.12581391632556915 36
1762944689416 0.12258867174386978 37
1762944689464 0.12202528119087219 38
1762944689510 0.12031695246696472 39
1762944689572 0.12120171636343002 40
1762944689632 0.11857711523771286 41
1762944689682 0.1183251366019249 42
1762944689752 0.11894327402114868 43
1762944689798 0.11753477156162262 44
1762944689857 0.11823847144842148 45
1762944689884 0.118016816675663 46
1762944689918 0.11673878133296967 47
1762944689953 0.11608660221099854 48
1762944689993 0.11474177241325378 49
1762944690025 0.11642889678478241 50
1762944690072 0.11514683812856674 51
1762944690102 0.11451368033885956 52
1762944690134 0.11490631103515625 53
1762944690168 0.11542338877916336 54
1762944690208 0.11509833484888077 55
1762944690247 0.11486450582742691 56
1762944690283 0.11351793259382248 57
1762944690306 0.11361817270517349 58
1762944690353 0.11170735210180283 59
1762944690389 0.11302662640810013 60
1762944690436 0.11053257435560226 61
1762944690483 0.11166689544916153 62
1762944690526 0.11180828511714935 63
1762944690573 0.11231443285942078 64
1762944690617 0.11319715529680252 65
1762944690652 0.11224803328514099 66
1762944690689 0.11154133081436157 67
1762944690740 0.11262360960245132 68
1762944690775 0.11094308644533157 69
1762944690817 0.11133064329624176 70
1762944690853 0.10975844413042068 71
1762944690900 0.10946901887655258 72
1762944690937 0.11090170592069626 73
1762944690982 0.11078129708766937 74
1762944691017 0.10887940973043442 75
1762944691070 0.10970155894756317 76
1762944691098 0.11045744270086288 77
1762944691147 0.11023756861686707 78
1762944691185 0.10982036590576172 79
1762944691226 0.10869010537862778 80
1762944691274 0.11144553124904633 81
1762944691311 0.1101297065615654 82
1762944691351 0.10968063026666641 83
1762944691392 0.10876017808914185 84
1762944691418 0.10816258937120438 85
1762944691451 0.10889431834220886 86
1762944691502 0.10936024785041809 87
1762944691536 0.10832676291465759 88
1762944691585 0.10748720169067383 89
1762944691618 0.1088516116142273 90
1762944691649 0.10995426774024963 91
