1762944688009 2.4434916973114014 1
1762944688055 2.1766722202301025 2
1762944688096 1.7453360557556152 3
1762944688115 1.454516887664795 4
1762944688146 1.0184160470962524 5
1762944688178 0.7534233927726746 6
1762944688223 0.4657650887966156 7
1762944688243 0.34186553955078125 8
1762944688275 0.23801489174365997 9
1762944688320 0.1717762053012848 10
1762944688337 0.1106753796339035 11
1762944688369 0.0900469422340393 12
1762944688400 0.07404205203056335 13
1762944688445 0.06212843582034111 14
1762944688462 0.05497315153479576 15
1762944688493 0.05244086682796478 16
1762944688540 0.048297882080078125 17
1762944688576 0.04783356189727783 18
1762944688598 0.04644932970404625 19
1762944688629 0.04409131780266762 20
1762944688660 0.044358380138874054 21
1762944688715 0.04211848974227905 22
1762944688765 0.04098532348871231 23
1762944688809 0.03965937718749046 24
1762944688847 0.03862418606877327 25
1762944688894 0.03626822680234909 26
1762944688957 0.03419749438762665 27
1762944689010 0.033915627747774124 28
1762944689050 0.032780423760414124 29
1762944689096 0.03179217875003815 30
1762944689150 0.03095730021595955 31
1762944689211 0.029111281037330627 32
1762944689249 0.02968612127006054 33
1762944689296 0.02952718921005726 34
1762944689332 0.029801269993185997 35
1762944689379 0.02994542010128498 36
1762944689428 0.028678853064775467 37
1762944689464 0.02854343131184578 38
1762944689526 0.02843429706990719 39
1762944689593 0.02843516506254673 40
1762944689656 0.027489585801959038 41
1762944689712 0.0274814460426569 42
1762944689759 0.027593130245804787 43
1762944689817 0.028216741979122162 44
1762944689868 0.027886325493454933 45
1762944689901 0.027855707332491875 46
1762944689934 0.02742020972073078 47
1762944689975 0.027326157316565514 48
1762944689993 0.02640591561794281 49
1762944690034 0.027595801278948784 50
1762944690081 0.026873456314206123 51
1762944690102 0.026636740192770958 52
1762944690134 0.02695661224424839 53
1762944690168 0.027239933609962463 54
1762944690220 0.027415873482823372 55
1762944690257 0.026722174137830734 56
1762944690294 0.02671048603951931 57
1762944690321 0.026916394010186195 58
1762944690353 0.026003990322351456 59
1762944690400 0.026722680777311325 60
1762944690447 0.026050914078950882 61
1762944690499 0.026044584810733795 62
1762944690542 0.026028143242001534 63
1762944690573 0.026689469814300537 64
1762944690629 0.026646794751286507 65
1762944690669 0.02641739882528782 66
1762944690703 0.0263784471899271 67
1762944690750 0.02649557590484619 68
1762944690786 0.02629960887134075 69
1762944690819 0.026226913556456566 70
1762944690868 0.025929521769285202 71
1762944690917 0.025436395779252052 72
1762944690961 0.026182884350419044 73
1762944691001 0.02610742300748825 74
1762944691033 0.0258831474930048 75
1762944691072 0.02604340761899948 76
1762944691116 0.026201806962490082 77
1762944691147 0.02587118372321129 78
1762944691186 0.025941258296370506 79
1762944691235 0.025661448016762733 80
1762944691286 0.02636723220348358 81
1762944691323 0.025821173563599586 82
1762944691352 0.02638324536383152 83
1762944691402 0.025857029482722282 84
1762944691435 0.025886066257953644 85
1762944691467 0.025930074974894524 86
1762944691509 0.02543376386165619 87
1762944691536 0.025525769218802452 88
1762944691585 0.025267863646149635 89
1762944691618 0.026016417890787125 90
1762944691665 0.026022493839263916 91
