1762261688396 9.999999747378752e-06 1
1762261688428 5.949999831500463e-05 2
1762261688451 0.00010900000052060932 3
1762261688472 0.0001584999990882352 4
1762261688483 0.00020799999765586108 5
1762261688514 0.0002575000107754022 6
1762261688529 0.00030700000934302807 7
1762261688562 0.00035650000791065395 8
1762261688584 0.00040600000647827983 9
1762261688592 0.0004555000050459057 10
1762261688627 0.0005050000036135316 11
1762261688649 0.000554499973077327 12
1762261688670 0.0006040000007487833 13
1762261688686 0.0006535000284202397 14
1762261688718 0.0007029999978840351 15
1762261688733 0.0007525000255554914 16
1762261688763 0.0008019999950192869 17
1762261688779 0.0008515000226907432 18
1762261688808 0.0009009999921545386 19
1762261688826 0.000950500019825995 20
1762261688842 0.0010000000474974513 21
1762261688875 0.0009996530134230852 22
1762261688897 0.0009986128425225616 23
1762261688919 0.0009968808153644204 24
1762261688943 0.0009944597259163857 25
1762261688965 0.0009913534158840775 26
1762261688982 0.0009875664254650474 27
1762261688998 0.00098310480825603 28
1762261689030 0.0009779754327610135 29
1762261689045 0.00097218609880656 30
1762261689061 0.0009657457703724504 31
1762261689092 0.0009586644009687006 32
1762261689107 0.0009509529336355627 33
1762261689138 0.0009426231845282018 34
1762261689154 0.0009336880757473409 35
1762261689185 0.0009241613443009555 36
1762261689201 0.0009140576585195959 37
1762261689232 0.0009033926180563867 38
1762261689249 0.0008921826956793666 39
1762261689264 0.0008804451208561659 40
1762261689302 0.0008681980543769896 41
1762261689326 0.0008554603555239737 42
1762261689341 0.000842251640278846 43
1762261689357 0.0008285922813229263 44
1762261689388 0.0008145033498294652 45
1762261689418 0.0008000066154636443 46
1762261689441 0.0007851243717595935 47
1762261689463 0.0007698795525357127 48
1762261689483 0.0007542957318946719 49
