1762261688374 0.33237209916114807 1
1762261688407 0.30307430028915405 2
1762261688431 0.24082569777965546 3
1762261688454 0.1910000592470169 4
1762261688476 0.16701175272464752 5
1762261688498 0.15216372907161713 6
1762261688514 0.14094573259353638 7
1762261688529 0.1331499218940735 8
1762261688565 0.12749460339546204 9
1762261688587 0.12151698768138885 10
1762261688608 0.11924578994512558 11
1762261688631 0.11628054082393646 12
1762261688653 0.11540306359529495 13
1762261688670 0.114369235932827 14
1762261688686 0.11023017019033432 15
1762261688721 0.1032867431640625 16
1762261688733 0.09870557487010956 17
1762261688763 0.09626732021570206 18
1762261688779 0.09533139318227768 19
1762261688811 0.09380365908145905 20
1762261688826 0.09359388053417206 21
1762261688842 0.09262526780366898 22
1762261688878 0.09459999203681946 23
1762261688900 0.08807872235774994 24
1762261688921 0.08853861689567566 25
1762261688946 0.08576890081167221 26
1762261688968 0.08495426923036575 27
1762261688982 0.08249671757221222 28
1762261688998 0.08063341677188873 29
1762261689030 0.07938621938228607 30
1762261689045 0.07774381339550018 31
1762261689078 0.07529158145189285 32
1762261689092 0.07527457922697067 33
1762261689107 0.07459930330514908 34
1762261689138 0.07330598682165146 35
1762261689154 0.07416584342718124 36
1762261689185 0.07373996078968048 37
1762261689201 0.07299694418907166 38
1762261689236 0.07257027179002762 39
1762261689249 0.07146279513835907 40
1762261689281 0.07139395922422409 41
1762261689305 0.07184036076068878 42
1762261689326 0.07222549617290497 43
1762261689341 0.0710262879729271 44
1762261689373 0.07158338278532028 45
1762261689388 0.0715862289071083 46
1762261689421 0.07031778991222382 47
1762261689445 0.07046571373939514 48
1762261689467 0.0698658674955368 49
