1762262029622 0.013972708955407143 1
1762262029622 0.007772516924887896 2
1762262029642 0.007759599946439266 3
1762262029649 0.007755073253065348 4
1762262029656 0.007749049458652735 5
1762262029663 0.007752616889774799 6
1762262029670 0.007748627569526434 7
1762262029677 0.007747544441372156 8
1762262029683 0.007748335134238005 9
1762262029690 0.007747630588710308 10
1762262029696 0.007747214753180742 11
1762262029700 0.007747308816760778 12
1762262029700 0.007747808936983347 13
1762262029716 0.007747309748083353 14
1762262029716 0.007747316267341375 15
1762262029716 0.007747310679405928 16
1762262029732 0.007747381925582886 17
1762262029732 0.00774809205904603 18
1762262029749 0.007747291587293148 19
1762262029755 0.007746965158730745 20
1762262029762 0.007747219875454903 21
1762262029770 0.0077471258118748665 22
1762262029776 0.007747106719762087 23
1762262029777 0.007746987510472536 24
1762262029777 0.007747299037873745 25
1762262029792 0.007747064344584942 26
1762262029792 0.00774698331952095 27
