1762261841864 0.02026534453034401 1
1762261841890 0.007910904474556446 2
1762261841898 0.007798714563250542 3
1762261841904 0.00776212103664875 4
1762261841915 0.007776674348860979 5
1762261841922 0.007756546139717102 6
1762261841929 0.007758187595754862 7
1762261841937 0.007751090917736292 8
1762261841943 0.007749158889055252 9
1762261841950 0.007748403586447239 10
1762261841956 0.00774773582816124 11
1762261841963 0.00774698331952095 12
1762261841963 0.007747532334178686 13
1762261841963 0.007748017553240061 14
1762261841981 0.007747040595859289 15
1762261841981 0.007749131880700588 16
1762261841981 0.007749277167022228 17
1762261841997 0.007748923730105162 18
1762261841997 0.0077480231411755085 19
1762261842016 0.007747897412627935 20
1762261842022 0.007748825941234827 21
1762261842029 0.007747197523713112 22
1762261842035 0.0077475570142269135 23
1762261842042 0.0077470955438911915 24
1762261842048 0.007747034076601267 25
1762261842055 0.007747008465230465 26
