1762261688374 0.16698119044303894 1
1762261688414 0.13922002911567688 2
1762261688437 0.09245335310697556 3
1762261688456 0.06049535796046257 4
1762261688483 0.046677518635988235 5
1762261688498 0.03874259069561958 6
1762261688514 0.03312525525689125 7
1762261688545 0.029546521604061127 8
1762261688571 0.027131646871566772 9
1762261688592 0.024690089747309685 10
1762261688608 0.023857375606894493 11
1762261688637 0.022743728011846542 12
1762261688654 0.022525561973452568 13
1762261688670 0.02209862507879734 14
1762261688705 0.020427731797099113 15
1762261688728 0.017953362315893173 16
1762261688751 0.016644110903143883 17
1762261688763 0.015587756410241127 18
1762261688796 0.01503562368452549 19
1762261688811 0.014437085948884487 20
1762261688826 0.014493348076939583 21
1762261688862 0.014085776172578335 22
1762261688885 0.014810389839112759 23
1762261688907 0.013074960559606552 24
1762261688921 0.013164328411221504 25
1762261688952 0.012620734050869942 26
1762261688974 0.01261336449533701 27
1762261688982 0.01193153578788042 28
1762261689019 0.012098792940378189 29
1762261689030 0.011397678405046463 30
1762261689061 0.011150350794196129 31
1762261689085 0.010668102651834488 32
1762261689092 0.01096975989639759 33
1762261689130 0.010519402101635933 34
1762261689138 0.010435654781758785 35
1762261689169 0.010790708474814892 36
1762261689185 0.010427857749164104 37
1762261689220 0.010633216239511967 38
1762261689242 0.010271826758980751 39
1762261689264 0.009963948279619217 40
1762261689289 0.010074259713292122 41
1762261689310 0.010296113789081573 42
1762261689326 0.01013894472271204 43
1762261689357 0.01003850158303976 44
1762261689373 0.010039273649454117 45
1762261689404 0.010227654129266739 46
1762261689428 0.009799512103199959 47
1762261689451 0.009898287244141102 48
1762261689467 0.009740535169839859 49
