1762279301910 0.05400412902235985 1
1762279301935 0.010657595470547676 2
1762279301945 0.009266719222068787 3
1762279301954 0.008543246425688267 4
1762279301963 0.008038441650569439 5
1762279301971 0.007657849229872227 6
1762279301980 0.007365904748439789 7
1762279301988 0.0071314615197479725 8
1762279301996 0.006934021599590778 9
1762279302004 0.006756467279046774 10
1762279302013 0.00663854880258441 11
1762279302021 0.006526893004775047 12
1762279302029 0.006431116256862879 13
1762279302037 0.0063388836570084095 14
1762279302045 0.006255861837416887 15
1762279302045 0.006225748918950558 16
1762279302061 0.006173647008836269 17
1762279302061 0.006154933013021946 18
1762279302077 0.0061087459325790405 19
1762279302086 0.006060657557100058 20
1762279302093 0.006043682340532541 21
1762279302101 0.006037021055817604 22
1762279302109 0.0060117500834167 23
1762279302112 0.006034183781594038 24
1762279302112 0.005990265868604183 25
1762279302127 0.005986250005662441 26
1762279302127 0.005979356821626425 27
1762279302149 0.005945570766925812 28
1762279302154 0.005911453161388636 29
1762279302154 0.005897864233702421 30
1762279302172 0.005853219423443079 31
1762279302179 0.005805071443319321 32
1762279302187 0.005758326966315508 33
1762279302195 0.005675803869962692 34
1762279302201 0.005656961817294359 35
1762279302201 0.005674307234585285 36
1762279302217 0.0056294905953109264 37
1762279302217 0.00562329264357686 38
1762279302234 0.005559907294809818 39
1762279302242 0.005552570801228285 40
1762279302250 0.005493476055562496 41
1762279302258 0.005520442500710487 42
1762279302265 0.0054323626682162285 43
1762279302273 0.005461166612803936 44
1762279302282 0.005403504706919193 45
1762279302292 0.005420241039246321 46
1762279302301 0.005354888737201691 47
1762279302310 0.005348284728825092 48
1762279302311 0.00534680625423789 49
1762279302327 0.005332458298653364 50
1762279302327 0.005337702576071024 51
1762279302342 0.005324128549546003 52
1762279302342 0.005322945769876242 53
1762279302367 0.005290201399475336 54
1762279302373 0.005285315215587616 55
1762279302373 0.005244649015367031 56
1762279302389 0.005197017919272184 57
1762279302389 0.0052097211591899395 58
1762279302402 0.005131181329488754 59
1762279302418 0.00516094733029604 60
1762279302418 0.00513904495164752 61
1762279302433 0.005127590149641037 62
1762279302433 0.005051581189036369 63
1762279302449 0.0051241787150502205 64
1762279302449 0.005026974715292454 65
1762279302470 0.005043061450123787 66
1762279302479 0.005015515722334385 67
1762279302483 0.005017223302274942 68
1762279302483 0.00505788903683424 69
1762279302503 0.005011486820876598 70
1762279302511 0.004959456622600555 71
1762279302520 0.005003512371331453 72
1762279302530 0.0049382527358829975 73
1762279302530 0.004966051783412695 74
1762279302545 0.0049867089837789536 75
1762279302545 0.004914453718811274 76
1762279302562 0.004895369987934828 77
1762279302569 0.004845688585191965 78
1762279302577 0.0049026766791939735 79
1762279302585 0.0048798141069710255 80
1762279302593 0.00485636480152607 81
1762279302596 0.004843262955546379 82
1762279302596 0.004791552200913429 83
1762279302617 0.004816736094653606 84
1762279302625 0.004737988580018282 85
1762279302634 0.004778807982802391 86
1762279302642 0.004765416029840708 87
1762279302650 0.004839118104428053 88
1762279302658 0.004705704748630524 89
1762279302666 0.004763572942465544 90
1762279302674 0.004682785365730524 91
1762279302679 0.004721020348370075 92
1762279302679 0.004697468131780624 93
1762279302695 0.004669631365686655 94
1762279302695 0.004723503254354 95
1762279302710 0.004651122260838747 96
1762279302710 0.004620961379259825 97
1762279302726 0.0045734187588095665 98
1762279302726 0.004597384948283434 99
1762279302741 0.004537597298622131 100
