1762278762010 0.02450193278491497 1
1762278762026 0.012089776806533337 2
1762278762035 0.010662396438419819 3
1762278762045 0.009726574644446373 4
1762278762053 0.009155021980404854 5
1762278762062 0.008787655271589756 6
1762278762069 0.008462912403047085 7
1762278762078 0.008296729065477848 8
1762278762085 0.00812985748052597 9
1762278762093 0.007982156239449978 10
1762278762101 0.008051265962421894 11
1762278762109 0.007808920927345753 12
1762278762109 0.007883894257247448 13
1762278762109 0.007646739948540926 14
1762278762124 0.007704641669988632 15
1762278762140 0.007483579218387604 16
1762278762140 0.007594222202897072 17
1762278762156 0.007483596447855234 18
1762278762156 0.007514198776334524 19
1762278762171 0.007400026544928551 20
1762278762171 0.007431356701999903 21
1762278762193 0.007383722811937332 22
1762278762200 0.007305162027478218 23
1762278762208 0.007260899990797043 24
1762278762208 0.007203707471489906 25
1762278762224 0.007128103170543909 26
1762278762224 0.007067658472806215 27
1762278762240 0.007048652973026037 28
1762278762247 0.0070013790391385555 29
1762278762255 0.006966705899685621 30
1762278762263 0.006902648601680994 31
1762278762270 0.006944895256310701 32
1762278762270 0.006966821849346161 33
1762278762286 0.006827553268522024 34
1762278762297 0.006853594444692135 35
1762278762306 0.006815467495471239 36
1762278762314 0.006835276260972023 37
1762278762318 0.006849862169474363 38
1762278762333 0.006753065157681704 39
1762278762333 0.006761323194950819 40
1762278762353 0.006643819157034159 41
1762278762361 0.006668698973953724 42
1762278762368 0.006768009625375271 43
1762278762377 0.006756677757948637 44
1762278762387 0.0066238283179700375 45
1762278762395 0.0065587349236011505 46
1762278762403 0.006524187978357077 47
1762278762411 0.006507324054837227 48
1762278762420 0.006521531380712986 49
1762278762429 0.006465855985879898 50
1762278762437 0.006390474271029234 51
1762278762449 0.0063777705654501915 52
1762278762458 0.006359696853905916 53
1762278762458 0.006298580672591925 54
1762278762469 0.0062906802631914616 55
1762278762469 0.0062760547734797 56
1762278762485 0.006244604475796223 57
1762278762501 0.006242707371711731 58
1762278762507 0.0064544472843408585 59
1762278762507 0.006524042692035437 60
1762278762526 0.0062798671424388885 61
1762278762533 0.006196146830916405 62
1762278762542 0.006257688160985708 63
1762278762549 0.006158287171274424 64
1762278762557 0.006136745680123568 65
1762278762565 0.006108791567385197 66
