1762268991663 4.999999873689376e-05 1
1762268991697 0.00029749999521300197 2
1762268991728 0.0005450000171549618 3
1762268991755 0.0007924999808892608 4
1762268991772 0.0010400000028312206 5
1762268991810 0.0012875000247731805 6
1762268991838 0.0015350000467151403 7
1762268991866 0.0017824999522417784 8
1762268991896 0.00203000009059906 9
1762268991925 0.002277499996125698 10
1762268991946 0.002524999901652336 11
1762268991983 0.002772500040009618 12
1762268992013 0.003019999945536256 13
1762268992041 0.0032675000838935375 14
1762268992080 0.0035149999894201756 15
1762268992108 0.0037624998949468136 16
1762268992141 0.004009999800473452 17
1762268992174 0.004257500171661377 18
1762268992211 0.004505000077188015 19
1762268992241 0.004752499982714653 20
1762268992279 0.004999999888241291 21
1762268992309 0.00499826529994607 22
1762268992326 0.004993063863366842 23
1762268992369 0.00498440396040678 24
1762268992402 0.004972298629581928 25
1762268992428 0.004956766963005066 26
1762268992458 0.004937832243740559 27
1762268992491 0.004915524274110794 28
1762268992531 0.004889877047389746 29
