1762268991649 0.20004057884216309 1
1762268991680 0.14767888188362122 2
1762268991708 0.11665699630975723 3
1762268991735 0.10390125215053558 4
1762268991762 0.09285677969455719 5
1762268991789 0.07925570756196976 6
1762268991817 0.07356856018304825 7
1762268991846 0.06859423220157623 8
1762268991876 0.06575720757246017 9
1762268991897 0.06466044485569 10
1762268991930 0.06372083723545074 11
1762268991962 0.06248684972524643 12
1762268991991 0.062318891286849976 13
1762268992022 0.061956875026226044 14
1762268992057 0.06190918758511543 15
1762268992085 0.05975433439016342 16
1762268992108 0.06009693816304207 17
1762268992158 0.05976538360118866 18
1762268992191 0.06314155459403992 19
1762268992224 0.06039881333708763 20
1762268992257 0.06305798888206482 21
1762268992286 0.06262419372797012 22
1762268992318 0.06248931214213371 23
1762268992348 0.06373382359743118 24
1762268992380 0.060064710676670074 25
1762268992413 0.06137298420071602 26
1762268992441 0.059092264622449875 27
1762268992474 0.05942932888865471 28
1762268992510 0.05924622714519501 29
