1762268991653 0.06666047871112823 1
1762268991684 0.03795207291841507 2
1762268991711 0.02419103868305683 3
1762268991739 0.01906246319413185 4
1762268991766 0.015513329766690731 5
1762268991794 0.011970478110015392 6
1762268991821 0.010661974549293518 7
1762268991850 0.009385818615555763 8
1762268991880 0.008854081854224205 9
1762268991909 0.008528201840817928 10
1762268991930 0.00838793721050024 11
1762268991963 0.008043257519602776 12
1762268991995 0.00809420831501484 13
1762268992028 0.008068154565989971 14
1762268992062 0.008000722154974937 15
1762268992093 0.0074820322915911674 16
1762268992124 0.007652599364519119 17
1762268992158 0.007587355095893145 18
1762268992197 0.00822711642831564 19
1762268992224 0.007691751234233379 20
1762268992257 0.00813618116080761 21
1762268992291 0.008111316710710526 22
1762268992321 0.008063437417149544 23
1762268992352 0.008329601027071476 24
1762268992382 0.007710122969001532 25
1762268992420 0.00794633012264967 26
1762268992441 0.007465789560228586 27
1762268992474 0.007647294085472822 28
1762268992515 0.007679314352571964 29
