1762767842035 0.06613419950008392 1
1762767842057 0.047360531985759735 2
1762767842057 0.047300804406404495 3
1762767842076 0.04725373536348343 4
1762767842085 0.04725959897041321 5
1762767842095 0.047230314463377 6
1762767842104 0.04723445698618889 7
1762767842106 0.04723444581031799 8
1762767842106 0.04723406955599785 9
1762767842122 0.04723183065652847 10
1762767842138 0.04722856357693672 11
1762767842138 0.047237738966941833 12
1762767842153 0.04723123461008072 13
1762767842153 0.04723426327109337 14
1762767842169 0.047228675335645676 15
1762767842169 0.04723159968852997 16
1762767842184 0.04722798243165016 17
1762767842184 0.047231633216142654 18
1762767842200 0.047228679060935974 19
1762767842200 0.0472281277179718 20
1762767842216 0.04723017290234566 21
1762767842231 0.047229230403900146 22
1762767842231 0.04722900688648224 23
1762767842247 0.0472281277179718 24
1762767842247 0.04722989723086357 25
1762767842263 0.0472281277179718 26
