1762767777303 0.1343342661857605 1
1762767777320 0.05004066973924637 2
1762767777325 0.04812624678015709 3
1762767777338 0.047938358038663864 4
1762767777338 0.04761885106563568 5
1762767777359 0.04744789004325867 6
1762767777368 0.04737655073404312 7
1762767777377 0.047348447144031525 8
1762767777387 0.047281358391046524 9
1762767777403 0.04732423275709152 10
1762767777403 0.047250717878341675 11
1762767777418 0.047322843223810196 12
1762767777434 0.04733504354953766 13
1762767777434 0.04727134108543396 14
1762767777449 0.04729603976011276 15
1762767777449 0.04723880812525749 16
1762767777465 0.04729471728205681 17
1762767777465 0.04725617542862892 18
1762767777481 0.0472659133374691 19
1762767777481 0.047248270362615585 20
1762767777496 0.04725102707743645 21
1762767777512 0.04729027301073074 22
1762767777512 0.047264933586120605 23
1762767777528 0.04723023995757103 24
1762767777528 0.047226037830114365 25
1762767777543 0.04725908488035202 26
