1762944418186 9.999999747378752e-06 1
1762944418220 5.949999831500463e-05 2
1762944418252 0.00010900000052060932 3
1762944418276 0.0001584999990882352 4
1762944418307 0.00020799999765586108 5
1762944418345 0.0002575000107754022 6
1762944418367 0.00030700000934302807 7
1762944418398 0.00035650000791065395 8
1762944418430 0.00040600000647827983 9
1762944418461 0.0004555000050459057 10
1762944418502 0.0005050000036135316 11
1762944418527 0.000554499973077327 12
1762944418558 0.0006040000007487833 13
1762944418589 0.0006535000284202397 14
1762944418620 0.0007029999978840351 15
1762944418651 0.0007525000255554914 16
1762944418683 0.0008019999950192869 17
1762944418714 0.0008515000226907432 18
1762944418745 0.0009009999921545386 19
1762944418783 0.000950500019825995 20
1762944418808 0.0010000000474974513 21
1762944418839 0.0009996530134230852 22
1762944418870 0.0009986128425225616 23
1762944418901 0.0009968808153644204 24
1762944418933 0.0009944597259163857 25
1762944418964 0.0009913534158840775 26
1762944418995 0.0009875664254650474 27
1762944419028 0.00098310480825603 28
1762944419057 0.0009779754327610135 29
1762944419089 0.00097218609880656 30
1762944419124 0.0009657457703724504 31
1762944419151 0.0009586644009687006 32
1762944419182 0.0009509529336355627 33
1762944419219 0.0009426231845282018 34
1762944419245 0.0009336880757473409 35
1762944419276 0.0009241613443009555 36
1762944419307 0.0009140576585195959 37
1762944419339 0.0009033926180563867 38
1762944419370 0.0008921826956793666 39
1762944419401 0.0008804451208561659 40
1762944419432 0.0008681980543769896 41
1762944419463 0.0008554603555239737 42
