1762944471693 0.04434162750840187 1
1762944471698 0.029621116816997528 2
1762944471698 0.02946735918521881 3
1762944471722 0.02937896177172661 4
1762944471722 0.029335051774978638 5
1762944471743 0.029178086668252945 6
1762944471753 0.029291190207004547 7
1762944471762 0.029201261699199677 8
1762944471771 0.029249446466565132 9
1762944471771 0.02923242561519146 10
1762944471787 0.029182257130742073 11
1762944471787 0.02920963615179062 12
1762944471809 0.029184600338339806 13
1762944471817 0.02919507771730423 14
1762944471827 0.029195208102464676 15
1762944471836 0.02918335609138012 16
1762944471839 0.02917088381946087 17
1762944471854 0.029180094599723816 18
1762944471854 0.029179098084568977 19
1762944471870 0.029170550405979156 20
1762944471870 0.029193563386797905 21
1762944471885 0.029198050498962402 22
1762944471885 0.029199346899986267 23
1762944471908 0.029212268069386482 24
1762944471917 0.02917252853512764 25
1762944471917 0.029180152341723442 26
1762944471935 0.029179364442825317 27
