1762944418152 0.706426739692688 1
1762944418186 0.6060022115707397 2
1762944418224 0.49644580483436584 3
1762944418256 0.38790905475616455 4
1762944418276 0.3159344792366028 5
1762944418307 0.2697702646255493 6
1762944418349 0.23578788340091705 7
1762944418383 0.21147073805332184 8
1762944418398 0.19750961661338806 9
1762944418430 0.18822862207889557 10
1762944418461 0.18271327018737793 11
1762944418506 0.16981352865695953 12
1762944418527 0.16330893337726593 13
1762944418558 0.15653561055660248 14
1762944418589 0.15484392642974854 15
1762944418620 0.15127161145210266 16
1762944418651 0.14157810807228088 17
1762944418683 0.13746732473373413 18
1762944418714 0.13531599938869476 19
1762944418745 0.1317395269870758 20
1762944418787 0.12675847113132477 21
1762944418808 0.12321238219738007 22
1762944418839 0.11983782798051834 23
1762944418870 0.11853532493114471 24
1762944418901 0.11604700237512589 25
1762944418933 0.11290624737739563 26
1762944418964 0.11219704896211624 27
1762944418995 0.1131168082356453 28
1762944419033 0.10979864001274109 29
1762944419057 0.11186961829662323 30
1762944419089 0.1084703579545021 31
1762944419128 0.10953512042760849 32
1762944419151 0.10682295262813568 33
1762944419182 0.10724712163209915 34
1762944419224 0.10664839297533035 35
1762944419245 0.10561113059520721 36
1762944419276 0.10596659779548645 37
1762944419307 0.10453971475362778 38
1762944419339 0.10603320598602295 39
1762944419370 0.104008749127388 40
1762944419401 0.10303057730197906 41
1762944419437 0.10367660969495773 42
