1762944536861 0.034728843718767166 1
1762944536869 0.029269836843013763 2
1762944536869 0.029421670362353325 3
1762944536895 0.029172617942094803 4
1762944536909 0.029174597933888435 5
1762944536909 0.029162196442484856 6
1762944536924 0.029170868918299675 7
1762944536940 0.029185736551880836 8
1762944536941 0.029216967523097992 9
1762944536957 0.029153697192668915 10
1762944536974 0.02910902164876461 11
1762944536984 0.028091495856642723 12
1762944536995 0.024759026244282722 13
1762944537008 0.023969003930687904 14
1762944537008 0.023535756394267082 15
1762944537024 0.02346143126487732 16
1762944537039 0.023349912837147713 17
1762944537055 0.023287950083613396 18
1762944537055 0.02328772470355034 19
1762944537073 0.02325316146016121 20
1762944537073 0.023262837901711464 21
1762944537088 0.023205500096082687 22
1762944537104 0.02322559431195259 23
1762944537104 0.023204481229186058 24
1762944537120 0.023149900138378143 25
1762944537135 0.023172296583652496 26
1762944537135 0.023169806227087975 27
1762944537151 0.02316521294414997 28
1762944537167 0.02311423234641552 29
1762944537179 0.023203160613775253 30
1762944537190 0.023168424144387245 31
1762944537195 0.023141736164689064 32
1762944537208 0.023107493296265602 33
1762944537224 0.023121023550629616 34
1762944537224 0.023127224296331406 35
1762944537240 0.02311580441892147 36
1762944537256 0.023130184039473534 37
1762944537256 0.023115351796150208 38
1762944537284 0.02308478206396103 39
1762944537296 0.02309807948768139 40
1762944537313 0.02308211289346218 41
1762944537328 0.0231217909604311 42
1762944537333 0.023118508979678154 43
1762944537349 0.02309725433588028 44
