1762944418152 0.8186968564987183 1
1762944418186 0.5935428142547607 2
1762944418234 0.4004373848438263 3
1762944418261 0.24202118813991547 4
1762944418292 0.16184177994728088 5
1762944418327 0.12067930400371552 6
1762944418351 0.0894022285938263 7
1762944418383 0.07272140681743622 8
1762944418414 0.06266521662473679 9
1762944418445 0.05636079981923103 10
1762944418484 0.05263461917638779 11
1762944418515 0.046530868858098984 12
1762944418542 0.04329724982380867 13
1762944418576 0.041112955659627914 14
1762944418605 0.0407535582780838 15
1762944418636 0.03859052434563637 16
1762944418667 0.034988246858119965 17
1762944418698 0.03360029309988022 18
1762944418730 0.033260367810726166 19
1762944418761 0.031750090420246124 20
1762944418796 0.030852176249027252 21
1762944418823 0.02940666489303112 22
1762944418855 0.028387263417243958 23
1762944418886 0.028288375586271286 24
1762944418917 0.02789304219186306 25
1762944418948 0.026171522215008736 26
1762944418980 0.026571976020932198 27
1762944419011 0.02637908048927784 28
1762944419041 0.02590099535882473 29
1762944419073 0.026623539626598358 30
1762944419106 0.026050657033920288 31
1762944419135 0.026395438238978386 32
1762944419167 0.025630155578255653 33
1762944419198 0.026006365194916725 34
1762944419233 0.025621676817536354 35
1762944419260 0.025237154215574265 36
1762944419292 0.025467170402407646 37
1762944419323 0.02513263374567032 38
1762944419354 0.025257444009184837 39
1762944419370 0.02516806125640869 40
1762944419401 0.025276202708482742 41
1762944419445 0.02531462162733078 42
