1762268460871 4.999999873689376e-05 1
1762268460900 0.00029749999521300197 2
1762268460926 0.0005450000171549618 3
1762268460941 0.0007924999808892608 4
1762268460978 0.0010400000028312206 5
1762268460995 0.0012875000247731805 6
1762268461026 0.0015350000467151403 7
1762268461056 0.0017824999522417784 8
1762268461083 0.00203000009059906 9
1762268461109 0.002277499996125698 10
1762268461158 0.002524999901652336 11
1762268461187 0.002772500040009618 12
1762268461213 0.003019999945536256 13
1762268461246 0.0032675000838935375 14
1762268461261 0.0035149999894201756 15
1762268461299 0.0037624998949468136 16
1762268461323 0.004009999800473452 17
1762268461338 0.004257500171661377 18
1762268461370 0.004505000077188015 19
1762268461405 0.004752499982714653 20
1762268461432 0.004999999888241291 21
1762268461448 0.00499826529994607 22
1762268461479 0.004993063863366842 23
1762268461494 0.00498440396040678 24
1762268461526 0.004972298629581928 25
1762268461561 0.004956766963005066 26
1762268461587 0.004937832243740559 27
1762268461613 0.004915524274110794 28
1762268461635 0.004889877047389746 29
1762268461651 0.004860930610448122 30
1762268461692 0.00482872873544693 31
1762268461709 0.004793322179466486 32
1762268461741 0.0047547644935548306 33
1762268461756 0.004713116213679314 34
1762268461787 0.004668440204113722 35
1762268461819 0.004620806779712439 36
1762268461834 0.004570288117974997 37
1762268461875 0.004516962915658951 38
1762268461902 0.004460913594812155 39
1762268461929 0.004402225837111473 40
1762268461955 0.004340990446507931 41
1762268461980 0.004277301486581564 42
1762268462006 0.004211258143186569 43
1762268462026 0.004142961464822292 44
1762268462058 0.004072516690939665 45
1762268462073 0.004000033251941204 46
