1762268460843 0.36401045322418213 1
1762268460876 0.21860437095165253 2
1762268460901 0.15033644437789917 3
1762268460930 0.1231439933180809 4
1762268460941 0.10829737037420273 5
1762268460979 0.09919009357690811 6
1762268460995 0.08775170147418976 7
1762268461026 0.07872871309518814 8
1762268461060 0.07026071101427078 9
1762268461087 0.0672106221318245 10
1762268461113 0.06517652422189713 11
1762268461163 0.06366109848022461 12
1762268461192 0.06402363628149033 13
1762268461213 0.062037792056798935 14
1762268461250 0.06303583830595016 15
1762268461261 0.06302635371685028 16
1762268461302 0.063763827085495 17
1762268461323 0.06320738047361374 18
1762268461354 0.06411368399858475 19
1762268461370 0.06643900275230408 20
1762268461409 0.0658513680100441 21
1762268461432 0.06154649332165718 22
1762268461448 0.06264692544937134 23
1762268461479 0.064346082508564 24
1762268461510 0.0642806738615036 25
1762268461526 0.061352428048849106 26
1762268461565 0.05968349054455757 27
1762268461588 0.058476272970438004 28
1762268461617 0.061180777847766876 29
1762268461635 0.06170424073934555 30
1762268461666 0.06006484106183052 31
1762268461696 0.05798523500561714 32
1762268461709 0.06245013698935509 33
1762268461741 0.062529057264328 34
1762268461772 0.056950800120830536 35
1762268461787 0.057271841913461685 36
1762268461819 0.05914701148867607 37
1762268461853 0.05451425164937973 38
1762268461879 0.05562411621212959 39
1762268461906 0.056557536125183105 40
1762268461933 0.05423340946435928 41
1762268461959 0.056956689804792404 42
1762268461980 0.05530084669589996 43
1762268462010 0.05404193326830864 44
1762268462026 0.055876344442367554 45
1762268462062 0.053665515035390854 46
