1762268460846 0.21703201532363892 1
1762268460884 0.0789564698934555 2
1762268460911 0.03833239525556564 3
1762268460938 0.02610766515135765 4
1762268460964 0.020365657284855843 5
1762268460979 0.017416777089238167 6
1762268461010 0.014296779409050941 7
1762268461042 0.011887992732226849 8
1762268461068 0.00994916632771492 9
1762268461094 0.009217781014740467 10
1762268461128 0.008829610422253609 11
1762268461172 0.008404463529586792 12
1762268461198 0.00865196157246828 13
1762268461213 0.008071941323578358 14
1762268461258 0.008203702978789806 15
1762268461276 0.008314360864460468 16
1762268461307 0.008277743123471737 17
1762268461323 0.008233156986534595 18
1762268461361 0.008258926682174206 19
1762268461388 0.00904989242553711 20
1762268461416 0.0087399547919631 21
1762268461432 0.008312318474054337 22
1762268461463 0.008258535526692867 23
1762268461494 0.008482072502374649 24
1762268461510 0.008482520468533039 25
1762268461541 0.008124974556267262 26
1762268461572 0.0076138111762702465 27
1762268461588 0.007465117610991001 28
1762268461625 0.007946989499032497 29
1762268461635 0.007869916036725044 30
1762268461677 0.007838980294764042 31
1762268461704 0.007517215330153704 32
1762268461725 0.008322928100824356 33
1762268461741 0.008587783202528954 34
1762268461772 0.007189101539552212 35
1762268461803 0.007203410845249891 36
1762268461834 0.00785515084862709 37
1762268461861 0.006808989215642214 38
1762268461887 0.006923091132193804 39
1762268461914 0.00721091078594327 40
1762268461940 0.006782849784940481 41
1762268461964 0.007330968976020813 42
1762268461980 0.006795633118599653 43
1762268462017 0.006793021224439144 44
1762268462042 0.007081556133925915 45
1762268462069 0.006751469802111387 46
