1762385848863 0.028023546561598778 1
1762385848870 0.013709121383726597 2
1762385848884 0.011993327178061008 3
1762385848888 0.011158129200339317 4
1762385848899 0.01095181331038475 5
1762385848899 0.010476464405655861 6
1762385848915 0.010526538826525211 7
1762385848930 0.010153383016586304 8
1762385848939 0.010219855234026909 9
1762385848948 0.010007659904658794 10
1762385848956 0.00993305817246437 11
1762385848964 0.01009006705135107 12
1762385848964 0.009942815639078617 13
1762385848981 0.009502341970801353 14
1762385848981 0.009751369245350361 15
1762385848998 0.009560327045619488 16
1762385848998 0.009200209751725197 17
1762385849017 0.009008225053548813 18
1762385849035 0.008979962207376957 19
1762385849043 0.00886036828160286 20
1762385849048 0.008870146237313747 21
1762385849048 0.008810414001345634 22
1762385849064 0.00876407790929079 23
1762385849064 0.008818477392196655 24
1762385849080 0.008833074942231178 25
1762385849080 0.008725257590413094 26
1762385849095 0.008709218353033066 27
1762385849095 0.008653397671878338 28
1762385849111 0.008635825477540493 29
1762385849111 0.008639100007712841 30
1762385849126 0.00855959765613079 31
1762385849126 0.008521993644535542 32
1762385849147 0.008453927002847195 33
1762385849147 0.008482060395181179 34
1762385849163 0.008406469598412514 35
1762385849163 0.008451701141893864 36
1762385849179 0.008334108628332615 37
1762385849179 0.008407472632825375 38
1762385849194 0.008392752148211002 39
