1762388864436 0.02898893691599369 1
1762388864452 0.011106325313448906 2
1762388864452 0.010419554077088833 3
1762388864470 0.009860093705356121 4
1762388864478 0.009348981082439423 5
1762388864487 0.009073728695511818 6
1762388864495 0.008802110329270363 7
1762388864501 0.008779388852417469 8
1762388864501 0.008801919408142567 9
1762388864516 0.008642970584332943 10
1762388864516 0.008448958396911621 11
1762388864532 0.008359638974070549 12
1762388864532 0.00834857951849699 13
1762388864548 0.008242434822022915 14
1762388864548 0.008309273049235344 15
1762388864563 0.00817935448139906 16
1762388864579 0.008136437274515629 17
1762388864579 0.00809989869594574 18
1762388864595 0.008081896230578423 19
1762388864595 0.007942473515868187 20
1762388864610 0.008028019219636917 21
1762388864610 0.0079887043684721 22
1762388864626 0.007984074763953686 23
1762388864626 0.00796988420188427 24
1762388864641 0.007925985381007195 25
1762388864641 0.007943646050989628 26
1762388864657 0.007937160320580006 27
1762388864657 0.007929823361337185 28
1762388864673 0.007839989848434925 29
1762388864673 0.007914628833532333 30
1762388864688 0.007830353453755379 31
1762388864701 0.007857228629291058 32
1762388864701 0.007826677523553371 33
1762388864718 0.007811518386006355 34
1762388864718 0.007840613834559917 35
1762388864735 0.0077775027602910995 36
1762388864735 0.007796712685376406 37
1762388864751 0.0077803730964660645 38
1762388864751 0.007775298319756985 39
1762388864767 0.007778337690979242 40
1762388864767 0.007827382534742355 41
1762388864782 0.0077751376666128635 42
1762388864782 0.00773991085588932 43
1762388864798 0.007719830609858036 44
1762388864798 0.007719225250184536 45
1762388864818 0.007747606839984655 46
1762388864818 0.007739159744232893 47
1762388864835 0.007816562429070473 48
1762388864835 0.007808924652636051 49
1762388864852 0.007740488275885582 50
1762388864852 0.007783086039125919 51
1762388864868 0.007707363460212946 52
1762388864868 0.007775851991027594 53
1762388864885 0.0077225216664373875 54
1762388864885 0.007674836553633213 55
1762388864901 0.0076793585903942585 56
1762388864901 0.007672525942325592 57
1762388864923 0.0076626199297606945 58
1762388864941 0.007585985120385885 59
1762388864949 0.007610036060214043 60
1762388864951 0.007557706441730261 61
1762388864951 0.007541745435446501 62
1762388864968 0.007617514114826918 63
1762388864968 0.007592746522277594 64
1762388864984 0.007473234552890062 65
1762388864984 0.007388679310679436 66
1762388865001 0.007440418470650911 67
1762388865001 0.007528076879680157 68
1762388865018 0.007552516646683216 69
1762388865018 0.007507905829697847 70
1762388865034 0.007496659178286791 71
1762388865034 0.00748472148552537 72
1762388865051 0.007434242404997349 73
1762388865051 0.007410610094666481 74
1762388865067 0.0074189333245158195 75
1762388865067 0.007535907439887524 76
1762388865083 0.007521988358348608 77
1762388865083 0.007548648864030838 78
1762388865098 0.0075829061679542065 79
1762388865098 0.007596313953399658 80
1762388865114 0.0075334166176617146 81
1762388865114 0.007485041860491037 82
1762388865129 0.007430841214954853 83
1762388865129 0.007524221204221249 84
1762388865145 0.0075193713419139385 85
1762388865161 0.007468683645129204 86
1762388865161 0.007371534593403339 87
1762388865176 0.007448891177773476 88
1762388865176 0.007379528135061264 89
1762388865192 0.007532669231295586 90
1762388865192 0.00737856375053525 91
1762388865208 0.007493473123759031 92
1762388865208 0.007346264086663723 93
1762388865223 0.007535229902714491 94
1762388865223 0.007298690266907215 95
1762388865239 0.00724009471014142 96
1762388865239 0.007259759120643139 97
1762388865254 0.007385678589344025 98
1762388865254 0.007406812161207199 99
1762388865270 0.007284391205757856 100
