1762257402803 9.999999747378752e-06 1
1762257402833 5.949999831500463e-05 2
1762257402856 0.00010900000052060932 3
1762257402865 0.0001584999990882352 4
1762257402899 0.00020799999765586108 5
1762257402906 0.0002575000107754022 6
1762257402937 0.00030700000934302807 7
1762257402964 0.00035650000791065395 8
1762257402986 0.00040600000647827983 9
1762257403008 0.0004555000050459057 10
1762257403029 0.0005050000036135316 11
1762257403051 0.000554499973077327 12
1762257403074 0.0006040000007487833 13
1762257403096 0.0006535000284202397 14
1762257403119 0.0007029999978840351 15
1762257403140 0.0007525000255554914 16
1762257403156 0.0008019999950192869 17
1762257403172 0.0008515000226907432 18
1762257403203 0.0009009999921545386 19
1762257403218 0.000950500019825995 20
1762257403234 0.0010000000474974513 21
1762257403265 0.0009996530134230852 22
1762257403281 0.0009986128425225616 23
1762257403312 0.0009968808153644204 24
1762257403334 0.0009944597259163857 25
1762257403344 0.0009913534158840775 26
1762257403378 0.0009875664254650474 27
1762257403390 0.00098310480825603 28
1762257403422 0.0009779754327610135 29
1762257403437 0.00097218609880656 30
1762257403454 0.0009657457703724504 31
1762257403486 0.0009586644009687006 32
1762257403500 0.0009509529336355627 33
1762257403516 0.0009426231845282018 34
1762257403551 0.0009336880757473409 35
1762257403562 0.0009241613443009555 36
1762257403595 0.0009140576585195959 37
1762257403621 0.0009033926180563867 38
1762257403632 0.0008921826956793666 39
1762257403663 0.0008804451208561659 40
1762257403679 0.0008681980543769896 41
1762257403694 0.0008554603555239737 42
1762257403726 0.000842251640278846 43
1762257403753 0.0008285922813229263 44
1762257403766 0.0008145033498294652 45
1762257403781 0.0008000066154636443 46
1762257403813 0.0007851243717595935 47
1762257403828 0.0007698795525357127 48
1762257403863 0.0007542957318946719 49
1762257403875 0.0007383968913927674 50
1762257403906 0.0007222075364552438 51
1762257403923 0.0007057526963762939 52
