1762257764068 0.05442918464541435 1
1762257764079 0.012672790326178074 2
1762257764085 0.008022116497159004 3
1762257764091 0.007073925342410803 4
1762257764098 0.006770532578229904 5
1762257764104 0.006477597635239363 6
1762257764111 0.006309054791927338 7
1762257764117 0.006101517006754875 8
1762257764124 0.005956234876066446 9
1762257764126 0.005832252092659473 10
1762257764126 0.005839519202709198 11
1762257764143 0.005784663371741772 12
1762257764149 0.00568543141707778 13
1762257764155 0.005691976752132177 14
1762257764161 0.005634007975459099 15
1762257764168 0.005635854788124561 16
1762257764168 0.005569134838879108 17
1762257764168 0.005473600700497627 18
1762257764184 0.00547798490151763 19
1762257764184 0.005433852318674326 20
1762257764184 0.005406201351433992 21
1762257764200 0.005356674548238516 22
1762257764200 0.005368857644498348 23
1762257764215 0.00532177509739995 24
1762257764215 0.005303638055920601 25
1762257764215 0.005267219617962837 26
1762257764231 0.0052452837117016315 27
1762257764231 0.005245693493634462 28
1762257764249 0.005163865629583597 29
1762257764255 0.005124421790242195 30
1762257764261 0.005115797743201256 31
1762257764268 0.005051007028669119 32
1762257764274 0.0049803066067397594 33
1762257764278 0.004965151660144329 34
1762257764278 0.004926543682813644 35
1762257764278 0.004874647129327059 36
1762257764293 0.004843493923544884 37
1762257764293 0.004812511615455151 38
1762257764309 0.00478103943169117 39
1762257764309 0.004695438779890537 40
1762257764309 0.004740675445646048 41
1762257764325 0.004724264610558748 42
1762257764325 0.004674095194786787 43
1762257764340 0.004651129711419344 44
1762257764340 0.00459633581340313 45
1762257764340 0.004523108247667551 46
1762257764359 0.004561044275760651 47
1762257764366 0.004447832703590393 48
1762257764372 0.004384735133498907 49
1762257764372 0.004376942291855812 50
1762257764372 0.004343841690570116 51
1762257764388 0.004306046292185783 52
1762257764388 0.004244182724505663 53
1762257764388 0.004141411278396845 54
1762257764403 0.004163284320384264 55
1762257764403 0.004095916170626879 56
1762257764419 0.004093416966497898 57
1762257764419 0.00403200788423419 58
1762257764419 0.003992805257439613 59
1762257764435 0.004003295209258795 60
1762257764447 0.003905516816303134 61
1762257764453 0.00382074317894876 62
1762257764459 0.0037977686151862144 63
1762257764466 0.0037779787089675665 64
1762257764472 0.0037365606985986233 65
1762257764476 0.003672480583190918 66
1762257764476 0.0036526459734886885 67
1762257764476 0.0036509050987660885 68
1762257764491 0.003616266418248415 69
1762257764491 0.003557876218110323 70
1762257764507 0.0035156819503754377 71
1762257764507 0.0034800060093402863 72
1762257764507 0.0035140039399266243 73
1762257764523 0.00345842563547194 74
1762257764523 0.0034418697468936443 75
1762257764538 0.0034455531276762486 76
1762257764538 0.0033025890588760376 77
1762257764538 0.003352334024384618 78
1762257764558 0.003318972187116742 79
1762257764564 0.003353940090164542 80
1762257764570 0.0033249924890697002 81
1762257764576 0.003316157730296254 82
1762257764582 0.003257912350818515 83
1762257764589 0.003277523908764124 84
1762257764595 0.003287903731688857 85
1762257764601 0.0032638043630868196 86
1762257764607 0.0032681033480912447 87
1762257764607 0.0032466568518429995 88
1762257764607 0.003210100345313549 89
1762257764623 0.003225205233320594 90
1762257764623 0.0032571409828960896 91
1762257764639 0.0032581654377281666 92
1762257764639 0.0032047496642917395 93
1762257764639 0.003196340287104249 94
1762257764658 0.0032028881832957268 95
1762257764664 0.0031603891402482986 96
1762257764673 0.0032049878500401974 97
1762257764679 0.0031673249322921038 98
1762257764684 0.003144327085465193 99
1762257764684 0.003193481592461467 100
