1762257589530 0.05994750186800957 1
1762257589530 0.01664479449391365 2
1762257589546 0.01022294256836176 3
1762257589551 0.00852399505674839 4
1762257589551 0.00800089631229639 5
1762257589568 0.007785707712173462 6
1762257589575 0.007605043705552816 7
1762257589581 0.007504716515541077 8
1762257589588 0.007395448163151741 9
1762257589594 0.007542109116911888 10
1762257589600 0.007377441506832838 11
1762257589600 0.007379497867077589 12
1762257589600 0.0072844745591282845 13
1762257589616 0.007229465525597334 14
1762257589616 0.00721592316403985 15
1762257589631 0.007130641024559736 16
1762257589638 0.0071560475043952465 17
1762257589644 0.007158422842621803 18
1762257589650 0.007072439882904291 19
1762257589657 0.007145987823605537 20
1762257589663 0.007032884284853935 21
1762257589669 0.007062710355967283 22
1762257589671 0.006971924565732479 23
1762257589671 0.007038375828415155 24
1762257589686 0.006936471909284592 25
1762257589686 0.006989934481680393 26
1762257589686 0.006913140416145325 27
1762257589702 0.006903050933033228 28
1762257589702 0.006906659342348576 29
1762257589717 0.00688939681276679 30
1762257589717 0.006809272337704897 31
1762257589717 0.006838514935225248 32
1762257589733 0.006795782130211592 33
1762257589733 0.006845314521342516 34
1762257589749 0.006829304154962301 35
1762257589749 0.006800747476518154 36
1762257589749 0.006739029195159674 37
1762257589764 0.006791161373257637 38
1762257589764 0.006684213411062956 39
1762257589780 0.006774548441171646 40
1762257589780 0.006744966842234135 41
1762257589780 0.006722224410623312 42
1762257589796 0.006709482055157423 43
1762257589796 0.006683751009404659 44
1762257589811 0.006705696694552898 45
1762257589811 0.006709896959364414 46
1762257589811 0.006692751310765743 47
1762257589831 0.006681895814836025 48
1762257589837 0.00664639612659812 49
1762257589842 0.006652421783655882 50
1762257589842 0.006621270906180143 51
1762257589842 0.00663956580683589 52
1762257589858 0.0066206930205225945 53
1762257589858 0.006613004952669144 54
1762257589873 0.006588194519281387 55
1762257589873 0.006577597931027412 56
1762257589873 0.006579838693141937 57
1762257589889 0.006590716540813446 58
1762257589889 0.006519898772239685 59
1762257589905 0.006519020069390535 60
1762257589905 0.00652858754619956 61
1762257589905 0.006470401771366596 62
1762257589920 0.006462527438998222 63
1762257589920 0.0063749151304364204 64
1762257589938 0.006448526866734028 65
1762257589944 0.006361639127135277 66
1762257589950 0.006355476099997759 67
1762257589957 0.0063368999399244785 68
1762257589963 0.006316748447716236 69
1762257589967 0.006280737463384867 70
1762257589967 0.006255892105400562 71
1762257589967 0.006256153341382742 72
1762257589983 0.006221368908882141 73
1762257589983 0.006216346751898527 74
1762257589998 0.0061651174910366535 75
1762257589998 0.006204055156558752 76
1762257589998 0.006146526895463467 77
1762257590014 0.006185099482536316 78
1762257590014 0.006131839007139206 79
1762257590032 0.0061355517245829105 80
1762257590038 0.006102909334003925 81
1762257590045 0.006111155729740858 82
1762257590051 0.006031457334756851 83
1762257590057 0.00604650191962719 84
1762257590061 0.006072227843105793 85
1762257590061 0.006000258028507233 86
1762257590061 0.0060540782287716866 87
1762257590076 0.005987618584185839 88
1762257590076 0.006011059507727623 89
1762257590092 0.005965846125036478 90
1762257590092 0.005928919184952974 91
1762257590092 0.0059160697273910046 92
1762257590108 0.005939989350736141 93
1762257590108 0.005865089595317841 94
1762257590123 0.005882543046027422 95
1762257590123 0.005868716165423393 96
1762257590123 0.005836667958647013 97
1762257590139 0.005861890502274036 98
1762257590139 0.005851458758115768 99
1762257590156 0.005800395272672176 100
