1762257402787 0.39056137204170227 1
1762257402803 0.345102995634079 2
1762257402836 0.27758410573005676 3
1762257402859 0.22315700352191925 4
1762257402865 0.18778569996356964 5
1762257402902 0.1640886813402176 6
1762257402921 0.14977078139781952 7
1762257402937 0.1374858319759369 8
1762257402967 0.12868154048919678 9
1762257402989 0.12090206891298294 10
1762257403011 0.11589362472295761 11
1762257403032 0.10783445835113525 12
1762257403055 0.10249146074056625 13
1762257403077 0.09634461253881454 14
1762257403101 0.09436945617198944 15
1762257403122 0.09162666648626328 16
1762257403140 0.08993004262447357 17
1762257403156 0.08545102179050446 18
1762257403187 0.0828763097524643 19
1762257403203 0.07920379191637039 20
1762257403218 0.07762913405895233 21
1762257403250 0.07758698612451553 22
1762257403265 0.07427729666233063 23
1762257403281 0.07459522038698196 24
1762257403315 0.07389527559280396 25
1762257403338 0.07295788079500198 26
1762257403360 0.07383488863706589 27
1762257403382 0.07271351665258408 28
1762257403390 0.07130878418684006 29
1762257403422 0.07118665426969528 30
1762257403437 0.0696961060166359 31
1762257403454 0.069354347884655 32
1762257403490 0.06909005343914032 33
1762257403500 0.06817838549613953 34
1762257403532 0.06940361112356186 35
1762257403554 0.06811509281396866 36
1762257403562 0.06683741509914398 37
1762257403600 0.06823195517063141 38
1762257403624 0.0680239349603653 39
1762257403632 0.06667358428239822 40
1762257403663 0.06765954941511154 41
1762257403679 0.06614933907985687 42
1762257403710 0.06696459650993347 43
1762257403726 0.06704109162092209 44
1762257403756 0.06645222008228302 45
1762257403766 0.06588368862867355 46
1762257403797 0.06565822660923004 47
1762257403813 0.06455685198307037 48
1762257403844 0.06461270153522491 49
1762257403866 0.0648837611079216 50
1762257403875 0.06465884298086166 51
1762257403909 0.06405995041131973 52
