1762257402794 0.23853643238544464 1
1762257402819 0.18512174487113953 2
1762257402842 0.12189357727766037 3
1762257402865 0.08041390031576157 4
1762257402886 0.057065848261117935 5
1762257402906 0.04304123297333717 6
1762257402921 0.03592928126454353 7
1762257402937 0.03011944703757763 8
1762257402973 0.02665974199771881 9
1762257402995 0.023622790351510048 10
1762257403017 0.021802570670843124 11
1762257403039 0.019149448722600937 12
1762257403061 0.017527993768453598 13
1762257403084 0.01580960303544998 14
1762257403107 0.015222350135445595 15
1762257403125 0.014569736085832119 16
1762257403140 0.014120287261903286 17
1762257403172 0.012976518832147121 18
1762257403187 0.012432443909347057 19
1762257403203 0.011501188389956951 20
1762257403234 0.011163957417011261 21
1762257403250 0.011041623540222645 22
1762257403265 0.010293656960129738 23
1762257403297 0.010360133834183216 24
1762257403321 0.01030154712498188 25
1762257403344 0.009991221129894257 26
1762257403366 0.010176480747759342 27
1762257403388 0.00996607355773449 28
1762257403406 0.009692953899502754 29
1762257403422 0.009710189886391163 30
1762257403453 0.009455333463847637 31
1762257403470 0.009348578751087189 32
1762257403496 0.009241119027137756 33
1762257403516 0.008991715498268604 34
1762257403538 0.00940751563757658 35
1762257403560 0.00904318317770958 36
1762257403578 0.00875869020819664 37
1762257403608 0.009104921482503414 38
1762257403630 0.009023861959576607 39
1762257403647 0.008787284605205059 40
1762257403663 0.008887166157364845 41
1762257403694 0.008719711564481258 42
1762257403710 0.008863803930580616 43
1762257403726 0.008868591859936714 44
1762257403762 0.008755236864089966 45
1762257403781 0.008734935894608498 46
1762257403797 0.00857415609061718 47
1762257403813 0.008399449288845062 48
1762257403844 0.008517978712916374 49
1762257403872 0.008541601710021496 50
1762257403890 0.008435065858066082 51
1762257403915 0.008338420651853085 52
