1762942248202 9.999999747378752e-06 1
1762942248239 5.949999831500463e-05 2
1762942248289 0.00010900000052060932 3
1762942248324 0.0001584999990882352 4
1762942248354 0.00020799999765586108 5
1762942248387 0.0002575000107754022 6
1762942248423 0.00030700000934302807 7
1762942248458 0.00035650000791065395 8
1762942248491 0.00040600000647827983 9
1762942248524 0.0004555000050459057 10
1762942248557 0.0005050000036135316 11
1762942248592 0.000554499973077327 12
1762942248634 0.0006040000007487833 13
1762942248667 0.0006535000284202397 14
1762942248710 0.0007029999978840351 15
1762942248742 0.0007525000255554914 16
1762942248774 0.0008019999950192869 17
1762942248807 0.0008515000226907432 18
1762942248841 0.0009009999921545386 19
1762942248882 0.000950500019825995 20
1762942248907 0.0010000000474974513 21
1762942248942 0.0009996530134230852 22
1762942248974 0.0009986128425225616 23
1762942249008 0.0009968808153644204 24
1762942249041 0.0009944597259163857 25
1762942249091 0.0009913534158840775 26
1762942249126 0.0009875664254650474 27
1762942249160 0.00098310480825603 28
1762942249194 0.0009779754327610135 29
1762942249225 0.00097218609880656 30
1762942249259 0.0009657457703724504 31
1762942249300 0.0009586644009687006 32
1762942249323 0.0009509529336355627 33
1762942249355 0.0009426231845282018 34
1762942249393 0.0009336880757473409 35
1762942249416 0.0009241613443009555 36
1762942249447 0.0009140576585195959 37
