1762942248153 0.7215375900268555 1
1762942248210 0.6592311859130859 2
1762942248259 0.5597106218338013 3
1762942248289 0.4720818102359772 4
1762942248328 0.40768328309059143 5
1762942248354 0.34655314683914185 6
1762942248393 0.2930912971496582 7
1762942248428 0.2517489492893219 8
1762942248458 0.21644024550914764 9
1762942248492 0.19333063066005707 10
1762942248524 0.17756018042564392 11
1762942248557 0.16421128809452057 12
1762942248592 0.15566575527191162 13
1762942248640 0.14798440039157867 14
1762942248675 0.14251627027988434 15
1762942248715 0.1390983760356903 16
1762942248742 0.13423481583595276 17
1762942248774 0.1312229335308075 18
1762942248807 0.12875518202781677 19
1762942248841 0.12754468619823456 20
1762942248887 0.12625247240066528 21
1762942248907 0.1250322163105011 22
1762942248959 0.12438325583934784 23
1762942248992 0.12348120659589767 24
1762942249024 0.12179916352033615 25
1762942249057 0.12198973447084427 26
1762942249096 0.12181538343429565 27
1762942249131 0.12081027776002884 28
1762942249165 0.12089589238166809 29
1762942249198 0.12002050131559372 30
1762942249225 0.1198781281709671 31
1762942249259 0.11923541873693466 32
1762942249304 0.11936989426612854 33
1762942249323 0.12014253437519073 34
1762942249355 0.12007389217615128 35
1762942249397 0.11893781274557114 36
1762942249416 0.11875692009925842 37
