1762942311401 0.14180214703083038 1
1762942311423 0.052356939762830734 2
1762942311428 0.03473691642284393 3
1762942311428 0.03299851715564728 4
1762942311452 0.030107690021395683 5
1762942311461 0.030157577246427536 6
1762942311470 0.029574502259492874 7
1762942311477 0.025911623612046242 8
1762942311477 0.02673124335706234 9
1762942311493 0.026450680568814278 10
1762942311493 0.02600405178964138 11
1762942311509 0.02619718573987484 12
1762942311524 0.02562572807073593 13
1762942311524 0.025707116350531578 14
1762942311540 0.025083031505346298 15
1762942311540 0.02631390653550625 16
1762942311555 0.025361498817801476 17
1762942311555 0.02463926374912262 18
1762942311571 0.024432793259620667 19
1762942311587 0.02486608363687992 20
1762942311595 0.025221344083547592 21
1762942311603 0.025671418756246567 22
1762942311603 0.025841055437922478 23
1762942311618 0.026796648278832436 24
1762942311618 0.026271261274814606 25
1762942311634 0.0272844098508358 26
1762942311634 0.027091514319181442 27
1762942311650 0.026298172771930695 28
1762942311665 0.026842601597309113 29
1762942311665 0.026115890592336655 30
1762942311684 0.02731342986226082 31
1762942311693 0.027043459936976433 32
1762942311702 0.025737548246979713 33
1762942311711 0.026447899639606476 34
1762942311713 0.026670033112168312 35
1762942311729 0.026593688875436783 36
1762942311729 0.026206951588392258 37
1762942311744 0.026249852031469345 38
1762942311744 0.02586345374584198 39
