1762942248163 0.8092411160469055 1
1762942248223 0.685522735118866 2
1762942248270 0.49817559123039246 3
1762942248304 0.355289489030838 4
1762942248338 0.2643836736679077 5
1762942248354 0.19187574088573456 6
1762942248402 0.1371457278728485 7
1762942248437 0.10139347612857819 8
1762942248458 0.07554639130830765 9
1762942248492 0.060321565717458725 10
1762942248524 0.05081906169652939 11
1762942248557 0.04361690580844879 12
1762942248610 0.039629820734262466 13
1762942248650 0.03590288385748863 14
1762942248675 0.03354137763381004 15
1762942248726 0.03231235221028328 16
1762942248758 0.030589178204536438 17
1762942248791 0.029461214318871498 18
1762942248824 0.02859002724289894 19
1762942248862 0.028162535279989243 20
1762942248892 0.02784908190369606 21
1762942248924 0.027318960055708885 22
1762942248959 0.027191510424017906 23
1762942248992 0.02701195888221264 24
1762942249024 0.02649482525885105 25
1762942249057 0.02665502391755581 26
1762942249106 0.026494987308979034 27
1762942249140 0.02616189792752266 28
1762942249174 0.02607271634042263 29
1762942249211 0.025981398299336433 30
1762942249246 0.025798294693231583 31
1762942249280 0.025773584842681885 32
1762942249313 0.02583787962794304 33
1762942249339 0.02592969313263893 34
1762942249370 0.026015961542725563 35
1762942249406 0.02573111467063427 36
1762942249432 0.02555815689265728 37
