1762901744997 9.999999747378752e-05 1
1762901745034 0.0005949999904260039 2
1762901745066 0.0010900000343099236 3
1762901745079 0.0015849999617785215 4
1762901745126 0.0020800000056624413 5
1762901745140 0.002575000049546361 6
1762901745171 0.0030700000934302807 7
1762901745203 0.0035649999044835567 8
1762901745240 0.00406000018119812 9
1762901745269 0.004554999992251396 10
1762901745295 0.005049999803304672 11
1762901745326 0.005545000080019236 12
1762901745342 0.006039999891072512 13
1762901745376 0.006535000167787075 14
1762901745408 0.007029999978840351 15
1762901745442 0.007524999789893627 16
1762901745471 0.008019999600946903 17
1762901745495 0.008515000343322754 18
1762901745532 0.00901000015437603 19
1762901745561 0.009504999965429306 20
1762901745589 0.009999999776482582 21
1762901745613 0.00999653059989214 22
1762901745644 0.009986127726733685 23
1762901745675 0.00996880792081356 24
