1762901744972 0.16316412389278412 1
1762901744997 0.11029208451509476 2
1762901745034 0.10100607573986053 3
1762901745070 0.09790641814470291 4
1762901745095 0.09647832065820694 5
1762901745130 0.09562037140130997 6
1762901745156 0.09413181245326996 7
1762901745187 0.09243252128362656 8
1762901745203 0.09114225208759308 9
1762901745244 0.0902913510799408 10
1762901745273 0.08989923447370529 11
1762901745295 0.08965572714805603 12
1762901745326 0.09035595506429672 13
1762901745360 0.08921986073255539 14
1762901745376 0.088734470307827 15
1762901745408 0.08960844576358795 16
1762901745447 0.08880603313446045 17
1762901745476 0.08992893993854523 18
1762901745495 0.08901058882474899 19
1762901745536 0.08858423680067062 20
1762901745565 0.08908184617757797 21
1762901745594 0.08845513314008713 22
1762901745613 0.0880870372056961 23
1762901745644 0.08871779590845108 24
1762902716729 0.022255096584558487 1
1762902716731 0.01788225769996643 2
1762902716750 0.016628708690404892 3
1762902716752 0.015718547627329826 4
1762902716762 0.015625858679413795 5
1762902716778 0.015022891573607922 6
1762902716786 0.014669097028672695 7
1762902716795 0.01458987221121788 8
1762902716804 0.014382272958755493 9
1762902716816 0.01419020351022482 10
1762902716826 0.014233773574233055 11
1762902716835 0.013761406764388084 12
1762902716837 0.013552156277000904 13
1762902716852 0.013130280189216137 14
1762902716852 0.013188773766160011 15
1762902716868 0.012577306479215622 16
1762902716868 0.012340337969362736 17
1762902716883 0.011893943883478642 18
1762902716883 0.011604594998061657 19
1762902716899 0.011026893742382526 20
1762902716899 0.010985644534230232 21
1762902716919 0.010774696245789528 22
1762902716927 0.010354986414313316 23
1762902716936 0.010431447066366673 24
1762902716944 0.010018865577876568 25
1762902716952 0.009631297551095486 26
1762902716961 0.009455906227231026 27
1762902716962 0.009394560009241104 28
1762902716962 0.009354365058243275 29
1762902716977 0.009421227499842644 30
1762902716993 0.009137654677033424 31
1762902716993 0.008888233453035355 32
1762902717011 0.008734825067222118 33
1762902717014 0.008329452946782112 34
1762902717030 0.008430923335254192 35
1762902717038 0.008355364203453064 36
1762902717047 0.008428043685853481 37
1762902717055 0.008261826820671558 38
1762902717063 0.008613997139036655 39
1762902717063 0.008149414323270321 40
1762902717078 0.008067485876381397 41
1762902717078 0.008021356537938118 42
1762902717094 0.007786819711327553 43
1762902717094 0.007627368904650211 44
1762902717114 0.0076765031553804874 45
1762902717122 0.007603139616549015 46
1762902717131 0.007757429499179125 47
1762902717139 0.007687633391469717 48
1762902717144 0.007389024365693331 49
1762902717144 0.007126199081540108 50
1762902717165 0.007156913168728352 51
1762902717173 0.007177896797657013 52
1762902717182 0.0071044075302779675 53
1762902717191 0.00732433283701539 54
1762902717197 0.006919996812939644 55
1762902717197 0.0070541719906032085 56
1762902717213 0.007039211690425873 57
1762902717213 0.00703878328204155 58
1762902717228 0.006810691673308611 59
1762902717228 0.0066825030371546745 60
1762902717244 0.0066986712627112865 61
1762902717244 0.0068022203631699085 62
1762902717265 0.006755616515874863 63
1762902717273 0.006416207645088434 64
1762902717274 0.006656897719949484 65
1762902717290 0.0063047329895198345 66
1762902717290 0.006292853970080614 67
1762902717305 0.006159831304103136 68
1762902717305 0.006306597031652927 69
1762902717321 0.006247965153306723 70
1762902717321 0.0062010763213038445 71
1762902717336 0.005996678024530411 72
1762902717336 0.006035404745489359 73
1762902717357 0.005946091841906309 74
1762902717366 0.006022172048687935 75
1762902717375 0.006008564494550228 76
1762902717383 0.006212277803570032 77
1762902717383 0.00590717326849699 78
1762902717399 0.005817079450935125 79
1762902717399 0.006214354187250137 80
1762902717417 0.006153983995318413 81
1762902717425 0.005841915961354971 82
1762902717434 0.0057047042064368725 83
1762902717442 0.005720023065805435 84
1762902717445 0.005641750060021877 85
1762902717445 0.005564470309764147 86
1762902717462 0.00537347374483943 87
1762902717462 0.005450798198580742 88
1762902717485 0.005750466138124466 89
1762902717493 0.005606381688266993 90
1762902717502 0.005479869432747364 91
1762902717511 0.005529835820198059 92
1762902717515 0.005281481891870499 93
1762902717529 0.005595756229013205 94
1762902717539 0.005359251983463764 95
1762902717548 0.00515398383140564 96
1762902717557 0.005358056630939245 97
1762902717562 0.005433443933725357 98
1762902717562 0.005361693445593119 99
1762902717577 0.0053583732806146145 100
1762903113210 0.017433635890483856 1
1762903113229 0.008267705328762531 2
1762903113239 0.007427321746945381 3
1762903113250 0.0071716029196977615 4
1762903113266 0.0068779271095991135 5
1762903113266 0.006720927078276873 6
1762903113289 0.006515102460980415 7
1762903113302 0.006367753259837627 8
1762903113311 0.006260413210839033 9
1762903113319 0.006066944915801287 10
1762903113328 0.005892889108508825 11
1762903113332 0.005787715315818787 12
1762903113332 0.0055814771912992 13
1762903113353 0.005481216590851545 14
1762903113362 0.005426536779850721 15
1762903113372 0.005300559103488922 16
1762903113380 0.005249415524303913 17
1762903113389 0.005186619237065315 18
1762903113397 0.0051293750293552876 19
1762903113406 0.005067580379545689 20
1762903113414 0.004985015839338303 21
1762903113422 0.0049675097689032555 22
1762903113429 0.00493999058380723 23
1762903113429 0.004887830466032028 24
1762903113444 0.004844755865633488 25
1762903113444 0.004789502359926701 26
1762903113460 0.004736335016787052 27
1762903113460 0.004699472803622484 28
1762903113476 0.004687517415732145 29
1762903113476 0.004673689603805542 30
1762903113491 0.004665993619710207 31
1762903113491 0.004625193774700165 32
1762903113515 0.004578715190291405 33
1762903113524 0.004590713419020176 34
1762903113532 0.004530023783445358 35
1762903113541 0.004531188402324915 36
1762903113548 0.0045371814630925655 37
1762903113548 0.004515770822763443 38
1762903113564 0.004447725601494312 39
1762903113564 0.004436553921550512 40
1762903113579 0.004438504111021757 41
1762903113579 0.004439721815288067 42
1762903113595 0.004374929703772068 43
1762903113595 0.004398514982312918 44
1762903113610 0.004413400776684284 45
1762903113610 0.004395234864205122 46
1762903113626 0.004332719836384058 47
1762903113642 0.0043158866465091705 48
1762903113642 0.004282470792531967 49
1762903113659 0.004273284692317247 50
1762903113668 0.004273766651749611 51
1762903113676 0.004277400206774473 52
1762903113681 0.00425114668905735 53
1762903113681 0.0042320191860198975 54
1762903113697 0.004248135723173618 55
1762903113697 0.004197260364890099 56
1762903113713 0.004155557602643967 57
1762903113713 0.004159086383879185 58
1762903113734 0.0041800676845014095 59
1762903113742 0.004144194070249796 60
1762903113751 0.004135868512094021 61
1762903113756 0.004099378827959299 62
1762903113756 0.004090715199708939 63
1762903113771 0.004079964943230152 64
1762903113787 0.004001408349722624 65
1762903113787 0.00402199337258935 66
1762903113802 0.004035866353660822 67
1762903113802 0.003995681181550026 68
1762903113818 0.004008578602224588 69
1762903113818 0.0039287046529352665 70
1762903113834 0.00395739171653986 71
1762903113834 0.003945914562791586 72
1762903113849 0.003912581596523523 73
1762903113865 0.0038765089120715857 74
1762903113865 0.003890983061864972 75
1762903113881 0.0038854461163282394 76
1762903113881 0.0038741272874176502 77
1762903113898 0.0038675088435411453 78
1762903113907 0.003812055801972747 79
1762903113917 0.0038106481079012156 80
1762903113926 0.0037902311887592077 81
1762903113931 0.0037898400332778692 82
1762903113931 0.0037648973520845175 83
1762903113951 0.0037689690943807364 84
1762903113959 0.003728152485564351 85
1762903113968 0.0037426017224788666 86
1762903113976 0.003826997010037303 87
1762903113984 0.0036868001334369183 88
1762903113994 0.0037111123092472553 89
1762903113998 0.003660813206806779 90
1762903113998 0.003707514377310872 91
1762903114020 0.0036320434883236885 92
1762903114028 0.0036572234239429235 93
1762903114032 0.003613964654505253 94
1762903114053 0.0036299002822488546 95
1762903114061 0.0035826521925628185 96
1762903114070 0.0036107520572841167 97
1762903114078 0.0035603675059974194 98
1762903114082 0.003568618558347225 99
1762903114082 0.003511464223265648 100
