1762901744978 0.16316412389278412 1
1762901745014 0.11029208451509476 2
1762901745046 0.10100607573986053 3
1762901745074 0.09790641814470291 4
1762901745095 0.09647832065820694 5
1762901745135 0.09562037140130997 6
1762901745156 0.09413181245326996 7
1762901745187 0.09243252128362656 8
1762901745219 0.09114225208759308 9
1762901745248 0.0902913510799408 10
1762901745277 0.08989923447370529 11
1762901745295 0.08965572714805603 12
1762901745326 0.09035595506429672 13
1762901745361 0.08921986073255539 14
1762901745392 0.088734470307827 15
1762901745408 0.08960844576358795 16
1762901745451 0.08880603313446045 17
1762901745479 0.08992893993854523 18
1762901745495 0.08901058882474899 19
1762901745540 0.08858423680067062 20
1762901745569 0.08908184617757797 21
1762901745597 0.08845513314008713 22
1762901745613 0.0880870372056961 23
1762901745644 0.08871779590845108 24
