1762901744983 0.04910512641072273 1
1762901745014 0.023254385218024254 2
1762901745050 0.018948273733258247 3
1762901745078 0.017940057441592216 4
1762901745095 0.017294686287641525 5
1762901745139 0.017239848151803017 6
1762901745156 0.016516879200935364 7
1762901745187 0.015801118686795235 8
1762901745223 0.01543514709919691 9
1762901745253 0.015168744139373302 10
1762901745281 0.015042698942124844 11
1762901745311 0.014968275092542171 12
1762901745326 0.01502968743443489 13
1762901745361 0.014770766720175743 14
1762901745392 0.014603300020098686 15
1762901745423 0.014925367198884487 16
1762901745455 0.014587698504328728 17
1762901745479 0.015028441324830055 18
1762901745510 0.014771348796784878 19
1762901745544 0.014678515493869781 20
1762901745573 0.014713125303387642 21
1762901745597 0.014591122977435589 22
1762901745628 0.01455904170870781 23
1762901745660 0.014609510079026222 24
