1762274930954 0.022029131650924683 1
1762274930963 0.008950892835855484 2
1762274930972 0.006869511678814888 3
1762274930981 0.006265129894018173 4
1762274930983 0.006049519404768944 5
1762274930998 0.0059812976978719234 6
1762274931006 0.005929164122790098 7
1762274931015 0.005839976482093334 8
1762274931023 0.005836948752403259 9
1762274931031 0.005804042797535658 10
1762274931038 0.0057192714884877205 11
1762274931046 0.005823033396154642 12
1762274931055 0.005748990923166275 13
1762274931059 0.005714425817131996 14
1762274931059 0.005694592371582985 15
1762274931075 0.005700259935110807 16
1762274931075 0.005639729090034962 17
1762274931090 0.005611792206764221 18
1762274931090 0.0055843922309577465 19
1762274931106 0.005559164565056562 20
1762274931106 0.005594861693680286 21
1762274931126 0.005571337882429361 22
1762274931134 0.005556008312851191 23
1762274931136 0.005539490841329098 24
1762274931136 0.005522454623132944 25
1762274931157 0.005549761466681957 26
1762274931164 0.005558923818171024 27
1762274931167 0.005544526968151331 28
1762274931180 0.005544501356780529 29
1762274931188 0.00549938902258873 30
1762274931196 0.005495351739227772 31
1762274931204 0.005462092347443104 32
1762274931211 0.005484408233314753 33
1762274931213 0.005433032289147377 34
1762274931213 0.005463079083710909 35
1762274931228 0.0054380749352276325 36
1762274931228 0.005420240573585033 37
1762274931244 0.005394612904638052 38
1762274931244 0.0053833783604204655 39
1762274931265 0.00539814680814743 40
1762274931272 0.005360388662666082 41
1762274931279 0.005378224421292543 42
1762274931279 0.005387402605265379 43
1762274931294 0.005369418766349554 44
1762274931294 0.00535824429243803 45
1762274931310 0.005360867362469435 46
1762274931310 0.005369574297219515 47
1762274931327 0.005325188394635916 48
1762274931335 0.005368772894144058 49
1762274931343 0.0053225490264594555 50
1762274931352 0.0052868383936584 51
1762274931361 0.005288335960358381 52
1762274931370 0.005269706714898348 53
1762274931379 0.005213123746216297 54
1762274931413 0.005231971852481365 55
1762274931429 0.005222266539931297 56
1762274931445 0.005190920550376177 57
1762274931460 0.0051749469712376595 58
1762274931474 0.005121820606291294 59
1762274931489 0.005164251662790775 60
1762274931504 0.005082433577626944 61
1762274931532 0.005197769496589899 62
1762274931542 0.00522153964266181 63
1762274931552 0.00513414666056633 64
1762274931568 0.005081895273178816 65
1762274931578 0.005054307170212269 66
1762274931586 0.005048920400440693 67
1762274931594 0.005018712021410465 68
1762274931602 0.0050450763665139675 69
1762274931605 0.0050455303862690926 70
1762274931605 0.005009868647903204 71
1762274931621 0.00501130660995841 72
1762274931621 0.004970055539160967 73
1762274931639 0.004959858488291502 74
1762274931647 0.0049180639907717705 75
1762274931655 0.004919037222862244 76
1762274931662 0.004863464739173651 77
1762274931670 0.004870273172855377 78
1762274931677 0.004925245884805918 79
1762274931685 0.0048408517614007 80
1762274931692 0.004801024217158556 81
1762274931703 0.004874221980571747 82
1762274931710 0.004769234452396631 83
1762274931718 0.0048128338530659676 84
1762274931726 0.00477160420268774 85
1762274931734 0.00474558537825942 86
1762274931741 0.0047709643840789795 87
1762274931746 0.004739929456263781 88
1762274931746 0.004741173703223467 89
1762274931765 0.004696781747043133 90
1762274931773 0.0046837772242724895 91
1762274931781 0.004655050579458475 92
1762274931789 0.004628733731806278 93
1762274931796 0.0045568933710455894 94
1762274931804 0.004664429929107428 95
1762274931811 0.004663365893065929 96
1762274931819 0.004731528460979462 97
1762274931824 0.004577974788844585 98
1762274931824 0.0045706420205533504 99
1762274931839 0.004523196257650852 100
