1762275117009 0.046431850641965866 1
1762275117020 0.01318975631147623 2
1762275117028 0.008371845819056034 3
1762275117037 0.006404235027730465 4
1762275117046 0.005603318568319082 5
1762275117055 0.005133453756570816 6
1762275117064 0.004851740784943104 7
1762275117072 0.0047629703767597675 8
1762275117081 0.0046065193600952625 9
1762275117089 0.004517372231930494 10
1762275117097 0.004506649915128946 11
1762275117106 0.004441490862518549 12
1762275117114 0.004406146239489317 13
1762275117114 0.004397047217935324 14
1762275117114 0.004330541472882032 15
1762275117130 0.004268895834684372 16
1762275117130 0.0042354511097073555 17
1762275117153 0.004231804050505161 18
1762275117161 0.0042211031541228294 19
1762275117168 0.00417814776301384 20
1762275117176 0.004149049986153841 21
1762275117180 0.0041155447252094746 22
1762275117180 0.004071633797138929 23
1762275117196 0.004041304811835289 24
1762275117196 0.004004469607025385 25
1762275117211 0.003996536135673523 26
1762275117211 0.003978796768933535 27
1762275117227 0.00393105810508132 28
1762275117227 0.0039020050317049026 29
1762275117243 0.0038778327871114016 30
1762275117243 0.0038389861583709717 31
1762275117259 0.003817157819867134 32
1762275117267 0.0037889594677835703 33
1762275117274 0.0037662789691239595 34
1762275117276 0.003745031775906682 35
1762275117276 0.0037421202287077904 36
1762275117292 0.0036865395959466696 37
1762275117292 0.003626337507739663 38
1762275117308 0.0036067224573343992 39
1762275117308 0.0035887176636606455 40
1762275117333 0.003566667204722762 41
1762275117337 0.00353445578366518 42
1762275117353 0.003510743612423539 43
1762275117373 0.0035279581788927317 44
1762275117383 0.003428019117563963 45
1762275117391 0.0034204465337097645 46
1762275117399 0.003348428290337324 47
1762275117407 0.0033630281686782837 48
1762275117415 0.0033091120421886444 49
1762275117425 0.003240075660869479 50
1762275117431 0.003241337137296796 51
1762275117431 0.003208730136975646 52
1762275117447 0.0031652485486119986 53
1762275117454 0.0031223974656313658 54
1762275117454 0.0030895480886101723 55
1762275117469 0.003029084764420986 56
1762275117469 0.003019859781488776 57
1762275117489 0.0029726962093263865 58
1762275117498 0.0029322851914912462 59
1762275117507 0.002932121278718114 60
1762275117515 0.0029185237362980843 61
1762275117524 0.002859672764316201 62
1762275117528 0.00286537641659379 63
1762275117528 0.002821721136569977 64
1762275117543 0.0027705677784979343 65
1762275117543 0.0027145473286509514 66
1762275117562 0.0027741710655391216 67
1762275117562 0.0027252959553152323 68
1762275117582 0.0027067987248301506 69
1762275117589 0.0026684568729251623 70
1762275117597 0.00262809987179935 71
1762275117604 0.002617381513118744 72
1762275117604 0.002592805540189147 73
1762275117619 0.0025531118735671043 74
1762275117619 0.002519814996048808 75
1762275117635 0.002525201765820384 76
1762275117635 0.0025341524742543697 77
1762275117635 0.0025216001085937023 78
1762275117651 0.002429566578939557 79
1762275117651 0.0024089154321700335 80
1762275117666 0.002394607290625572 81
1762275117666 0.0023877532221376896 82
1762275117688 0.002374207368120551 83
1762275117695 0.0023057125508785248 84
1762275117703 0.002303632441908121 85
1762275117710 0.0022600416559726 86
1762275117718 0.002268231473863125 87
1762275117726 0.002246002433821559 88
1762275117731 0.0022390682715922594 89
1762275117731 0.002210320672020316 90
1762275117747 0.0021962367463856936 91
1762275117747 0.0021910115610808134 92
1762275117762 0.0021944239269942045 93
1762275117762 0.0021638565231114626 94
1762275117778 0.0021535675041377544 95
1762275117778 0.002093532355502248 96
1762275117795 0.002089065033942461 97
1762275117802 0.002106440020725131 98
1762275117810 0.002063472056761384 99
1762275117819 0.0020669016521424055 100
