1762342715116 0.023462340235710144 1
1762342715135 0.010037430562078953 2
1762342715143 0.009615067392587662 3
1762342715152 0.009252652525901794 4
1762342715161 0.009120864793658257 5
1762342715169 0.009143649600446224 6
1762342715177 0.009010633453726768 7
1762342715177 0.008889354765415192 8
1762342715192 0.008773169480264187 9
1762342715192 0.008702186867594719 10
1762342715208 0.008646942675113678 11
1762342715208 0.008715453557670116 12
1762342715224 0.00844233762472868 13
1762342715224 0.008451247587800026 14
1762342715239 0.00820907112210989 15
1762342715239 0.008097758516669273 16
1762342715258 0.008064882829785347 17
1762342715265 0.008053980767726898 18
1762342715272 0.008040177635848522 19
1762342715272 0.00807858631014824 20
1762342715288 0.007993651553988457 21
1762342715299 0.008024244569242 22
1762342715306 0.007990391924977303 23
1762342715314 0.007958614267408848 24
1762342715322 0.007992367260158062 25
1762342715330 0.007892736233770847 26
1762342715339 0.007931344211101532 27
1762342715349 0.007867660373449326 28
1762342715357 0.007863235659897327 29
1762342715365 0.00784272700548172 30
1762342715373 0.00783713161945343 31
1762342715381 0.007906045764684677 32
1762342715382 0.007846565917134285 33
1762342715382 0.007809752598404884 34
1762342715397 0.007841505110263824 35
1762342715397 0.007761836983263493 36
1762342715413 0.007774166762828827 37
1762342715413 0.007696389686316252 38
1762342715429 0.007665759883821011 39
1762342715429 0.0075674159452319145 40
1762342715444 0.00753406435251236 41
1762342715460 0.007452469319105148 42
1762342715460 0.007449212018400431 43
1762342715460 0.007309818174690008 44
1762342715475 0.007247991859912872 45
1762342715475 0.007212737109512091 46
1762342715491 0.007168827578425407 47
1762342715491 0.00717156520113349 48
1762342715507 0.0071150632575154305 49
1762342715507 0.007108635269105434 50
1762342715522 0.007014527451246977 51
1762342715538 0.007086293306201696 52
1762342715538 0.006959306541830301 53
1762342715554 0.006995536386966705 54
1762342715562 0.006943234242498875 55
1762342715571 0.007028032094240189 56
1762342715579 0.006885232403874397 57
1762342715588 0.006873066071420908 58
1762342715596 0.006805482320487499 59
1762342715600 0.006869675125926733 60
1762342715600 0.00686462689191103 61
1762342715616 0.006938716396689415 62
1762342715616 0.006915298756211996 63
1762342715631 0.006883634254336357 64
1762342715631 0.0068474942818284035 65
1762342715647 0.006838212721049786 66
1762342715647 0.006846087984740734 67
1762342715663 0.006819070782512426 68
1762342715678 0.006701506674289703 69
1762342715687 0.006780705880373716 70
1762342715695 0.006773682776838541 71
1762342715703 0.006812839303165674 72
1762342715710 0.006804587319493294 73
1762342715710 0.0067892312072217464 74
1762342715725 0.006723265629261732 75
1762342715725 0.006648579612374306 76
1762342715741 0.006672635208815336 77
1762342715741 0.0067047495394945145 78
1762342715757 0.0067090908996760845 79
1762342715757 0.006720432545989752 80
1762342715772 0.006673888769000769 81
1762342715772 0.006652764044702053 82
1762342715789 0.0066716549918055534 83
1762342715797 0.0066517069935798645 84
1762342715805 0.006632269825786352 85
1762342715813 0.0066163246519863605 86
1762342715821 0.006616557948291302 87
1762342715830 0.006558066699653864 88
1762342715838 0.006581492256373167 89
1762342715846 0.006539242807775736 90
1762342715854 0.006537092383950949 91
1762342715861 0.006525812670588493 92
1762342715861 0.0065140859223902225 93
1762342715877 0.006529334932565689 94
1762342715877 0.006495922338217497 95
1762342715892 0.0064756195060908794 96
1762342715892 0.006517475936561823 97
1762342715908 0.0065279086120426655 98
1762342715908 0.006482753437012434 99
1762342715924 0.006464358419179916 100
