1762339921418 0.03171631321310997 1
1762339921429 0.014893659390509129 2
1762339921440 0.012751111760735512 3
1762339921458 0.0118704903870821 4
1762339921479 0.011570895090699196 5
1762339921498 0.011418952606618404 6
1762339921508 0.011363549157977104 7
1762339921516 0.011001535691320896 8
1762339921527 0.011131204664707184 9
1762339921535 0.010779076255857944 10
1762339921544 0.010847783647477627 11
1762339921548 0.010732049122452736 12
1762339921562 0.010542811825871468 13
1762339921570 0.010363403707742691 14
1762339921572 0.010640709660947323 15
1762339921587 0.010195811279118061 16
1762339921588 0.010251952335238457 17
1762339921605 0.010075111873447895 18
1762339921606 0.01000553835183382 19
1762339921622 0.009824971668422222 20
1762339921622 0.009796109981834888 21
1762339921638 0.009623740799725056 22
1762339921638 0.009620019234716892 23
1762339921655 0.009495229460299015 24
1762339921657 0.009518907405436039 25
1762339921673 0.009429345838725567 26
1762339921673 0.009340396150946617 27
1762339921691 0.009250913746654987 28
1762339921691 0.00930528249591589 29
1762339921707 0.00922479759901762 30
1762339921708 0.009171697311103344 31
1762339921723 0.009217445738613605 32
1762339921723 0.009154042229056358 33
1762339921742 0.009062245488166809 34
1762339921752 0.009131843224167824 35
1762339921762 0.009125912562012672 36
1762339921766 0.009084077551960945 37
1762339921773 0.008998234756290913 38
1762339921790 0.008976033888757229 39
1762339921799 0.009002957493066788 40
1762339921812 0.008923540823161602 41
1762339921813 0.009037180803716183 42
1762339921824 0.009000500664114952 43
1762339921841 0.008922120556235313 44
1762339921857 0.008994937874376774 45
1762339921857 0.008859519846737385 46
1762339921875 0.008935949765145779 47
1762339921875 0.008899043314158916 48
1762339921889 0.008863246068358421 49
1762339921904 0.00894980039447546 50
1762339921905 0.008711679838597775 51
1762339921921 0.008836847729980946 52
1762339921929 0.008855079300701618 53
1762339921939 0.008823160082101822 54
1762339921948 0.008798446506261826 55
1762339921957 0.00891010370105505 56
1762339921967 0.008765824139118195 57
1762339921978 0.008701671846210957 58
1762339921985 0.008670682087540627 59
1762339921989 0.008561971597373486 60
1762339922005 0.008582290261983871 61
1762339922005 0.008630236610770226 62
1762339922021 0.008615754544734955 63
1762339922032 0.008665946312248707 64
1762339922039 0.008604525588452816 65
1762339922039 0.00851503200829029 66
