1762945571529 9.999999747378752e-06 1
1762945571573 5.949999831500463e-05 2
1762945571603 0.00010900000052060932 3
1762945571641 0.0001584999990882352 4
1762945571661 0.00020799999765586108 5
1762945571706 0.0002575000107754022 6
1762945571729 0.00030700000934302807 7
1762945571760 0.00035650000791065395 8
1762945571804 0.00040600000647827983 9
1762945571827 0.0004555000050459057 10
1762945571873 0.0005050000036135316 11
1762945571917 0.000554499973077327 12
1762945571950 0.0006040000007487833 13
1762945571986 0.0006535000284202397 14
1762945572022 0.0007029999978840351 15
1762945572061 0.0007525000255554914 16
1762945572106 0.0008019999950192869 17
1762945572154 0.0008515000226907432 18
1762945572197 0.0009009999921545386 19
1762945572244 0.000950500019825995 20
1762945572293 0.0010000000474974513 21
1762945572343 0.0009996530134230852 22
1762945572390 0.0009986128425225616 23
1762945572449 0.0009968808153644204 24
1762945572499 0.0009944597259163857 25
1762945572532 0.0009913534158840775 26
1762945572566 0.0009875664254650474 27
1762945572598 0.00098310480825603 28
1762945572633 0.0009779754327610135 29
1762945572665 0.00097218609880656 30
1762945572705 0.0009657457703724504 31
1762945572728 0.0009586644009687006 32
1762945572768 0.0009509529336355627 33
1762945572801 0.0009426231845282018 34
1762945572852 0.0009336880757473409 35
1762945572893 0.0009241613443009555 36
1762945572933 0.0009140576585195959 37
1762945572967 0.0009033926180563867 38
1762945572995 0.0008921826956793666 39
1762945573026 0.0008804451208561659 40
1762945573057 0.0008681980543769896 41
1762945573093 0.0008554603555239737 42
1762945573126 0.000842251640278846 43
1762945573145 0.0008285922813229263 44
1762945573188 0.0008145033498294652 45
1762945573206 0.0008000066154636443 46
1762945573244 0.0007851243717595935 47
1762945573276 0.0007698795525357127 48
