1762945634484 0.07466506958007812 1
1762945634485 0.03183278813958168 2
1762945634507 0.029989253729581833 3
1762945634517 0.029643474146723747 4
1762945634527 0.029462581500411034 5
1762945634539 0.029353570193052292 6
1762945634552 0.029289381578564644 7
1762945634564 0.029260851442813873 8
1762945634581 0.029277509078383446 9
1762945634600 0.029251594096422195 10
1762945634612 0.029237616807222366 11
1762945634614 0.029236091300845146 12
1762945634631 0.029224077239632607 13
1762945634631 0.02920296974480152 14
1762945634648 0.029220499098300934 15
1762945634664 0.029204003512859344 16
1762945634664 0.029185503721237183 17
1762945634686 0.02920542098581791 18
1762945634695 0.029264351353049278 19
1762945634705 0.029219208285212517 20
1762945634720 0.029197638854384422 21
1762945634723 0.029204197227954865 22
1762945634731 0.029203739017248154 23
1762945634748 0.02920679748058319 24
1762945634764 0.029201040044426918 25
1762945634780 0.02919583208858967 26
1762945634797 0.029212919995188713 27
1762945634807 0.029194368049502373 28
