1762945571496 0.7663846015930176 1
1762945571544 0.6513956785202026 2
1762945571578 0.5012193918228149 3
1762945571613 0.3933279514312744 4
1762945571646 0.3207433223724365 5
1762945571678 0.2656114101409912 6
1762945571710 0.22676225006580353 7
1762945571744 0.20462189614772797 8
1762945571776 0.18661798536777496 9
1762945571809 0.1741456389427185 10
1762945571827 0.16712215542793274 11
1762945571883 0.15870647132396698 12
1762945571922 0.15233998000621796 13
1762945571955 0.14723098278045654 14
1762945571992 0.1436287760734558 15
1762945572027 0.1411687731742859 16
1762945572067 0.13817144930362701 17
1762945572114 0.1346053034067154 18
1762945572160 0.13250592350959778 19
1762945572203 0.13109683990478516 20
1762945572251 0.13010527193546295 21
1762945572301 0.1276322603225708 22
1762945572351 0.1267944574356079 23
1762945572396 0.1249302476644516 24
1762945572458 0.12415149807929993 25
1762945572504 0.123499795794487 26
1762945572537 0.12279602140188217 27
1762945572571 0.12293054163455963 28
1762945572603 0.1226106658577919 29
1762945572637 0.12150561809539795 30
1762945572669 0.11993558704853058 31
1762945572710 0.11903980374336243 32
1762945572743 0.12034428864717484 33
1762945572768 0.11869731545448303 34
1762945572817 0.11921476572751999 35
1762945572857 0.11826833337545395 36
1762945572898 0.11877195537090302 37
1762945572938 0.11696715652942657 38
1762945572972 0.11734288930892944 39
1762945572995 0.11725161224603653 40
1762945573026 0.11693639308214188 41
1762945573057 0.11690407991409302 42
1762945573099 0.11717285960912704 43
1762945573131 0.11601246893405914 44
1762945573161 0.11585447192192078 45
1762945573193 0.11581827700138092 46
1762945573225 0.11541984230279922 47
1762945573244 0.11532708257436752 48
