1762945720871 0.04502579942345619 1
1762945720871 0.030526859685778618 2
1762945720902 0.03160102292895317 3
1762945720910 0.02963319979608059 4
1762945720919 0.0294438935816288 5
1762945720935 0.029327906668186188 6
1762945720951 0.029129235073924065 7
1762945720951 0.028517011553049088 8
1762945720976 0.028331737965345383 9
1762945720987 0.02776373364031315 10
1762945720987 0.02726614661514759 11
1762945721016 0.027237173169851303 12
1762945721027 0.02708795852959156 13
1762945721038 0.027037380263209343 14
1762945721040 0.0267811082303524 15
1762945721052 0.026174413040280342 16
1762945721071 0.025858385488390923 17
1762945721081 0.02532080002129078 18
1762945721091 0.024405386298894882 19
1762945721096 0.02408740296959877 20
1762945721112 0.02373705618083477 21
1762945721112 0.022882407531142235 22
1762945721127 0.0225671473890543 23
1762945721143 0.02228253148496151 24
1762945721158 0.021991413086652756 25
1762945721158 0.022027339786291122 26
1762945721174 0.0219073835760355 27
