1762945571513 0.7663846015930176 1
1762945571550 0.6513956785202026 2
1762945571581 0.5012193918228149 3
1762945571618 0.3933279514312744 4
1762945571650 0.3207433223724365 5
1762945571682 0.2656114101409912 6
1762945571715 0.22676225006580353 7
1762945571744 0.20462189614772797 8
1762945571781 0.18661798536777496 9
1762945571811 0.1741456389427185 10
1762945571842 0.16712215542793274 11
1762945571889 0.15870647132396698 12
1762945571927 0.15233996510505676 13
1762945571960 0.14723098278045654 14
1762945571997 0.14362876117229462 15
1762945572033 0.1411687731742859 16
1762945572072 0.13817144930362701 17
1762945572120 0.1346053034067154 18
1762945572167 0.13250592350959778 19
1762945572208 0.13109683990478516 20
1762945572259 0.13010527193546295 21
1762945572309 0.1276322603225708 22
1762945572357 0.1267944574356079 23
1762945572403 0.1249302476644516 24
1762945572468 0.12415149807929993 25
1762945572508 0.123499795794487 26
1762945572541 0.12279602140188217 27
1762945572576 0.12293054163455963 28
1762945572608 0.1226106658577919 29
1762945572642 0.12150561809539795 30
1762945572674 0.11993558704853058 31
1762945572716 0.11903980374336243 32
1762945572747 0.12034428864717484 33
1762945572780 0.11869731545448303 34
1762945572822 0.11921476572751999 35
1762945572862 0.11826833337545395 36
1762945572903 0.11877195537090302 37
1762945572942 0.11696715652942657 38
1762945572977 0.11734288930892944 39
1762945572995 0.11725160479545593 40
1762945573026 0.11693639308214188 41
1762945573057 0.11690407991409302 42
1762945573103 0.11717285960912704 43
1762945573135 0.11601246893405914 44
1762945573161 0.11585447192192078 45
1762945573198 0.11581827700138092 46
1762945573230 0.11541984230279922 47
1762945573260 0.11532708257436752 48
