1762945571518 0.9703792929649353 1
1762945571555 0.6940407156944275 2
1762945571581 0.4160304665565491 3
1762945571623 0.2532934248447418 4
1762945571654 0.1673029065132141 5
1762945571687 0.11363857984542847 6
1762945571720 0.0835615023970604 7
1762945571744 0.0672488808631897 8
1762945571786 0.05581790581345558 9
1762945571811 0.04884310066699982 10
1762945571842 0.04509332403540611 11
1762945571897 0.0404275506734848 12
1762945571932 0.03773421421647072 13
1762945571965 0.035374030470848083 14
1762945572002 0.03400987759232521 15
1762945572038 0.032834287732839584 16
1762945572078 0.03181445598602295 17
1762945572126 0.030427981168031693 18
1762945572172 0.029712839052081108 19
1762945572215 0.029453475028276443 20
1762945572265 0.029224585741758347 21
1762945572316 0.028106462210416794 22
1762945572365 0.027688413858413696 23
1762945572413 0.027441272512078285 24
1762945572472 0.026964079588651657 25
1762945572511 0.026775261387228966 26
1762945572547 0.026536056771874428 27
1762945572578 0.02701880969107151 28
1762945572614 0.026478607207536697 29
1762945572644 0.02619258128106594 30
1762945572679 0.025714131072163582 31
1762945572720 0.02548111416399479 32
1762945572751 0.025902487337589264 33
1762945572784 0.02533155307173729 34
1762945572827 0.02578747831285 35
1762945572867 0.02549363486468792 36
1762945572908 0.025425245985388756 37
1762945572949 0.0249515101313591 38
1762945572981 0.02510603331029415 39
1762945573010 0.025015568360686302 40
1762945573042 0.025000985711812973 41
1762945573075 0.024882366880774498 42
1762945573108 0.025297939777374268 43
1762945573140 0.024733996018767357 44
1762945573161 0.024761397391557693 45
1762945573202 0.024797027930617332 46
1762945573234 0.024583997204899788 47
1762945573260 0.024504609405994415 48
