1762939431013 9.999999747378752e-06 1
1762939431049 5.949999831500463e-05 2
1762939431078 0.00010900000052060932 3
1762939431123 0.0001584999990882352 4
1762939431144 0.00020799999765586108 5
1762939431175 0.0002575000107754022 6
1762939431206 0.00030700000934302807 7
1762939431232 0.00035650000791065395 8
1762939431263 0.00040600000647827983 9
1762939431295 0.0004555000050459057 10
1762939431339 0.0005050000036135316 11
1762939431357 0.000554499973077327 12
1762939431388 0.0006040000007487833 13
1762939431428 0.0006535000284202397 14
1762939431459 0.0007029999978840351 15
1762939431491 0.0007525000255554914 16
1762939431528 0.0008019999950192869 17
1762939431560 0.0008515000226907432 18
1762939431592 0.0009009999921545386 19
1762939431623 0.000950500019825995 20
1762939431638 0.0010000000474974513 21
1762939431670 0.0009996530134230852 22
1762939431701 0.0009986128425225616 23
1762939431745 0.0009968808153644204 24
1762939431780 0.0009944597259163857 25
1762939431811 0.0009913534158840775 26
1762939431845 0.0009875664254650474 27
1762939431873 0.00098310480825603 28
1762939431905 0.0009779754327610135 29
1762939431936 0.00097218609880656 30
1762939431971 0.0009657457703724504 31
1762939432002 0.0009586644009687006 32
1762939432035 0.0009509529336355627 33
1762939432062 0.0009426231845282018 34
1762939432092 0.0009336880757473409 35
1762939432123 0.0009241613443009555 36
1762939432154 0.0009140576585195959 37
1762939432185 0.0009033926180563867 38
1762939432217 0.0008921826956793666 39
1762939432248 0.0008804451208561659 40
1762939432284 0.0008681980543769896 41
1762939432310 0.0008554603555239737 42
1762939432346 0.000842251640278846 43
