1762939430979 0.7456848621368408 1
1762939431013 0.6731791496276855 2
1762939431054 0.5841137766838074 3
1762939431096 0.5172414183616638 4
1762939431128 0.4614909291267395 5
1762939431144 0.4098413586616516 6
1762939431175 0.35862183570861816 7
1762939431206 0.31900814175605774 8
1762939431248 0.2799120247364044 9
1762939431279 0.25033363699913025 10
1762939431313 0.22398312389850616 11
1762939431342 0.2069394588470459 12
1762939431373 0.18832895159721375 13
1762939431407 0.178416445851326 14
1762939431428 0.17153488099575043 15
1762939431459 0.16242170333862305 16
1762939431491 0.15573689341545105 17
1762939431533 0.15069617331027985 18
1762939431560 0.1454053670167923 19
1762939431592 0.14043544232845306 20
1762939431623 0.13807114958763123 21
1762939431654 0.1352219581604004 22
1762939431685 0.13174867630004883 23
1762939431720 0.12975984811782837 24
1762939431745 0.1281304657459259 25
1762939431785 0.12808658182621002 26
1762939431811 0.12604443728923798 27
1762939431849 0.12550599873065948 28
1762939431873 0.12480046600103378 29
1762939431905 0.12260478734970093 30
1762939431936 0.1230047345161438 31
1762939431975 0.12259659916162491 32
1762939432006 0.12029856443405151 33
1762939432041 0.12104764580726624 34
1762939432062 0.12028996646404266 35
1762939432092 0.12008974701166153 36
1762939432123 0.11936357617378235 37
1762939432154 0.11889363825321198 38
1762939432185 0.11842440068721771 39
1762939432217 0.11821358650922775 40
1762939432248 0.11776237189769745 41
1762939432288 0.11743482947349548 42
1762939432310 0.11805238574743271 43
