1762939707007 0.1080588698387146 1
1762939707029 0.04518826678395271 2
1762939707043 0.03086661919951439 3
1762939707052 0.02393164485692978 4
1762939707063 0.021546870470046997 5
1762939707072 0.019048698246479034 6
1762939707082 0.017205391079187393 7
1762939707091 0.016476968303322792 8
1762939707094 0.01506971474736929 9
1762939707094 0.014740060083568096 10
1762939707117 0.013532459735870361 11
1762939707126 0.013594833202660084 12
1762939707135 0.013102621771395206 13
1762939707144 0.013015083968639374 14
1762939707152 0.012643988244235516 15
1762939707162 0.012267574667930603 16
1762939707168 0.01174950785934925 17
1762939707168 0.01130724512040615 18
1762939707184 0.011649839580059052 19
1762939707184 0.011111177504062653 20
1762939707199 0.010848157107830048 21
1762939707215 0.010852270759642124 22
1762939707215 0.01057346723973751 23
1762939707230 0.010660137981176376 24
1762939707230 0.010564054362475872 25
1762939707246 0.01037108525633812 26
1762939707246 0.010350193828344345 27
1762939707262 0.010619894601404667 28
1762939707277 0.010217133909463882 29
1762939707277 0.010042089968919754 30
1762939707293 0.009888684377074242 31
1762939707293 0.009885506704449654 32
1762939707309 0.010120413266122341 33
1762939707309 0.01002317201346159 34
1762939707324 0.009822399355471134 35
1762939707324 0.00985671579837799 36
1762939707340 0.01042608916759491 37
1762939707355 0.009918197058141232 38
1762939707365 0.009774276055395603 39
1762939707375 0.010239453054964542 40
1762939707384 0.00993602629750967 41
1762939707392 0.010259883478283882 42
1762939707392 0.010021711699664593 43
1762939707408 0.009937157854437828 44
1762939707408 0.009997976012527943 45
1762939707428 0.009936504065990448 46
1762939707437 0.010156692937016487 47
1762939707442 0.010236331261694431 48
1762939707442 0.009872525930404663 49
1762939707458 0.010198278352618217 50
1762939707458 0.009908423759043217 51
1762939707474 0.009882012382149696 52
1762939707489 0.009925314225256443 53
1762939707489 0.009869012981653214 54
1762939707505 0.010052110068500042 55
1762939707505 0.01025125477463007 56
1762939707521 0.010092603974044323 57
1762939707521 0.010211127810180187 58
1762939707536 0.00985693745315075 59
1762939707536 0.010207821615040302 60
1762939707552 0.010280363261699677 61
1762939707567 0.010182901285588741 62
1762939707567 0.010447652079164982 63
1762939707583 0.010044439695775509 64
1762939707583 0.010415450669825077 65
1762939707599 0.010167722590267658 66
1762939707614 0.010471982881426811 67
1762939707614 0.010838957503437996 68
1762939707630 0.010120198130607605 69
1762939707630 0.010839193128049374 70
1762939707650 0.009837107732892036 71
1762939707658 0.010250488296151161 72
1762939707667 0.009997401386499405 73
1762939707676 0.009788572788238525 74
1762939707685 0.009320546872913837 75
1762939707694 0.009131154976785183 76
1762939707703 0.00914059765636921 77
1762939707712 0.008843420073390007 78
1762939707716 0.009028654545545578 79
1762939707716 0.008836758323013783 80
1762939707739 0.008492869324982166 81
1762939707749 0.008610375225543976 82
1762939707757 0.00805675983428955 83
1762939707759 0.00785056035965681 84
1762939707775 0.007732325233519077 85
1762939707775 0.007612780202180147 86
1762939707790 0.0072533623315393925 87
1762939707790 0.006863194517791271 88
1762939707811 0.006844816263765097 89
1762939707820 0.006585686933249235 90
1762939707826 0.006409735418856144 91
1762939707826 0.006452111527323723 92
1762939707842 0.0062239086255431175 93
1762939707857 0.0063288407400250435 94
1762939707857 0.006104946602135897 95
1762939707873 0.005911124404519796 96
1762939707873 0.005907977465540171 97
1762939707888 0.005691322032362223 98
1762939707888 0.005556234624236822 99
1762939707904 0.0056746238842606544 100
