1762939530801 0.13992153108119965 1
1762939530807 0.043295685201883316 2
1762939530819 0.03141893818974495 3
1762939530819 0.026808353140950203 4
1762939530842 0.027083203196525574 5
1762939530852 0.024932213127613068 6
1762939530861 0.024550478905439377 7
1762939530870 0.023790547624230385 8
1762939530872 0.023644471541047096 9
1762939530888 0.02292081154882908 10
1762939530888 0.022239437326788902 11
1762939530903 0.022275634109973907 12
1762939530903 0.022385789081454277 13
1762939530919 0.022019993513822556 14
1762939530919 0.02157927118241787 15
1762939530935 0.020857080817222595 16
1762939530935 0.021286189556121826 17
1762939530950 0.021129185333848 18
1762939530966 0.020665746182203293 19
1762939530966 0.020572030916810036 20
1762939530981 0.020729469135403633 21
1762939530981 0.0208172295242548 22
1762939530997 0.020735278725624084 23
1762939530997 0.020290834829211235 24
1762939531013 0.02025553397834301 25
1762939531013 0.020496580749750137 26
1762939531028 0.020174216479063034 27
1762939531044 0.020310699939727783 28
1762939531044 0.020109068602323532 29
1762939531064 0.02052396535873413 30
1762939531073 0.020204057916998863 31
1762939531082 0.0205734483897686 32
1762939531090 0.02041926421225071 33
1762939531092 0.020476292818784714 34
1762939531107 0.020421812310814857 35
1762939531107 0.019876016303896904 36
1762939531123 0.01991824433207512 37
1762939531123 0.01988411881029606 38
1762939531144 0.020174652338027954 39
1762939531153 0.019977692514657974 40
1762939531162 0.019669216126203537 41
1762939531171 0.020171375945210457 42
1762939531180 0.01993236318230629 43
1762939531189 0.01948096789419651 44
1762939531198 0.019668111577630043 45
1762939531201 0.01946420967578888 46
1762939531201 0.019586583599448204 47
1762939531217 0.019397228956222534 48
1762939531233 0.01958630606532097 49
1762939531233 0.01954783871769905 50
1762939531248 0.019582726061344147 51
1762939531248 0.01932474970817566 52
1762939531264 0.019471466541290283 53
1762939531264 0.019669612869620323 54
1762939531287 0.019531868398189545 55
1762939531296 0.019423218443989754 56
1762939531305 0.019616058096289635 57
1762939531310 0.019587116315960884 58
1762939531310 0.019107157364487648 59
1762939531325 0.019687211140990257 60
1762939531325 0.019388699904084206 61
1762939531341 0.019301926717162132 62
1762939531357 0.019586168229579926 63
1762939531357 0.019132912158966064 64
1762939531372 0.018993761390447617 65
1762939531372 0.01868891902267933 66
1762939531388 0.019345711916685104 67
1762939531403 0.019250238314270973 68
1762939531403 0.01899808831512928 69
1762939531419 0.019028978422284126 70
1762939531419 0.019208474084734917 71
1762939531435 0.019319212064146996 72
1762939531435 0.019510777667164803 73
1762939531457 0.019405610859394073 74
1762939531466 0.019005171954631805 75
1762939531475 0.01929287426173687 76
1762939531483 0.019380107522010803 77
1762939531483 0.019090324640274048 78
1762939531499 0.019147658720612526 79
1762939531499 0.019433777779340744 80
1762939531518 0.019255245104432106 81
1762939531527 0.019550446420907974 82
1762939531536 0.019465157762169838 83
1762939531545 0.019127681851387024 84
1762939531553 0.019241951406002045 85
1762939531562 0.019474176689982414 86
1762939531571 0.01925794593989849 87
1762939531580 0.019246608018875122 88
1762939531588 0.01948196440935135 89
1762939531598 0.01901465654373169 90
1762939531607 0.019468048587441444 91
1762939531616 0.019467871636152267 92
1762939531625 0.01944579742848873 93
1762939531633 0.019185755401849747 94
1762939531638 0.019409235566854477 95
1762939531638 0.01948569528758526 96
1762939531654 0.019638650119304657 97
1762939531654 0.01921905018389225 98
1762939531669 0.01953965611755848 99
1762939531685 0.019422635436058044 100
