1762939430979 0.8739787936210632 1
1762939431028 0.7184826135635376 2
1762939431062 0.5411543846130371 3
1762939431105 0.42296987771987915 4
1762939431128 0.33454450964927673 5
1762939431160 0.2654411494731903 6
1762939431191 0.204114630818367 7
1762939431229 0.162519633769989 8
1762939431248 0.1250719130039215 9
1762939431279 0.09912052750587463 10
1762939431321 0.07992253452539444 11
1762939431342 0.06846295297145844 12
1762939431373 0.05667838826775551 13
1762939431416 0.050758540630340576 14
1762939431444 0.046700168401002884 15
1762939431475 0.04194246605038643 16
1762939431509 0.03908317908644676 17
1762939431544 0.03656230866909027 18
1762939431560 0.034060925245285034 19
1762939431592 0.03232506662607193 20
1762939431623 0.03155915439128876 21
1762939431654 0.030218370258808136 22
1762939431685 0.02907516621053219 23
1762939431729 0.028619922697544098 24
1762939431762 0.0279806237667799 25
1762939431795 0.028163745999336243 26
1762939431826 0.02743636816740036 27
1762939431858 0.02726268209517002 28
1762939431889 0.02696126326918602 29
1762939431920 0.026480676606297493 30
1762939431951 0.026549896225333214 31
1762939431984 0.026473531499505043 32
1762939432014 0.025717182084918022 33
1762939432050 0.02600965090095997 34
1762939432081 0.025750253349542618 35
1762939432107 0.025988049805164337 36
1762939432138 0.025428226217627525 37
1762939432170 0.025349702686071396 38
1762939432201 0.025445090606808662 39
1762939432232 0.02534375712275505 40
1762939432263 0.025151873007416725 41
1762939432297 0.024944238364696503 42
1762939432326 0.025202404707670212 43
