1762346935694 0.024399394169449806 1
1762346935714 0.011447016149759293 2
1762346935723 0.009903120808303356 3
1762346935732 0.008959328755736351 4
1762346935740 0.008352414704859257 5
1762346935750 0.008031263947486877 6
1762346935758 0.008113565854728222 7
1762346935767 0.007780869957059622 8
1762346935775 0.007489669136703014 9
1762346935783 0.007460304535925388 10
1762346935791 0.007368939463049173 11
1762346935799 0.0073190610855817795 12
1762346935807 0.0074107288382947445 13
1762346935816 0.007145984563976526 14
1762346935824 0.007184148766100407 15
1762346935832 0.007057135924696922 16
1762346935835 0.007186311297118664 17
1762346935835 0.006970970891416073 18
1762346935856 0.007148665376007557 19
1762346935864 0.007009579800069332 20
1762346935866 0.007099327631294727 21
1762346935866 0.006989681161940098 22
1762346935882 0.0070334323681890965 23
1762346935882 0.006993007846176624 24
1762346935903 0.006958568934351206 25
1762346935911 0.0068962727673351765 26
1762346935913 0.006945377681404352 27
1762346935913 0.006783381104469299 28
1762346935929 0.006831352133303881 29
1762346935929 0.006726897321641445 30
1762346935945 0.006689376663416624 31
1762346935945 0.006654339376837015 32
1762346935967 0.006630894728004932 33
1762346935976 0.0066197337582707405 34
1762346935976 0.006579591892659664 35
1762346935991 0.00657787686213851 36
1762346935991 0.006499838549643755 37
1762346936009 0.006460676901042461 38
1762346936017 0.006486399099230766 39
1762346936022 0.006484433077275753 40
1762346936022 0.006507776211947203 41
1762346936038 0.006390956696122885 42
1762346936038 0.0063883038237690926 43
1762346936053 0.006405471358448267 44
1762346936053 0.0063605597242712975 45
1762346936074 0.006330518517643213 46
1762346936083 0.00632832245901227 47
1762346936091 0.006317514926195145 48
1762346936099 0.006269000470638275 49
1762346936100 0.006370763294398785 50
1762346936100 0.006297799292951822 51
1762346936116 0.006272990722209215 52
1762346936132 0.006182367447763681 53
1762346936132 0.006213731598109007 54
1762346936147 0.006151529029011726 55
1762346936147 0.006192340981215239 56
1762346936163 0.006087117828428745 57
1762346936163 0.00609350111335516 58
1762346936181 0.006052851211279631 59
1762346936189 0.006023425608873367 60
1762346936195 0.006032146513462067 61
1762346936195 0.006028724368661642 62
1762346936214 0.0059717088006436825 63
1762346936222 0.0061117070727050304 64
1762346936230 0.005937258247286081 65
1762346936238 0.005973349791020155 66
1762346936241 0.005903163459151983 67
1762346936241 0.005921707488596439 68
1762346936257 0.005932678934186697 69
1762346936272 0.005892630200833082 70
1762346936272 0.005856790114194155 71
1762346936288 0.005837199278175831 72
1762346936297 0.005900230258703232 73
1762346936305 0.00592350959777832 74
1762346936313 0.005913174245506525 75
1762346936321 0.005761561915278435 76
1762346936329 0.0057695419527590275 77
1762346936334 0.005989520810544491 78
1762346936334 0.005905528087168932 79
1762346936350 0.005795202683657408 80
1762346936350 0.005735541228204966 81
