1762348684474 0.03506302088499069 1
1762348684494 0.010309875011444092 2
1762348684503 0.009056327864527702 3
1762348684514 0.008266039192676544 4
1762348684522 0.007738481275737286 5
1762348684523 0.0073323845863342285 6
1762348684539 0.006960493978112936 7
1762348684539 0.00667881453409791 8
1762348684558 0.006508022081106901 9
1762348684566 0.006312068086117506 10
1762348684574 0.006180788390338421 11
1762348684582 0.006096149329096079 12
1762348684589 0.006008150056004524 13
1762348684589 0.005955174099653959 14
1762348684605 0.005911320447921753 15
1762348684605 0.005871870554983616 16
1762348684624 0.005838798359036446 17
1762348684632 0.005844952072948217 18
1762348684641 0.005819929298013449 19
1762348684649 0.00576887046918273 20
1762348684654 0.00577500369399786 21
1762348684654 0.0057642050087451935 22
1762348684670 0.0057761394418776035 23
1762348684670 0.005775120574980974 24
1762348684686 0.005722539499402046 25
1762348684686 0.005682295188307762 26
1762348684701 0.005721934139728546 27
1762348684701 0.005708307959139347 28
1762348684717 0.005677616689354181 29
1762348684717 0.00562988081946969 30
1762348684733 0.005626964382827282 31
1762348684733 0.005629406776279211 32
1762348684748 0.005626334808766842 33
1762348684748 0.005636146292090416 34
1762348684764 0.005592960864305496 35
1762348684764 0.005578786134719849 36
1762348684786 0.005588841624557972 37
1762348684794 0.005562219303101301 38
1762348684802 0.005555496551096439 39
1762348684810 0.005480397492647171 40
1762348684818 0.005439352709800005 41
1762348684818 0.005406481679528952 42
1762348684834 0.005345425568521023 43
1762348684834 0.005316691007465124 44
1762348684849 0.005286309868097305 45
1762348684849 0.005266156047582626 46
1762348684865 0.005187699105590582 47
1762348684865 0.005233170930296183 48
1762348684882 0.005183585453778505 49
1762348684890 0.005206163041293621 50
1762348684898 0.0051770457066595554 51
1762348684906 0.005184867884963751 52
1762348684914 0.0051462408155202866 53
1762348684922 0.005132138263434172 54
1762348684930 0.005114132538437843 55
1762348684938 0.005120074842125177 56
1762348684943 0.005114065948873758 57
1762348684943 0.005162868648767471 58
1762348684959 0.005071338266134262 59
1762348684959 0.005098653491586447 60
1762348684979 0.005053268745541573 61
1762348684987 0.005075379740446806 62
1762348684995 0.0050721303559839725 63
1762348685003 0.005034173373132944 64
1762348685006 0.005013003945350647 65
1762348685006 0.004977044183760881 66
1762348685028 0.0050140623934566975 67
1762348685038 0.004972002003341913 68
1762348685046 0.004984267521649599 69
1762348685053 0.004948736168444157 70
1762348685053 0.0049626389518380165 71
1762348685068 0.004933807533234358 72
1762348685068 0.00488590681925416 73
1762348685084 0.004852083511650562 74
1762348685084 0.004859848413616419 75
1762348685102 0.004842550028115511 76
1762348685110 0.004792246036231518 77
1762348685115 0.004854914732277393 78
1762348685115 0.0048200530000030994 79
1762348685130 0.004828069359064102 80
1762348685130 0.0048039937391877174 81
1762348685150 0.004793107975274324 82
1762348685159 0.0047978893853724 83
1762348685167 0.0047964355908334255 84
1762348685175 0.004741236101835966 85
1762348685183 0.00472931656986475 86
1762348685188 0.004705666098743677 87
1762348685188 0.004702310543507338 88
1762348685204 0.004693981260061264 89
1762348685204 0.004695286508649588 90
1762348685220 0.004661735147237778 91
1762348685220 0.0046587418764829636 92
1762348685235 0.004680877085775137 93
1762348685235 0.004619073122739792 94
1762348685251 0.00461191451177001 95
1762348685251 0.004612576682120562 96
1762348685266 0.004589336924254894 97
1762348685266 0.004593107849359512 98
1762348685282 0.0046121967025101185 99
1762348685282 0.004571476485580206 100
