1762516825153 4.999999873689376e-05 1
1762516825184 0.00029749999521300197 2
1762516825212 0.0005450000171549618 3
1762516825239 0.0007924999808892608 4
1762516825261 0.0010400000028312206 5
1762516825292 0.0012875000247731805 6
1762516825312 0.0015350000467151403 7
1762516825343 0.0017824999522417784 8
1762516825379 0.00203000009059906 9
1762516825393 0.002277499996125698 10
1762516825428 0.002524999901652336 11
1762516825460 0.002772500040009618 12
1762516825486 0.003019999945536256 13
1762516825513 0.0032675000838935375 14
1762516825529 0.0035149999894201756 15
1762516825563 0.0037624998949468136 16
1762516825595 0.004009999800473452 17
1762516825614 0.004257500171661377 18
1762516825650 0.004505000077188015 19
1762516825677 0.004752499982714653 20
1762516825707 0.004999999888241291 21
1762516825721 0.00499826529994607 22
1762516825752 0.004993063863366842 23
1762516825781 0.00498440396040678 24
1762516825815 0.004972298629581928 25
1762516825831 0.004956766963005066 26
1762516825866 0.004937832243740559 27
1762516825899 0.004915524274110794 28
1762516825916 0.004889877047389746 29
1762516825947 0.004860930610448122 30
1762516825967 0.00482872873544693 31
1762516825998 0.004793322179466486 32
1762516826033 0.0047547644935548306 33
1762516826064 0.004713116213679314 34
1762516826083 0.004668440204113722 35
1762516826119 0.004620806779712439 36
