1762516947619 0.008498753421008587 1
1762516947628 0.006763096898794174 2
1762516947633 0.006759327370673418 3
1762516947646 0.006758380681276321 4
1762516947652 0.006761408410966396 5
1762516947664 0.006758131552487612 6
1762516947664 0.006755539681762457 7
1762516947682 0.0067604039795696735 8
1762516947690 0.006758274510502815 9
1762516947699 0.006758540868759155 10
1762516947707 0.006756360176950693 11
1762516947715 0.006758719217032194 12
1762516947723 0.006757822819054127 13
1762516947731 0.006757460068911314 14
1762516947736 0.006758225150406361 15
1762516947736 0.006757895927876234 16
1762516947752 0.006757641676813364 17
1762516947752 0.006757558789104223 18
1762516947766 0.006758169736713171 19
1762516947766 0.006757764611393213 20
1762516947781 0.006757904775440693 21
1762516947781 0.006757418159395456 22
1762516947797 0.006757939700037241 23
1762516947797 0.006757954601198435 24
1762516947816 0.0067575182765722275 25
1762516947816 0.00675753690302372 26
