1762516825128 0.159455806016922 1
1762516825161 0.1476401537656784 2
1762516825193 0.13556264340877533 3
1762516825220 0.1189974844455719 4
1762516825247 0.10824601352214813 5
1762516825261 0.09279574453830719 6
1762516825292 0.08146999031305313 7
1762516825327 0.07191979885101318 8
1762516825358 0.06858181208372116 9
1762516825387 0.07009648531675339 10
1762516825412 0.06577606499195099 11
1762516825428 0.06540162861347198 12
1762516825468 0.06511420756578445 13
1762516825486 0.06488773971796036 14
1762516825513 0.06485682725906372 15
1762516825544 0.06521833688020706 16
1762516825563 0.06362169981002808 17
1762516825595 0.0665622130036354 18
1762516825629 0.0649392232298851 19
1762516825658 0.06807893514633179 20
1762516825685 0.06358233839273453 21
1762516825716 0.06507430970668793 22
1762516825736 0.0669783428311348 23
1762516825765 0.0649772584438324 24
1762516825796 0.06393030285835266 25
1762516825815 0.0629250779747963 26
1762516825847 0.06557556986808777 27
1762516825866 0.06206179037690163 28
1762516825907 0.06228895112872124 29
1762516825932 0.06426504254341125 30
1762516825963 0.06284800171852112 31
1762516825982 0.0640592947602272 32
1762516826013 0.05956098437309265 33
1762516826033 0.06187025085091591 34
1762516826067 0.06297219544649124 35
1762516826100 0.06172474846243858 36
