1762516825128 0.0466826930642128 1
1762516825161 0.03998088464140892 2
1762516825197 0.033849574625492096 3
1762516825224 0.026055265218019485 4
1762516825251 0.02174655720591545 5
1762516825277 0.01698659360408783 6
1762516825308 0.013899586163461208 7
1762516825327 0.010718300938606262 8
1762516825362 0.009948591701686382 9
1762516825390 0.010790632106363773 10
1762516825412 0.0095057412981987 11
1762516825444 0.009465813636779785 12
1762516825471 0.009307644329965115 13
1762516825486 0.009084992110729218 14
1762516825513 0.009150424972176552 15
1762516825544 0.00920215155929327 16
1762516825579 0.008771225810050964 17
1762516825595 0.00981137901544571 18
1762516825629 0.00926177203655243 19
1762516825662 0.010285161435604095 20
1762516825690 0.008942250162363052 21
1762516825721 0.009393026120960712 22
1762516825736 0.009834613651037216 23
1762516825765 0.009273971430957317 24
1762516825796 0.009048046544194221 25
1762516825815 0.008770170621573925 26
1762516825847 0.00987271685153246 27
1762516825884 0.00881829485297203 28
1762516825908 0.008792995475232601 29
1762516825932 0.009409800171852112 30
1762516825967 0.008936312980949879 31
1762516825982 0.00951574370265007 32
1762516826017 0.008196278475224972 33
1762516826033 0.008492995984852314 34
1762516826067 0.009029396809637547 35
1762516826103 0.008670412935316563 36
