1762883480856 9.999999747378752e-05 1
1762883480895 0.0005949999904260039 2
1762883480924 0.0010900000343099236 3
1762883480947 0.0015849999617785215 4
1762883480979 0.0020800000056624413 5
1762883481007 0.002575000049546361 6
1762883481023 0.0030700000934302807 7
1762883481054 0.0035649999044835567 8
1762883481085 0.00406000018119812 9
1762883481117 0.004554999992251396 10
1762883481148 0.005049999803304672 11
1762883481181 0.005545000080019236 12
1762883481210 0.006039999891072512 13
1762883481238 0.006535000167787075 14
1762883481266 0.007029999978840351 15
1762883481282 0.007524999789893627 16
1762883481325 0.008019999600946903 17
