1762883480836 0.15169298648834229 1
1762883480866 0.11389713734388351 2
1762883480900 0.10069773346185684 3
1762883480928 0.09546680748462677 4
1762883480947 0.09296154230833054 5
1762883480979 0.09106021374464035 6
1762883481007 0.08940859884023666 7
1762883481039 0.08867886662483215 8
1762883481054 0.08817033469676971 9
1762883481085 0.08831548690795898 10
1762883481117 0.08822154253721237 11
1762883481148 0.08739607781171799 12
1762883481185 0.08763490617275238 13
1762883481214 0.0875864326953888 14
1762883481242 0.08733721077442169 15
1762883481271 0.08809226006269455 16
1762883481300 0.08810034394264221 17
1762883721710 0.028192762285470963 1
1762883721719 0.019247006624937057 2
1762883721728 0.01716792583465576 3
1762883721732 0.016332488507032394 4
1762883721747 0.015795178711414337 5
1762883721756 0.015324457548558712 6
1762883721765 0.01489848829805851 7
1762883721773 0.014546708203852177 8
1762883721782 0.014301721006631851 9
1762883721790 0.013862949796020985 10
1762883721794 0.01339960191398859 11
1762883721794 0.013008496724069118 12
1762883721810 0.012642155401408672 13
1762883721810 0.012250425294041634 14
1762883721825 0.011996621266007423 15
1762883721825 0.011728844605386257 16
1762883721841 0.011374774388968945 17
1762883721841 0.010959024541079998 18
1762883721857 0.010769116692245007 19
1762883721857 0.010707726702094078 20
1762883721880 0.010304318740963936 21
1762883721889 0.010126751847565174 22
1762883721901 0.010092378593981266 23
1762883721909 0.009878501296043396 24
1762883721910 0.009802229702472687 25
1762883721910 0.009630006738007069 26
1762883721926 0.00943614263087511 27
1762883721926 0.009412381798028946 28
1762883721942 0.00931396521627903 29
1762883721957 0.008886126801371574 30
1762883721957 0.009012478403747082 31
1762883721973 0.008808696642518044 32
1762883721981 0.008550761267542839 33
1762883721990 0.008364260196685791 34
1762883721990 0.008323400281369686 35
1762883722006 0.008245007134974003 36
1762883722022 0.008015344850718975 37
1762883722022 0.00791118573397398 38
1762883722037 0.007886139675974846 39
1762883722037 0.007698177359998226 40
1762883722053 0.007656751666218042 41
1762883722061 0.007599737495183945 42
1762883722070 0.007470737677067518 43
1762883722078 0.007573871873319149 44
1762883722086 0.007414538413286209 45
1762883722095 0.0072598024271428585 46
1762883722103 0.007173543330281973 47
1762883722110 0.007141501177102327 48
1762883722110 0.0071349358186125755 49
1762883722125 0.007105465978384018 50
1762883722125 0.006940621417015791 51
1762883722141 0.006929274182766676 52
1762883722141 0.006820539943873882 53
1762883722157 0.0069602965377271175 54
1762883722157 0.006815165281295776 55
1762883722177 0.006749861873686314 56
1762883722177 0.006738937459886074 57
1762883722194 0.006680707447230816 58
1762883722202 0.006625369656831026 59
1762883722211 0.006671898998320103 60
1762883722219 0.0066215889528393745 61
1762883722228 0.006446971092373133 62
1762883722228 0.006513832602649927 63
1762883722244 0.006380720064043999 64
1762883722244 0.006373274140059948 65
1762883722259 0.006465930957347155 66
1762883722259 0.006274971179664135 67
1762883722278 0.006296443287283182 68
1762883722286 0.006236051209270954 69
1762883722295 0.006152419373393059 70
1762883722303 0.0060822139494121075 71
1762883722310 0.006493954453617334 72
1762883722310 0.0064159296452999115 73
1762883722325 0.006503363139927387 74
1762883722325 0.00607976783066988 75
1762883722341 0.005972445476800203 76
1762883722341 0.006103885360062122 77
1762883722357 0.005916697438806295 78
1762883722357 0.005873247981071472 79
1762883722376 0.005980101879686117 80
1762883722384 0.005890025291591883 81
1762883722393 0.00584727106615901 82
1762883722401 0.005727044306695461 83
1762883722409 0.005598924122750759 84
1762883722417 0.005753078032284975 85
1762883722425 0.006048094946891069 86
1762883722427 0.005867214873433113 87
1762883722427 0.005697769112884998 88
1762883722451 0.005695063155144453 89
1762883722459 0.0057395040057599545 90
1762883722467 0.0063683693297207355 91
1762883722475 0.006401131395250559 92
1762883722477 0.00567916315048933 93
1762883722477 0.005506879184395075 94
1762883722499 0.005507449619472027 95
1762883722507 0.005578207317739725 96
1762883722517 0.005737711675465107 97
1762883722522 0.0055534024722874165 98
1762883722522 0.0055718328803777695 99
1762883722538 0.0053871977142989635 100
1762884078114 0.012417398393154144 1
1762884078124 0.00712970457971096 2
1762884078129 0.00674019567668438 3
1762884078129 0.006491956766694784 4
1762884078154 0.0063918959349393845 5
1762884078162 0.00628583412617445 6
1762884078167 0.006165202707052231 7
1762884078181 0.006076211575418711 8
1762884078189 0.005938468500971794 9
1762884078198 0.005866702646017075 10
1762884078208 0.005764845293015242 11
1762884078217 0.005686555057764053 12
1762884078222 0.005594827234745026 13
1762884078222 0.005568669177591801 14
1762884078238 0.005516905337572098 15
1762884078257 0.005431724712252617 16
1762884078266 0.005399968940764666 17
1762884078278 0.005339931230992079 18
1762884078278 0.0052764141000807285 19
1762884078294 0.005205190274864435 20
1762884078294 0.0051463330164551735 21
1762884078313 0.005145519506186247 22
1762884078322 0.005124710500240326 23
1762884078332 0.005073883105069399 24
1762884078332 0.005050824023783207 25
1762884078347 0.005051550455391407 26
1762884078347 0.005019580479711294 27
1762884078363 0.005001570098102093 28
1762884078363 0.0049657439813017845 29
1762884078378 0.004956715274602175 30
1762884078394 0.004964960739016533 31
1762884078394 0.004925014916807413 32
1762884078410 0.004936720710247755 33
1762884078410 0.004900946281850338 34
1762884078425 0.004880558233708143 35
1762884078425 0.0049002934247255325 36
1762884078441 0.0048696198500692844 37
1762884078457 0.004883752670139074 38
1762884078457 0.0048774126917123795 39
1762884078472 0.004861562512814999 40
1762884078472 0.004846224561333656 41
1762884078488 0.004841469693928957 42
1762884078488 0.004840975161641836 43
1762884078503 0.0048322612419724464 44
1762884078519 0.004808604251593351 45
1762884078519 0.004842543974518776 46
1762884078535 0.004810351878404617 47
1762884078535 0.004829843994230032 48
1762884078550 0.004779936280101538 49
1762884078550 0.004806223325431347 50
1762884078574 0.004784496501088142 51
1762884078582 0.004788542166352272 52
1762884078590 0.0047749485820531845 53
1762884078599 0.004722363781183958 54
1762884078608 0.00476458016782999 55
1762884078612 0.004761354066431522 56
1762884078612 0.004727884195744991 57
1762884078633 0.004716843832284212 58
1762884078641 0.00473311822861433 59
1762884078650 0.00471640145406127 60
1762884078659 0.004683410748839378 61
1762884078664 0.0046802302822470665 62
1762884078664 0.004688610788434744 63
1762884078686 0.004666738212108612 64
1762884078694 0.004634931683540344 65
1762884078702 0.004643865395337343 66
1762884078710 0.004692564718425274 67
1762884078718 0.004618391860276461 68
1762884078727 0.004653081297874451 69
1762884078735 0.004649423994123936 70
1762884078743 0.004622059874236584 71
1762884078751 0.004595304373651743 72
1762884078759 0.004595463629812002 73
1762884078768 0.00457781134173274 74
1762884078769 0.004596786107867956 75
1762884078769 0.004616279620677233 76
1762884078785 0.004589172080159187 77
1762884078785 0.004551801830530167 78
1762884078800 0.004535459913313389 79
1762884078816 0.004560357425361872 80
1762884078816 0.0045366594567894936 81
1762884078832 0.004517513792961836 82
1762884078832 0.004575845319777727 83
1762884078847 0.004546665586531162 84
1762884078847 0.0045363460667431355 85
1762884078864 0.004545513540506363 86
1762884078872 0.0044876583851873875 87
1762884078881 0.004501166753470898 88
1762884078889 0.004533169791102409 89
1762884078898 0.004480054136365652 90
1762884078906 0.004455205984413624 91
1762884078911 0.004458205308765173 92
1762884078911 0.004443045239895582 93
1762884078927 0.0044338577426970005 94
1762884078927 0.004426578991115093 95
1762884078943 0.0043848310597240925 96
1762884078943 0.004448230378329754 97
1762884078964 0.004398659337311983 98
1762884078972 0.004478296730667353 99
1762884078982 0.004394975490868092 100
