1762883480837 0.15169298648834229 1
1762883480866 0.11389713734388351 2
1762883480904 0.10069773346185684 3
1762883480932 0.09546680748462677 4
1762883480947 0.09296154230833054 5
1762883480979 0.09106021374464035 6
1762883481007 0.08940859884023666 7
1762883481039 0.08867886662483215 8
1762883481070 0.08817033469676971 9
1762883481101 0.08831548690795898 10
1762883481117 0.08822154253721237 11
1762883481148 0.08739607781171799 12
1762883481189 0.08763490617275238 13
1762883481218 0.0875864326953888 14
1762883481246 0.08733721077442169 15
1762883481275 0.08809226006269455 16
1762883481304 0.08810034394264221 17
