1762883480837 0.04206498712301254 1
1762883480866 0.023924987763166428 2
1762883480908 0.018540075048804283 3
1762883480932 0.016853386536240578 4
1762883480963 0.016189683228731155 5
1762883480979 0.01559743657708168 6
1762883481007 0.015224725008010864 7
1762883481039 0.015030674636363983 8
1762883481070 0.014827365055680275 9
1762883481101 0.014857059344649315 10
1762883481132 0.014753826893866062 11
1762883481148 0.014659457840025425 12
1762883481193 0.014646317809820175 13
1762883481222 0.014684414491057396 14
1762883481247 0.014557317830622196 15
1762883481279 0.014720086939632893 16
1762883481308 0.014752528630197048 17
