1762253343175 4.999999873689376e-05 1
1762253343216 0.00029749999521300197 2
1762253343262 0.0005450000171549618 3
1762253343295 0.0007924999808892608 4
1762253343345 0.0010400000028312206 5
1762253343394 0.0012875000247731805 6
1762253343440 0.0015350000467151403 7
1762253343484 0.0017824999522417784 8
1762253343529 0.00203000009059906 9
1762253343565 0.002277499996125698 10
1762253343614 0.002524999901652336 11
1762253343652 0.002772500040009618 12
1762253343697 0.003019999945536256 13
1762253343745 0.0032675000838935375 14
1762253343789 0.0035149999894201756 15
1762253343831 0.0037624998949468136 16
1762253343878 0.004009999800473452 17
1762253343935 0.004257500171661377 18
1762253343988 0.004505000077188015 19
1762253344025 0.004752499982714653 20
1762253344043 0.004999999888241291 21
1762253344096 0.00499826529994607 22
1762253344145 0.004993063863366842 23
1762253344194 0.00498440396040678 24
1762253344236 0.004972298629581928 25
1762253344279 0.004956766963005066 26
1762253344326 0.004937832243740559 27
1762253344363 0.004915524274110794 28
1762253344418 0.004889877047389746 29
1762253344464 0.004860930610448122 30
1762253344495 0.00482872873544693 31
1762253344550 0.004793322179466486 32
1762253344597 0.0047547644935548306 33
1762253344642 0.004713116213679314 34
1762253344685 0.004668440204113722 35
1762253344729 0.004620806779712439 36
1762253344771 0.004570288117974997 37
1762253344815 0.004516962915658951 38
1762253344863 0.004460913594812155 39
1762253344902 0.004402225837111473 40
1762253344940 0.004340990446507931 41
1762253344977 0.004277301486581564 42
1762253345014 0.004211258143186569 43
1762253345045 0.004142961464822292 44
1762253345087 0.004072516690939665 45
1762253345121 0.004000033251941204 46
1762253345148 0.003925621975213289 47
1762253345180 0.0038493978790938854 48
1762253345222 0.0037714785430580378 49
1762253345269 0.0036919843405485153 50
1762253345314 0.00361103774048388 51
1762253345365 0.0035287633072584867 52
1762253345405 0.0034452881664037704 53
1762253345450 0.0033607410732656717 54
1762253345479 0.003275252180173993 55
1762253345529 0.0031889532692730427 56
1762253345579 0.0031019775196909904 57
1762253345626 0.003014459041878581 58
1762253345669 0.0029265328776091337 59
1762253345714 0.002838334534317255 60
1762253345761 0.002749999985098839 61
1762253345807 0.0026616654358804226 62
1762253345846 0.002573467092588544 63
1762253345890 0.0024855409283190966 64
1762253345935 0.002398022450506687 65
1762253345964 0.002311046700924635 66
1762253346002 0.002224748022854328 67
1762253346042 0.002139258896932006 68
1762253346064 0.002054711803793907 69
1762253346111 0.001971236662939191 70
1762253346151 0.0018889622297137976 71
1762253346194 0.0018080156296491623 72
1762253346223 0.0017285214271396399 73
1762253346252 0.001650602207519114 74
1762253346285 0.001574378227815032 75
1762253346343 0.0014999669510871172 76
1762253346385 0.001427483162842691 77
1762253346431 0.0013570386217907071 78
1762253346464 0.0012887419434264302 79
1762253346513 0.0012226983672007918 80
1762253346551 0.0011590097565203905 81
1762253346606 0.0010977743659168482 82
1762253346648 0.0010390866082161665 83
1762253346693 0.000983036938123405 84
1762253346739 0.0009297117358073592 85
1762253346781 0.0008791933651082218 86
1762253346825 0.0008315596496686339 87
1762253346867 0.0007868839893490076 88
1762253346905 0.0007452353020198643 89
1762253346948 0.0007066778489388525 90
1762253346997 0.0006712710601277649 91
1762253347036 0.0006390694761648774 92
1762253347076 0.000610122864600271 93
1762253347098 0.0005844756960868835 94
1762253347140 0.0005621676682494581 95
1762253347173 0.0005432331236079335 96
1762253347213 0.0005277012242004275 97
