1762253506811 0.05866051837801933 1
1762253506820 0.016693396493792534 2
1762253506829 0.010694822296500206 3
1762253506837 0.007981677539646626 4
1762253506846 0.006743341218680143 5
1762253506854 0.006117106880992651 6
1762253506861 0.00584748899564147 7
1762253506861 0.005593080073595047 8
1762253506879 0.005571832414716482 9
1762253506879 0.005515056196600199 10
1762253506895 0.005484379827976227 11
1762253506895 0.005477169994264841 12
1762253506912 0.0054033128544688225 13
1762253506912 0.005369323771446943 14
1762253506930 0.0053930943831801414 15
1762253506939 0.005382338538765907 16
1762253506947 0.005341048818081617 17
1762253506954 0.005378370173275471 18
1762253506961 0.005357049405574799 19
1762253506961 0.005354040302336216 20
1762253506977 0.005304482765495777 21
1762253506977 0.005346215795725584 22
1762253506994 0.005299823358654976 23
1762253506994 0.005296234041452408 24
1762253507011 0.005267434753477573 25
1762253507011 0.005340198520570993 26
1762253507026 0.0052566202357411385 27
1762253507031 0.005238654557615519 28
1762253507031 0.005249685142189264 29
1762253507050 0.005284639075398445 30
1762253507057 0.005256198812276125 31
1762253507063 0.005310421343892813 32
1762253507063 0.005216417368501425 33
1762253507078 0.005251339636743069 34
1762253507078 0.00521369744092226 35
1762253507095 0.005224866326898336 36
1762253507095 0.005236529745161533 37
1762253507111 0.005280093289911747 38
1762253507111 0.005246143788099289 39
1762253507131 0.005206554662436247 40
1762253507139 0.005185819696635008 41
1762253507145 0.005186004098504782 42
1762253507145 0.005211195442825556 43
1762253507165 0.005181930027902126 44
1762253507173 0.005156524479389191 45
1762253507178 0.0051593962125480175 46
1762253507178 0.005204909481108189 47
1762253507195 0.00515325553715229 48
1762253507195 0.005173403304070234 49
1762253507211 0.00520567549392581 50
1762253507211 0.005176258273422718 51
1762253507228 0.005139815621078014 52
1762253507228 0.005120463669300079 53
1762253507245 0.00514612253755331 54
1762253507245 0.005110763944685459 55
1762253507261 0.005121228750795126 56
1762253507261 0.0051232208497822285 57
1762253507278 0.005155796650797129 58
1762253507279 0.005107004661113024 59
1762253507294 0.0051072994247078896 60
1762253507295 0.005100553389638662 61
1762253507295 0.005088207311928272 62
1762253507311 0.005083276424556971 63
1762253507311 0.00507526146247983 64
