1762253343134 0.21809330582618713 1
1762253343182 0.1774844378232956 2
1762253343223 0.1469675451517105 3
1762253343268 0.12587983906269073 4
1762253343311 0.11383343487977982 5
1762253343345 0.10828839242458344 6
1762253343394 0.10527575016021729 7
1762253343447 0.09103304147720337 8
1762253343490 0.08410513401031494 9
1762253343535 0.07583271712064743 10
1762253343565 0.07143760472536087 11
1762253343616 0.0724235475063324 12
1762253343656 0.06851495802402496 13
1762253343708 0.07271129637956619 14
1762253343745 0.06848547607660294 15
1762253343795 0.07010132074356079 16
1762253343831 0.06946437060832977 17
1762253343878 0.07040576636791229 18
1762253343940 0.06689278036355972 19
1762253343997 0.07003939151763916 20
1762253344028 0.06524588912725449 21
1762253344059 0.06777402013540268 22
1762253344097 0.07571693509817123 23
1762253344145 0.06319110840559006 24
1762253344199 0.07045891135931015 25
1762253344242 0.06744736433029175 26
1762253344279 0.07050380855798721 27
1762253344332 0.0637623742222786 28
1762253344379 0.0655263215303421 29
1762253344424 0.062407486140728 30
1762253344471 0.06373488903045654 31
1762253344515 0.06279172748327255 32
1762253344556 0.06669597327709198 33
1762253344601 0.06319136172533035 34
1762253344647 0.06413420289754868 35
1762253344693 0.06763877719640732 36
1762253344729 0.06380683183670044 37
1762253344779 0.062142275273799896 38
1762253344821 0.06187424808740616 39
1762253344869 0.060267578810453415 40
1762253344906 0.06012393906712532 41
1762253344946 0.062404025346040726 42
1762253344983 0.06413418799638748 43
1762253345019 0.05998411774635315 44
1762253345045 0.061676084995269775 45
1762253345092 0.058412156999111176 46
1762253345125 0.05886721611022949 47
1762253345152 0.06158960238099098 48
1762253345185 0.05697960406541824 49
1762253345230 0.057906799018383026 50
1762253345275 0.057001348584890366 51
1762253345321 0.06165542080998421 52
1762253345369 0.05945763736963272 53
1762253345410 0.06219136342406273 54
1762253345455 0.05571071431040764 55
1762253345500 0.05985855311155319 56
1762253345546 0.05559578910470009 57
1762253345579 0.06012550741434097 58
1762253345633 0.05483468994498253 59
1762253345676 0.055815767496824265 60
1762253345721 0.0545608289539814 61
1762253345768 0.05412295088171959 62
1762253345812 0.05490493029356003 63
1762253345853 0.05627167597413063 64
1762253345897 0.05489906668663025 65
1762253345943 0.055559832602739334 66
1762253345984 0.05443553254008293 67
1762253346014 0.056185249239206314 68
1762253346047 0.05385025590658188 69
1762253346079 0.05373970419168472 70
1762253346111 0.05195586010813713 71
1762253346156 0.052186574786901474 72
1762253346198 0.052451830357313156 73
1762253346227 0.052861738950014114 74
1762253346252 0.05410702899098396 75
1762253346301 0.05147898569703102 76
1762253346350 0.05130377784371376 77
1762253346392 0.0511431023478508 78
1762253346431 0.051224179565906525 79
1762253346479 0.051141753792762756 80
1762253346513 0.05060405284166336 81
1762253346563 0.050774555653333664 82
1762253346612 0.05012625828385353 83
1762253346654 0.05064356327056885 84
1762253346700 0.050448283553123474 85
1762253346745 0.050038378685712814 86
1762253346788 0.05001169070601463 87
1762253346830 0.05001953989267349 88
1762253346871 0.04990137740969658 89
1762253346911 0.049502480775117874 90
1762253346948 0.05019668862223625 91
1762253346997 0.049823008477687836 92
1762253347047 0.049865350127220154 93
1762253347081 0.04943567514419556 94
1762253347098 0.049869827926158905 95
1762253347142 0.04945247992873192 96
1762253347173 0.04872456565499306 97
