1762253343134 0.21809330582618713 1
1762253343187 0.1774844378232956 2
1762253343230 0.1469675451517105 3
1762253343273 0.12587983906269073 4
1762253343311 0.11383343487977982 5
1762253343362 0.10828839242458344 6
1762253343394 0.10527575016021729 7
1762253343453 0.09103304147720337 8
1762253343497 0.08410513401031494 9
1762253343539 0.07583271712064743 10
1762253343578 0.07143760472536087 11
1762253343616 0.0724235475063324 12
1762253343662 0.06851495802402496 13
1762253343715 0.07271129637956619 14
1762253343745 0.06848547607660294 15
1762253343795 0.07010132074356079 16
1762253343846 0.06946437060832977 17
1762253343894 0.07040576636791229 18
1762253343941 0.06689278036355972 19
1762253344003 0.07003939151763916 20
1762253344028 0.06524588912725449 21
1762253344059 0.06777402013540268 22
1762253344112 0.07571693509817123 23
1762253344161 0.06319110840559006 24
1762253344204 0.07045891135931015 25
1762253344248 0.06744736433029175 26
1762253344295 0.07050380855798721 27
1762253344339 0.0637623742222786 28
1762253344384 0.0655263215303421 29
1762253344430 0.062407486140728 30
1762253344476 0.06373488903045654 31
1762253344518 0.06279172748327255 32
1762253344564 0.06669597327709198 33
1762253344607 0.06319136172533035 34
1762253344653 0.06413420289754868 35
1762253344699 0.06763877719640732 36
1762253344729 0.06380683183670044 37
1762253344784 0.062142275273799896 38
1762253344830 0.06187424808740616 39
1762253344875 0.060267578810453415 40
1762253344914 0.06012393906712532 41
1762253344950 0.062404025346040726 42
1762253344988 0.06413418799638748 43
1762253345025 0.05998411774635315 44
1762253345062 0.061676084995269775 45
1762253345096 0.058412156999111176 46
1762253345128 0.05886721611022949 47
1762253345156 0.06158960238099098 48
1762253345190 0.05697960406541824 49
1762253345237 0.057906799018383026 50
1762253345282 0.057001348584890366 51
1762253345326 0.06165542080998421 52
1762253345369 0.05945763736963272 53
1762253345417 0.06219136342406273 54
1762253345461 0.05571071431040764 55
1762253345505 0.05985855311155319 56
1762253345552 0.05559578910470009 57
1762253345598 0.06012550741434097 58
1762253345638 0.05483468994498253 59
1762253345683 0.055815767496824265 60
1762253345728 0.0545608289539814 61
1762253345774 0.05412295088171959 62
1762253345817 0.05490493029356003 63
1762253345859 0.05627167597413063 64
1762253345897 0.05489906668663025 65
1762253345947 0.055559832602739334 66
1762253345988 0.05443553254008293 67
1762253346018 0.056185249239206314 68
1762253346052 0.05385025590658188 69
1762253346079 0.05373970419168472 70
1762253346111 0.05195586010813713 71
1762253346161 0.052186574786901474 72
1762253346202 0.052451830357313156 73
1762253346230 0.052861738950014114 74
1762253346263 0.05410702899098396 75
1762253346303 0.05147898569703102 76
1762253346356 0.05130377784371376 77
1762253346399 0.0511431023478508 78
1762253346431 0.051224179565906525 79
1762253346485 0.051141753792762756 80
1762253346532 0.05060405284166336 81
1762253346563 0.050774555653333664 82
1762253346613 0.05012625828385353 83
1762253346659 0.05064356327056885 84
1762253346706 0.050448283553123474 85
1762253346751 0.050038378685712814 86
1762253346794 0.05001169070601463 87
1762253346830 0.05001953989267349 88
1762253346871 0.04990137740969658 89
1762253346919 0.049502480775117874 90
1762253346965 0.05019668862223625 91
1762253346997 0.049823008477687836 92
1762253347047 0.049865350127220154 93
1762253347085 0.04943567514419556 94
1762253347116 0.049869827926158905 95
1762253347142 0.04945247992873192 96
1762253347173 0.04872456565499306 97
