1762253343149 0.07721667736768723 1
1762253343193 0.052748143672943115 2
1762253343236 0.03562629967927933 3
1762253343280 0.0267467200756073 4
1762253343311 0.022039903327822685 5
1762253343369 0.020182739943265915 6
1762253343412 0.019166642799973488 7
1762253343460 0.015255837701261044 8
1762253343503 0.013470634818077087 9
1762253343545 0.01129145734012127 10
1762253343578 0.010033977217972279 11
1762253343628 0.010347188450396061 12
1762253343667 0.009449918754398823 13
1762253343719 0.010399946011602879 14
1762253343760 0.009306533262133598 15
1762253343811 0.00975953508168459 16
1762253343846 0.009772955439984798 17
1762253343894 0.010125196538865566 18
1762253343956 0.008819283917546272 19
1762253344008 0.010039543733000755 20
1762253344028 0.008675583638250828 21
1762253344059 0.009513060562312603 22
1762253344117 0.011566415429115295 23
1762253344167 0.008089073933660984 24
1762253344205 0.010315582156181335 25
1762253344254 0.009166030213236809 26
1762253344296 0.009487624280154705 27
1762253344345 0.008376733399927616 28
1762253344390 0.008853482082486153 29
1762253344436 0.007938350550830364 30
1762253344482 0.00830467976629734 31
1762253344529 0.008190191350877285 32
1762253344570 0.009250284172594547 33
1762253344613 0.008320843800902367 34
1762253344658 0.008467212319374084 35
1762253344705 0.009354190900921822 36
1762253344749 0.008424009196460247 37
1762253344784 0.007924280129373074 38
1762253344837 0.007870465517044067 39
1762253344882 0.007670171093195677 40
1762253344920 0.007692175917327404 41
1762253344955 0.008260422386229038 42
1762253344993 0.00847158208489418 43
1762253345030 0.007649329025298357 44
1762253345067 0.007912751287221909 45
1762253345101 0.007500017527490854 46
1762253345128 0.007457995321601629 47
1762253345160 0.007994524203240871 48
1762253345196 0.007081028074026108 49
1762253345238 0.0074004242196679115 50
1762253345284 0.007084810175001621 51
1762253345334 0.007970458827912807 52
1762253345382 0.007575585972517729 53
1762253345417 0.007939842529594898 54
1762253345467 0.006953520234674215 55
1762253345513 0.00776164885610342 56
1762253345556 0.006853210274130106 57
1762253345603 0.007679613307118416 58
1762253345645 0.006680031772702932 59
1762253345690 0.0070207384414970875 60
1762253345734 0.0067354715429246426 61
1762253345781 0.006695771124213934 62
1762253345824 0.006897881161421537 63
1762253345864 0.0070274099707603455 64
1762253345897 0.006808046251535416 65
1762253345947 0.006945913657546043 66
1762253345992 0.006832681130617857 67
1762253346022 0.006945420987904072 68
1762253346058 0.0066295103169977665 69
1762253346079 0.006545255426317453 70
1762253346129 0.00636551808565855 71
1762253346162 0.0063109430484473705 72
1762253346207 0.0063613769598305225 73
1762253346234 0.006428510416299105 74
1762253346263 0.0066102035343647 75
1762253346314 0.0062882620841264725 76
1762253346365 0.006286502815783024 77
1762253346405 0.00619126483798027 78
1762253346447 0.006246767472475767 79
1762253346491 0.006231814157217741 80
1762253346538 0.006100466009229422 81
1762253346580 0.006116407457739115 82
1762253346613 0.006086528301239014 83
1762253346666 0.006140789482742548 84
1762253346713 0.006137827876955271 85
1762253346757 0.0060327970422804356 86
1762253346799 0.00609923480078578 87
1762253346830 0.00610017916187644 88
1762253346881 0.0060672881081700325 89
1762253346925 0.006039468105882406 90
1762253346971 0.006110026966780424 91
1762253347016 0.005968472920358181 92
1762253347047 0.006080814637243748 93
1762253347089 0.005963965784758329 94
1762253347121 0.006168767344206572 95
1762253347142 0.005972577724605799 96
1762253347192 0.005889775697141886 97
