1762374864825 0.03635873273015022 1
1762374864847 0.009892585687339306 2
1762374864847 0.008665839210152626 3
1762374864864 0.008079102262854576 4
1762374864873 0.007592848036438227 5
1762374864876 0.007280982565134764 6
1762374864892 0.006939107086509466 7
1762374864892 0.006678506266325712 8
1762374864911 0.006529034581035376 9
1762374864919 0.006385628134012222 10
1762374864928 0.006284698843955994 11
1762374864936 0.0062051815912127495 12
1762374864941 0.006142506375908852 13
1762374864941 0.006073619704693556 14
1762374864958 0.006003348622471094 15
1762374864958 0.005972145590931177 16
1762374864975 0.005912556312978268 17
1762374864975 0.005907983053475618 18
1762374864991 0.005878487601876259 19
1762374864991 0.005874813534319401 20
1762374865009 0.0058389524929225445 21
1762374865009 0.005822421982884407 22
1762374865030 0.005764482542872429 23
1762374865038 0.005781636573374271 24
1762374865046 0.0057509904727339745 25
1762374865054 0.005750366486608982 26
1762374865058 0.005719485692679882 27
1762374865058 0.005688879638910294 28
1762374865074 0.005717518273741007 29
1762374865074 0.00572941591963172 30
1762374865091 0.005620598327368498 31
1762374865091 0.005606725346297026 32
1762374865108 0.005572346970438957 33
1762374865108 0.005550061818212271 34
1762374865125 0.005494094453752041 35
1762374865125 0.005472714081406593 36
1762374865142 0.005450096912682056 37
1762374865142 0.005470485892146826 38
1762374865157 0.00538982730358839 39
1762374865157 0.0053818305023014545 40
1762374865174 0.005346287973225117 41
1762374865174 0.005339316092431545 42
1762374865190 0.005312405992299318 43
1762374865190 0.005290860775858164 44
1762374865206 0.005280604586005211 45
1762374865206 0.005290756933391094 46
1762374865221 0.0052603487856686115 47
1762374865221 0.005188856273889542 48
1762374865237 0.00523377675563097 49
1762374865237 0.005178038030862808 50
1762374865253 0.005149430595338345 51
1762374865253 0.005114220082759857 52
1762374865268 0.005065206438302994 53
1762374865268 0.005075773224234581 54
1762374865284 0.0050988998264074326 55
1762374865299 0.005037098191678524 56
1762374865299 0.005060072056949139 57
1762374865315 0.005026209633797407 58
1762374865315 0.005007805302739143 59
1762374865331 0.00499121006578207 60
1762374865331 0.005032839719206095 61
1762374865346 0.0049646650440990925 62
1762374865346 0.004968097433447838 63
1762374865362 0.004964819177985191 64
1762374865362 0.004978368524461985 65
1762374865378 0.005003443453460932 66
1762374865378 0.004943462088704109 67
1762374865393 0.004911352414637804 68
1762374865393 0.004942529834806919 69
1762374865409 0.004919922910630703 70
1762374865409 0.004918690770864487 71
1762374865424 0.004912965930998325 72
1762374865424 0.004917450714856386 73
1762374865440 0.004922200925648212 74
1762374865440 0.004879885818809271 75
1762374865456 0.004850785247981548 76
1762374865456 0.004894265905022621 77
1762374865471 0.004833580926060677 78
1762374865471 0.00487491674721241 79
1762374865487 0.004823651630431414 80
1762374865503 0.004823371767997742 81
1762374865503 0.004806865006685257 82
1762374865518 0.004790442995727062 83
1762374865518 0.004795562941581011 84
1762374865534 0.004754246212542057 85
1762374865534 0.004758270923048258 86
1762374865549 0.004694368224591017 87
1762374865559 0.004734253045171499 88
1762374865567 0.004706899635493755 89
1762374865575 0.004713091533631086 90
1762374865583 0.004696727264672518 91
1762374865591 0.004679725971072912 92
1762374865591 0.004663136322051287 93
1762374865606 0.004643500316888094 94
1762374865606 0.0046438598074018955 95
1762374865622 0.004629537928849459 96
1762374865622 0.004614557605236769 97
1762374865638 0.004592549987137318 98
1762374865638 0.004592147655785084 99
1762374865653 0.004588958341628313 100
