1762373198740 0.0283813513815403 1
1762373198763 0.009482071734964848 2
1762373198781 0.008816848509013653 3
1762373198792 0.008493495173752308 4
1762373198792 0.008262851275503635 5
1762373198808 0.008032193407416344 6
1762373198808 0.007876904681324959 7
1762373198830 0.0076683019287884235 8
1762373198838 0.00747710419818759 9
1762373198847 0.007362009957432747 10
1762373198855 0.007364715449512005 11
1762373198857 0.007241330575197935 12
1762373198857 0.007118568290024996 13
1762373198874 0.007122500333935022 14
1762373198874 0.006986686028540134 15
1762373198891 0.006933126132935286 16
1762373198891 0.006893667858093977 17
1762373198906 0.006851132959127426 18
1762373198906 0.006844407878816128 19
1762373198922 0.006850642617791891 20
1762373198938 0.006852729246020317 21
1762373198938 0.006843185983598232 22
1762373198953 0.006871544290333986 23
1762373198957 0.006769650615751743 24
1762373198957 0.0066606043837964535 25
1762373198974 0.006522940006107092 26
1762373198974 0.00641612010076642 27
1762373198991 0.006387661211192608 28
1762373198991 0.006735470611602068 29
1762373199007 0.006291405763477087 30
1762373199007 0.006166480481624603 31
1762373199024 0.006048525217920542 32
1762373199024 0.006362801417708397 33
1762373199041 0.006207313388586044 34
1762373199041 0.006156429648399353 35
1762373199057 0.006146488711237907 36
1762373199057 0.006351283751428127 37
1762373199075 0.006063243839889765 38
1762373199091 0.006020091474056244 39
1762373199107 0.0057580480352044106 40
1762373199107 0.005797807592898607 41
1762373199124 0.0057237837463617325 42
1762373199124 0.005748553201556206 43
1762373199141 0.005607138387858868 44
1762373199141 0.0056400964967906475 45
1762373199157 0.005683719180524349 46
1762373199157 0.005827848333865404 47
1762373199173 0.005659640301018953 48
1762373199189 0.005914831534028053 49
1762373199198 0.0057189567014575005 50
1762373199206 0.0055671315640211105 51
1762373199214 0.005663761403411627 52
1762373199222 0.005529369227588177 53
1762373199223 0.005528850015252829 54
1762373199223 0.005429732613265514 55
1762373199239 0.0053861308842897415 56
1762373199255 0.0053308699280023575 57
1762373199255 0.005384951364248991 58
1762373199270 0.0053243027068674564 59
1762373199270 0.0054224818013608456 60
1762373199286 0.005241356324404478 61
1762373199286 0.005246852524578571 62
1762373199301 0.005246487446129322 63
1762373199301 0.005157864652574062 64
1762373199317 0.005206948611885309 65
1762373199317 0.005341836716979742 66
1762373199333 0.005326635669916868 67
1762373199333 0.006294225342571735 68
1762373199348 0.005609665997326374 69
1762373199348 0.00562290521338582 70
1762373199364 0.005442017689347267 71
1762373199380 0.005208461079746485 72
1762373199380 0.005070197395980358 73
