1762907069869 9.999999747378752e-05 1
1762907069910 0.0005949999904260039 2
1762907069939 0.0010900000343099236 3
1762907069967 0.0015849999617785215 4
1762907070001 0.0020800000056624413 5
1762907070031 0.002575000049546361 6
1762907070051 0.0030700000934302807 7
1762907070082 0.0035649999044835567 8
1762907070114 0.00406000018119812 9
1762907070145 0.004554999992251396 10
1762907070160 0.005049999803304672 11
1762907070192 0.005545000080019236 12
1762907070229 0.006039999891072512 13
1762907070259 0.006535000167787075 14
1762907070283 0.007029999978840351 15
1762907070320 0.007524999789893627 16
1762907070349 0.008019999600946903 17
1762907070366 0.008515000343322754 18
1762907070397 0.00901000015437603 19
1762907070428 0.009504999965429306 20
1762907070464 0.009999999776482582 21
1762907070497 0.00999653059989214 22
