1762907069850 0.15877549350261688 1
1762907069886 0.12104486674070358 2
1762907069914 0.1148950457572937 3
1762907069944 0.11241025477647781 4
1762907069967 0.10965938866138458 5
1762907070006 0.10798013210296631 6
1762907070035 0.10557717084884644 7
1762907070051 0.10444575548171997 8
1762907070082 0.1030469685792923 9
1762907070114 0.102634958922863 10
1762907070145 0.10282104462385178 11
1762907070176 0.10241644829511642 12
1762907070192 0.1024976521730423 13
1762907070229 0.10227367281913757 14
1762907070263 0.10232320427894592 15
1762907070283 0.10207276046276093 16
1762907070325 0.10264943540096283 17
1762907070350 0.10327807813882828 18
1762907070382 0.10310602188110352 19
1762907070413 0.1028253436088562 20
1762907070428 0.10345514118671417 21
1762907070464 0.10261058062314987 22
1762908135754 0.02616409957408905 1
1762908135760 0.024287881329655647 2
1762908135774 0.02417599782347679 3
1762908135783 0.023494472727179527 4
1762908135794 0.02286406047642231 5
1762908135802 0.023336460813879967 6
1762908135814 0.023248666897416115 7
1762908135824 0.0230887308716774 8
1762908135832 0.02260388806462288 9
1762908135840 0.021865857765078545 10
1762908135848 0.02230781875550747 11
1762908135856 0.021774817258119583 12
1762908135856 0.02064971998333931 13
1762908135871 0.02099066972732544 14
1762908135871 0.02219308167695999 15
1762908135887 0.020530790090560913 16
1762908135887 0.01988893188536167 17
1762908135902 0.021930595859885216 18
1762908135902 0.019811853766441345 19
1762908135918 0.020576059818267822 20
1762908135918 0.019562963396310806 21
1762908135934 0.0190114863216877 22
1762908135934 0.01834763213992119 23
1762908135949 0.01759227178990841 24
1762908135949 0.018015669658780098 25
1762908135965 0.017518477514386177 26
1762908135981 0.017692558467388153 27
1762908135990 0.017809057608246803 28
1762908135999 0.016206301748752594 29
1762908136007 0.01613837108016014 30
1762908136015 0.01626908965408802 31
1762908136024 0.015628132969141006 32
1762908136032 0.015313430689275265 33
1762908136041 0.014803946018218994 34
1762908136050 0.01460227183997631 35
1762908136050 0.014572317712008953 36
1762908136066 0.014433762989938259 37
1762908136066 0.014105912297964096 38
1762908136081 0.014489569701254368 39
1762908136081 0.013750043697655201 40
1762908136103 0.014041956514120102 41
1762908136111 0.01445821113884449 42
1762908136120 0.013723894022405148 43
1762908136122 0.013558954000473022 44
1762908136137 0.014113501645624638 45
1762908136146 0.013548959977924824 46
1762908136155 0.013709986582398415 47
1762908136164 0.01296770665794611 48
1762908136173 0.012416409328579903 49
1762908136181 0.012474806047976017 50
1762908136189 0.012612656690180302 51
1762908136197 0.014050493948161602 52
1762908136205 0.013099409639835358 53
1762908136205 0.012795486487448215 54
1762908136221 0.012183393351733685 55
1762908136221 0.012076608836650848 56
1762908136237 0.012122158892452717 57
1762908136237 0.011884776875376701 58
1762908136252 0.011698449030518532 59
1762908136252 0.01188590656965971 60
1762908136268 0.011284398846328259 61
1762908136268 0.010963843204081059 62
1762908136284 0.011259710416197777 63
1762908136284 0.01101237628608942 64
1762908136307 0.010640082880854607 65
1762908136316 0.01039262767881155 66
1762908136324 0.010462808422744274 67
1762908136331 0.0104586873203516 68
1762908136331 0.010247250087559223 69
1762908136347 0.010877758264541626 70
1762908136347 0.010635913349688053 71
1762908136363 0.010046874172985554 72
1762908136363 0.010207556188106537 73
1762908136378 0.010059015825390816 74
1762908136378 0.009917804040014744 75
1762908136394 0.009693488478660583 76
1762908136394 0.009848266839981079 77
1762908136414 0.010278232395648956 78
1762908136423 0.010158737190067768 79
1762908136431 0.009572737850248814 80
1762908136438 0.009536783210933208 81
1762908136438 0.009401941671967506 82
1762908136454 0.009761749766767025 83
1762908136454 0.01107774581760168 84
1762908136475 0.010848324745893478 85
1762908136475 0.010061263106763363 86
1762908136492 0.009773490019142628 87
1762908136500 0.009690264239907265 88
1762908136508 0.010125811211764812 89
1762908136517 0.009884819388389587 90
1762908136525 0.009478258900344372 91
1762908136533 0.009513470344245434 92
1762908136541 0.009272527880966663 93
1762908136549 0.009318213909864426 94
1762908136550 0.009221796877682209 95
1762908136566 0.009803851135075092 96
1762908136566 0.00926875602453947 97
1762908136582 0.009224267676472664 98
1762908136582 0.008905417285859585 99
1762908136597 0.008981863968074322 100
1762910152163 0.01525188609957695 1
1762910152163 0.01406816951930523 2
1762910152182 0.013833536766469479 3
1762910152182 0.013702256605029106 4
1762910152203 0.013632829301059246 5
1762910152212 0.013550646603107452 6
1762910152221 0.01350427232682705 7
1762910152229 0.013317051343619823 8
1762910152237 0.013225240632891655 9
1762910152247 0.013257634826004505 10
1762910152256 0.012891321443021297 11
1762910152265 0.013180002570152283 12
1762910152274 0.013173829764127731 13
1762910152283 0.012864958494901657 14
1762910152292 0.012826729565858841 15
1762910152300 0.012723068706691265 16
1762910152308 0.012433009222149849 17
1762910152316 0.012682276777923107 18
1762910152317 0.012383928522467613 19
1762910152333 0.012340934947133064 20
1762910152333 0.01226895023137331 21
1762910152348 0.012153035961091518 22
1762910152348 0.01198876928538084 23
1762910152364 0.011896852403879166 24
1762910152364 0.01223719585686922 25
1762910152379 0.01222412008792162 26
1762910152379 0.012203661724925041 27
1762910152395 0.012046348303556442 28
1762910152395 0.011942090466618538 29
1762910152411 0.011902963742613792 30
1762910152411 0.011349007487297058 31
1762910152426 0.010776204988360405 32
1762910152426 0.010550342500209808 33
1762910152442 0.010164990089833736 34
1762910152459 0.01007079053670168 35
1762910152463 0.009851064532995224 36
1762910152479 0.009738377295434475 37
1762910152488 0.009714803658425808 38
1762910152497 0.009531227871775627 39
1762910152505 0.009540468454360962 40
1762910152514 0.009467790834605694 41
1762910152523 0.009446971118450165 42
1762910152531 0.009611682035028934 43
1762910152539 0.009294956922531128 44
1762910152547 0.009493035264313221 45
1762910152556 0.00919093657284975 46
1762910152564 0.009163390845060349 47
1762910152573 0.00908021442592144 48
1762910152582 0.009006908163428307 49
1762910152591 0.00905353482812643 50
1762910152599 0.009071716107428074 51
1762910152607 0.008934601210057735 52
1762910152615 0.008998398669064045 53
1762910152624 0.008991067297756672 54
1762910152632 0.00890109408646822 55
1762910152641 0.008861861191689968 56
1762910152645 0.008715136907994747 57
1762910152645 0.008718563243746758 58
1762910152661 0.008767991326749325 59
1762910152661 0.00866639707237482 60
1762910152676 0.008794189430773258 61
1762910152676 0.008617823012173176 62
1762910152700 0.008584917522966862 63
1762910152709 0.00854207668453455 64
1762910152719 0.008488657884299755 65
1762910152724 0.008498569019138813 66
1762910152724 0.008411755785346031 67
1762910152744 0.008506528101861477 68
1762910152752 0.008442781865596771 69
1762910152754 0.008569393306970596 70
1762910152754 0.008482429198920727 71
1762910152778 0.008323577232658863 72
1762910152787 0.00839931983500719 73
1762910152796 0.008272279985249043 74
