1762907069856 0.15877549350261688 1
1762907069890 0.12104486674070358 2
1762907069919 0.1148950457572937 3
1762907069948 0.11241025477647781 4
1762907069967 0.10965938866138458 5
1762907070010 0.10798013210296631 6
1762907070039 0.10557717084884644 7
1762907070067 0.10444575548171997 8
1762907070082 0.1030469685792923 9
1762907070114 0.102634958922863 10
1762907070145 0.10282104462385178 11
1762907070176 0.10241644829511642 12
1762907070210 0.1024976521730423 13
1762907070229 0.10227367281913757 14
1762907070267 0.10232320427894592 15
1762907070283 0.10207276046276093 16
1762907070329 0.10264943540096283 17
1762907070350 0.10327807813882828 18
1762907070382 0.10310602188110352 19
1762907070413 0.1028253436088562 20
1762907070445 0.10345514118671417 21
1762907070464 0.10261058062314987 22
