1762907069856 0.04643998295068741 1
1762907069894 0.028323350474238396 2
1762907069923 0.02509715035557747 3
1762907069951 0.0238258745521307 4
1762907069967 0.0228041410446167 5
1762907070014 0.02201925776898861 6
1762907070043 0.020854657515883446 7
1762907070067 0.020439915359020233 8
1762907070098 0.019824083894491196 9
1762907070129 0.019703276455402374 10
1762907070145 0.01960582844913006 11
1762907070176 0.01965559646487236 12
1762907070214 0.01951545849442482 13
1762907070229 0.019460776820778847 14
1762907070267 0.01948380656540394 15
1762907070302 0.01943403296172619 16
1762907070333 0.01946455053985119 17
1762907070350 0.019618220627307892 18
1762907070382 0.019611459225416183 19
1762907070413 0.019511733204126358 20
1762907070448 0.019544005393981934 21
1762907070464 0.019426658749580383 22
