1762912899172 9.999999747378752e-05 1
1762912899211 0.0005949999904260039 2
1762912899241 0.0010900000343099236 3
1762912899265 0.0015849999617785215 4
1762912899299 0.0020800000056624413 5
1762912899313 0.002575000049546361 6
1762912899357 0.0030700000934302807 7
1762912899380 0.0035649999044835567 8
1762912899415 0.00406000018119812 9
1762912899444 0.004554999992251396 10
1762912899476 0.005049999803304672 11
1762912899497 0.005545000080019236 12
1762912899534 0.006039999891072512 13
1762912899563 0.006535000167787075 14
1762912899579 0.007029999978840351 15
1762912899610 0.007524999789893627 16
1762912899641 0.008019999600946903 17
1762912899673 0.008515000343322754 18
1762912899704 0.00901000015437603 19
1762912899741 0.009504999965429306 20
1762912899774 0.009999999776482582 21
1762912899797 0.00999653059989214 22
1762912899832 0.009986127726733685 23
1762912899861 0.00996880792081356 24
1762912899880 0.009944597259163857 25
1762912899911 0.009913533926010132 26
1762912899951 0.009875664487481117 27
1762912899981 0.009831048548221588 28
1762912899998 0.009779754094779491 29
1762912900030 0.009721861220896244 30
1762912900061 0.00965745747089386 31
1762912900092 0.009586644358932972 32
1762912900126 0.009509528987109661 33
1762912900155 0.009426232427358627 34
