1762912899133 0.1712351143360138 1
1762912899181 0.11668410897254944 2
1762912899215 0.11275629699230194 3
1762912899245 0.1117255836725235 4
1762912899265 0.11158899962902069 5
1762912899304 0.11137154698371887 6
1762912899329 0.11056942492723465 7
1762912899362 0.11121397465467453 8
1762912899380 0.11037077754735947 9
1762912899419 0.11059705168008804 10
1762912899451 0.11020710319280624 11
1762912899480 0.10977430641651154 12
1762912899497 0.11003519594669342 13
1762912899538 0.11069494485855103 14
1762912899563 0.10918840765953064 15
1762912899595 0.10956011712551117 16
1762912899626 0.1067013293504715 17
1762912899641 0.10604549199342728 18
1762912899673 0.10373591631650925 19
1762912899704 0.103178970515728 20
1762912899745 0.10062935948371887 21
1762912899778 0.10030384361743927 22
1762912899797 0.09799909591674805 23
1762912899836 0.09836765378713608 24
1762912899864 0.10082381963729858 25
1762912899880 0.09912124276161194 26
1762912899911 0.0981806218624115 27
1762912899956 0.09832021594047546 28
1762912899985 0.09750241041183472 29
1762912900014 0.09892258048057556 30
1762912900030 0.09819192439317703 31
1762912900061 0.09979324787855148 32
1762912900092 0.09970348328351974 33
1762912900130 0.0988892987370491 34
1762913936500 0.030144596472382545 1
1762913936518 0.023867547512054443 2
1762913936528 0.023186644539237022 3
1762913936538 0.02255149930715561 4
1762913936547 0.021960239857435226 5
1762913936556 0.020700974389910698 6
1762913936567 0.020612239837646484 7
1762913936568 0.020103851333260536 8
1762913936586 0.019182849675416946 9
1762913936595 0.019749494269490242 10
1762913936604 0.018791522830724716 11
1762913936613 0.018547549843788147 12
1762913936618 0.019354863092303276 13
1762913936618 0.017874768003821373 14
1762913936634 0.017512913793325424 15
1762913936634 0.01894271932542324 16
1762913936649 0.01755720190703869 17
1762913936649 0.017658833414316177 18
1762913936673 0.017407450824975967 19
1762913936681 0.016926415264606476 20
1762913936690 0.01711476594209671 21
1762913936699 0.016987763345241547 22
1762913936701 0.016625380143523216 23
1762913936701 0.01606167107820511 24
1762913936716 0.016324704512953758 25
1762913936732 0.01629205420613289 26
1762913936732 0.016308525577187538 27
1762913936752 0.01540759764611721 28
1762913936760 0.015734555199742317 29
1762913936768 0.015274696052074432 30
1762913936775 0.014842680655419827 31
1762913936775 0.014413192868232727 32
1762914273600 0.037456709891557693 1
1762914273615 0.027960091829299927 2
1762914273621 0.02438914030790329 3
1762914273638 0.022623179480433464 4
1762914273641 0.019994905218482018 5
1762914273654 0.0190424807369709 6
1762914273654 0.018060171976685524 7
1762914273676 0.017279280349612236 8
1762914273685 0.016908280551433563 9
1762914273693 0.016394080594182014 10
1762914273702 0.016063163056969643 11
1762914273710 0.015665194019675255 12
1762914273718 0.01555290911346674 13
1762914273718 0.01513951551169157 14
1762914273734 0.015011588111519814 15
1762914273734 0.014869009144604206 16
1762914273750 0.01458126213401556 17
1762914273750 0.014272989705204964 18
1762914273765 0.014293291606009007 19
1762914273781 0.013940345495939255 20
1762914273791 0.013865775428712368 21
1762914273799 0.013724533841013908 22
1762914273801 0.013633571565151215 23
1762914273801 0.013534624129533768 24
1762914273817 0.013544820249080658 25
1762914273833 0.013234332203865051 26
1762914273842 0.013143199495971203 27
1762914273850 0.012984616681933403 28
1762914273851 0.012926584109663963 29
1762914273871 0.012911392375826836 30
1762914273879 0.01278399396687746 31
1762914273888 0.012697146274149418 32
1762914273896 0.012507511302828789 33
1762914273904 0.012441729195415974 34
1762914273913 0.012361442670226097 35
1762914273913 0.012305224314332008 36
1762914273931 0.012182428501546383 37
1762914273941 0.012049890123307705 38
1762914273950 0.012158514000475407 39
1762914273959 0.012032345868647099 40
1762914273967 0.011957990936934948 41
1762914273976 0.01198686845600605 42
1762914273984 0.011805129237473011 43
1762914273993 0.011774677783250809 44
1762914274001 0.011806558817625046 45
1762914274009 0.011704626493155956 46
1762914274019 0.011668526567518711 47
1762914274028 0.011653331108391285 48
1762914274037 0.011676117777824402 49
1762914274045 0.011608305387198925 50
1762914274051 0.011611305177211761 51
1762914274051 0.01158545259386301 52
1762914274067 0.011567709036171436 53
1762914274067 0.0114827249199152 54
1762914274082 0.011489576660096645 55
1762914274082 0.011454721912741661 56
1762914274103 0.011401155963540077 57
1762914274112 0.011442331597208977 58
1762914274120 0.011372808367013931 59
1762914274128 0.011383992619812489 60
1762914274133 0.011277967132627964 61
1762914274133 0.011302875354886055 62
1762914274155 0.011298180557787418 63
1762914274163 0.011210438795387745 64
1762914274168 0.011303055100142956 65
1762914274168 0.01122424565255642 66
1762914274184 0.01122568640857935 67
1762914274184 0.011221548542380333 68
1762914274199 0.01117363665252924 69
1762914274199 0.011182858608663082 70
1762914274215 0.01117304153740406 71
1762914274215 0.011227395385503769 72
1762914274238 0.011167189106345177 73
1762914274243 0.011150862090289593 74
1762914274243 0.011073104105889797 75
1762914274258 0.01112015638500452 76
1762914274258 0.011071647517383099 77
1762914274274 0.011018595658242702 78
1762914274274 0.011027065105736256 79
1762914274290 0.011011685244739056 80
1762914274290 0.01104311365634203 81
1762914274305 0.010994314216077328 82
1762914274305 0.010918169282376766 83
1762914274321 0.010956966318190098 84
1762914274321 0.010903015732765198 85
1762914274346 0.01094558835029602 86
1762914274354 0.01086790394037962 87
1762914274363 0.010919852182269096 88
1762914274371 0.010904720984399319 89
1762914274379 0.01088707335293293 90
1762914274382 0.010869834572076797 91
1762914274382 0.01086115650832653 92
1762914274398 0.010864689014852047 93
1762914274398 0.010808597318828106 94
1762914274421 0.01088795904070139 95
1762914274430 0.010865612886846066 96
1762914274438 0.010825061239302158 97
1762914274438 0.01079824659973383 98
1762914274459 0.010736638680100441 99
1762914274468 0.010734456591308117 100
