1762912899151 0.1712351143360138 1
1762912899188 0.11668410897254944 2
1762912899215 0.11275629699230194 3
1762912899250 0.1117255836725235 4
1762912899265 0.11158899962902069 5
1762912899308 0.11137154698371887 6
1762912899329 0.11056942492723465 7
1762912899364 0.11121397465467453 8
1762912899380 0.11037077754735947 9
1762912899423 0.11059705168008804 10
1762912899455 0.11020710319280624 11
1762912899482 0.10977430641651154 12
1762912899513 0.11003519594669342 13
1762912899542 0.11069494485855103 14
1762912899563 0.10918840765953064 15
1762912899595 0.10956011712551117 16
1762912899626 0.1067013293504715 17
1762912899657 0.10604549199342728 18
1762912899673 0.10373591631650925 19
1762912899720 0.103178970515728 20
1762912899749 0.10062935948371887 21
1762912899782 0.10030384361743927 22
1762912899797 0.09799909591674805 23
1762912899840 0.09836765378713608 24
1762912899864 0.10082381963729858 25
1762912899896 0.09912124276161194 26
1762912899911 0.0981806218624115 27
1762912899960 0.09832021594047546 28
1762912899989 0.09750241041183472 29
1762912900014 0.09892258048057556 30
1762912900045 0.09819192439317703 31
1762912900061 0.09979324787855148 32
1762912900092 0.09970348328351974 33
1762912900134 0.0988892987370491 34
