1762912899155 0.0512704998254776 1
1762912899192 0.02614721469581127 2
1762912899215 0.024144921451807022 3
1762912899254 0.02389158308506012 4
1762912899281 0.023603923618793488 5
1762912899312 0.023737769573926926 6
1762912899329 0.023674074560403824 7
1762912899364 0.02325962670147419 8
1762912899399 0.023463686928153038 9
1762912899423 0.023294441401958466 10
1762912899459 0.023295823484659195 11
1762912899482 0.023121846839785576 12
1762912899517 0.022355278953909874 13
1762912899547 0.022436033934354782 14
1762912899563 0.0216646958142519 15
1762912899595 0.021621547639369965 16
1762912899626 0.020324166864156723 17
1762912899657 0.019476760178804398 18
1762912899688 0.01865123026072979 19
1762912899724 0.018269620835781097 20
1762912899756 0.017748678103089333 21
1762912899782 0.01763209141790867 22
1762912899815 0.01724293828010559 23
1762912899845 0.017299087718129158 24
1762912899864 0.018009603023529053 25
1762912899896 0.01766173355281353 26
1762912899927 0.01754746586084366 27
1762912899964 0.017362959682941437 28
1762912899993 0.017327088862657547 29
1762912900014 0.017232190817594528 30
1762912900045 0.017161648720502853 31
1762912900076 0.01777961291372776 32
1762912900108 0.01753474585711956 33
1762912900138 0.017538350075483322 34
