1762278078693 0.027944490313529968 1
1762278078702 0.011628815904259682 2
1762278078711 0.009000766091048717 3
1762278078721 0.00782529916614294 4
1762278078722 0.007070145569741726 5
1762278078738 0.006673268973827362 6
1762278078738 0.0063894279301166534 7
1762278078757 0.00625260453671217 8
1762278078765 0.006146689876914024 9
1762278078774 0.006057268008589745 10
1762278078781 0.00601988984271884 11
1762278078787 0.005983457434922457 12
1762278078787 0.005930447019636631 13
1762278078805 0.005907518323510885 14
1762278078813 0.005923533346503973 15
1762278078822 0.005867470521479845 16
1762278078829 0.005862127058207989 17
1762278078837 0.0058450112119317055 18
1762278078845 0.005806541536003351 19
1762278078854 0.005811964627355337 20
1762278078862 0.005813888274133205 21
1762278078870 0.0058092460967600346 22
1762278078870 0.005801907740533352 23
1762278078885 0.005769176874309778 24
1762278078885 0.005802297033369541 25
1762278078901 0.0057943654246628284 26
1762278078901 0.005768885370343924 27
1762278078917 0.005756891332566738 28
1762278078917 0.005778588354587555 29
1762278078932 0.005792274605482817 30
1762278078932 0.005758990533649921 31
1762278078932 0.005775474477559328 32
1762278078948 0.0057151587679982185 33
1762278078948 0.005708635784685612 34
1762278078963 0.005683436058461666 35
1762278078963 0.005662707611918449 36
1762278078979 0.005701934918761253 37
