1762278407087 0.040339015424251556 1
1762278407110 0.012745569460093975 2
1762278407119 0.010038054548203945 3
1762278407127 0.0085481908172369 4
1762278407137 0.007485675625503063 5
1762278407138 0.006838757544755936 6
1762278407154 0.006361795123666525 7
1762278407154 0.006086298264563084 8
1762278407171 0.005855807568877935 9
1762278407178 0.00568462535738945 10
1762278407187 0.005572025198489428 11
1762278407195 0.005495767574757338 12
1762278407203 0.00541304238140583 13
1762278407203 0.005360991228371859 14
1762278407203 0.005343719385564327 15
1762278407219 0.005283703561872244 16
1762278407219 0.005232051480561495 17
1762278407235 0.005206607282161713 18
1762278407256 0.005248294211924076 19
1762278407259 0.005251618567854166 20
1762278407259 0.005125293042510748 21
1762278407280 0.005087565165013075 22
1762278407288 0.005061392672359943 23
1762278407297 0.005020549520850182 24
1762278407305 0.004944641143083572 25
1762278407305 0.004866465460509062 26
1762278407321 0.004857771564275026 27
1762278407336 0.004807283170521259 28
1762278407336 0.004749738145619631 29
1762278407356 0.00470199016854167 30
1762278407364 0.004695345181971788 31
1762278407367 0.004674213472753763 32
1762278407367 0.004621508065611124 33
1762278407383 0.004546605050563812 34
1762278407399 0.004521138500422239 35
1762278407408 0.004503996577113867 36
1762278407414 0.004499515984207392 37
1762278407414 0.004390728194266558 38
1762278407433 0.004381187725812197 39
1762278407441 0.004323911387473345 40
1762278407450 0.00431645754724741 41
1762278407461 0.0042981235310435295 42
1762278407470 0.004241517279297113 43
1762278407478 0.004266250878572464 44
1762278407488 0.004193514585494995 45
1762278407488 0.004197104834020138 46
1762278407488 0.004186887759715319 47
1762278407504 0.0041320836171507835 48
1762278407520 0.004100649617612362 49
1762278407520 0.004079938400536776 50
1762278407535 0.004097414668649435 51
1762278407535 0.004054655320942402 52
1762278407551 0.0040409802459180355 53
1762278407551 0.0040682172402739525 54
1762278407567 0.003972089383751154 55
1762278407588 0.004014434292912483 56
1762278407599 0.0039228941313922405 57
1762278407607 0.003944701515138149 58
1762278407615 0.003877002280205488 59
1762278407623 0.003896034322679043 60
1762278407631 0.0038497941568493843 61
1762278407633 0.00382330478169024 62
1762278407633 0.0038154898211359978 63
1762278407649 0.003768840804696083 64
1762278407649 0.0037533664144575596 65
1762278407671 0.003708268515765667 66
1762278407679 0.0036569794174283743 67
1762278407687 0.003689653007313609 68
1762278407695 0.0036772864405065775 69
1762278407697 0.0036264818627387285 70
1762278407697 0.0035484200343489647 71
1762278407712 0.003560791490599513 72
1762278407712 0.0035448437556624413 73
1762278407728 0.003541096579283476 74
1762278407728 0.0034815918188542128 75
1762278407744 0.003421040251851082 76
1762278407744 0.0034323204308748245 77
1762278407759 0.003373305080458522 78
1762278407759 0.00340455025434494 79
1762278407775 0.0033690922427922487 80
1762278407775 0.003315639914944768 81
1762278407794 0.0033217347227036953 82
1762278407802 0.0033146271016448736 83
1762278407805 0.003254187060520053 84
1762278407837 0.003184013767167926 85
1762278407845 0.003209937596693635 86
1762278407855 0.0031829611398279667 87
1762278407863 0.0031257392838597298 88
1762278407870 0.0031232298351824284 89
1762278407870 0.0031481527257710695 90
1762278407885 0.0030905050225555897 91
1762278407885 0.0030570433009415865 92
1762278407902 0.003018299350515008 93
1762278407910 0.002996573457494378 94
1762278407919 0.003030741587281227 95
1762278407927 0.002988254651427269 96
1762278407935 0.0029945450369268656 97
1762278407942 0.0029845256358385086 98
1762278407950 0.002949761925265193 99
1762278407958 0.0028869383968412876 100
