1762923489293 9.999999747378752e-05 1
1762923489322 0.0005949999904260039 2
1762923489364 0.0010900000343099236 3
1762923489397 0.0015849999617785215 4
1762923489428 0.0020800000056624413 5
1762923489453 0.002575000049546361 6
1762923489484 0.0030700000934302807 7
1762923489515 0.0035649999044835567 8
1762923489546 0.00406000018119812 9
1762923489576 0.004554999992251396 10
1762923489616 0.005049999803304672 11
1762923489638 0.005545000080019236 12
1762923489687 0.006039999891072512 13
1762923489704 0.006535000167787075 14
1762923489747 0.007029999978840351 15
1762923489769 0.007524999789893627 16
1762923489801 0.008019999600946903 17
1762923489832 0.008515000343322754 18
1762923489868 0.00901000015437603 19
1762923489899 0.009504999965429306 20
1762923489927 0.009999999776482582 21
1762923489943 0.00999653059989214 22
