1762923489254 0.15624091029167175 1
1762923489295 0.12087901681661606 2
1762923489322 0.11498428881168365 3
1762923489369 0.11348647624254227 4
1762923489402 0.11268740892410278 5
1762923489433 0.1127246543765068 6
1762923489453 0.11239346861839294 7
1762923489484 0.11096718907356262 8
1762923489515 0.10802619904279709 9
1762923489546 0.10405697673559189 10
1762923489583 0.10116048157215118 11
1762923489621 0.10041794180870056 12
1762923489653 0.10062576830387115 13
1762923489691 0.10017115622758865 14
1762923489721 0.09966414421796799 15
1762923489752 0.09838519245386124 16
1762923489769 0.09819869697093964 17
1762923489801 0.09868045896291733 18
1762923489832 0.09890098124742508 19
1762923489874 0.09929071366786957 20
1762923489904 0.09971565008163452 21
1762923489927 0.09869356453418732 22
1762927466457 0.0231107696890831 1
1762927466479 0.01968284882605076 2
1762927466480 0.019571753218770027 3
1762927466497 0.019406765699386597 4
1762927466507 0.019246108829975128 5
1762927466519 0.018681343644857407 6
1762927466529 0.017636138945817947 7
1762927466537 0.01727079413831234 8
1762927466546 0.01703239232301712 9
1762927466554 0.01670289784669876 10
1762927466565 0.016589798033237457 11
1762927466574 0.016296016052365303 12
1762927466583 0.015992505475878716 13
1762927466591 0.015643984079360962 14
1762927466599 0.015430739149451256 15
1762927466608 0.015290893614292145 16
1762927466616 0.015279327519237995 17
1762927466619 0.014792350120842457 18
1762927466619 0.01476638950407505 19
1762927466635 0.014482838101685047 20
1762927466635 0.014631594531238079 21
1762927466650 0.01441483199596405 22
1762927466666 0.014140510000288486 23
1762927466666 0.01377441268414259 24
1762927466682 0.013381213881075382 25
1762927466682 0.013536852784454823 26
1762927466698 0.012985612265765667 27
1762927466710 0.01262579020112753 28
1762927466719 0.012112505733966827 29
1762927466727 0.01191464439034462 30
1762927466736 0.011583547107875347 31
1762927466741 0.01167381089180708 32
1762927466741 0.011371757835149765 33
1762927466760 0.010635499842464924 34
1762927466769 0.01075056567788124 35
1762927466778 0.010556861758232117 36
1762927466786 0.010278895497322083 37
1762927466790 0.010486765764653683 38
1762927466790 0.00979418121278286 39
1762927466806 0.00950099341571331 40
1762927466806 0.009960668161511421 41
1762927466829 0.00972616858780384 42
1762927466838 0.009623886086046696 43
1762927466848 0.00949528906494379 44
1762927466857 0.009567633271217346 45
1762927466866 0.009217143058776855 46
1762927466876 0.009425136260688305 47
1762927466884 0.009427713230252266 48
1762927466891 0.009002365171909332 49
1762927466891 0.009507086127996445 50
1762927466906 0.008622200228273869 51
1762927466906 0.008651056326925755 52
1762927466922 0.008572573773562908 53
1762927466922 0.00845598429441452 54
1762927466937 0.008380085229873657 55
1762927466937 0.008303485810756683 56
1762927466953 0.008325580507516861 57
1762927466953 0.008065621368587017 58
1762927466969 0.008363403379917145 59
1762927466969 0.008557956665754318 60
1762927466984 0.007985435426235199 61
1762927467000 0.008028626441955566 62
1762927467000 0.00820379238575697 63
1762927467016 0.008197464980185032 64
1762927467016 0.007887388579547405 65
1762927467034 0.0077473982237279415 66
1762927467040 0.008220257237553596 67
1762927467040 0.008022363297641277 68
1762927467056 0.00780837656930089 69
1762927467056 0.007799922022968531 70
1762927467072 0.007704396732151508 71
1762927467072 0.007816684432327747 72
1762927467087 0.0074561117216944695 73
1762927467087 0.007468774914741516 74
1762927467110 0.007268623448908329 75
1762927467119 0.008094162680208683 76
1762927467128 0.007521043997257948 77
1762927467137 0.007323132362216711 78
1762927467146 0.0076378220692276955 79
1762927467154 0.0075281960889697075 80
1762927467164 0.007168798241764307 81
1762927467172 0.007379651069641113 82
1762927467173 0.007340934593230486 83
1762927467173 0.007420500740408897 84
1762927467189 0.007331213913857937 85
1762927467205 0.007079899311065674 86
1762927467205 0.007278834003955126 87
1762927467223 0.0068512712605297565 88
1762927467232 0.007086198776960373 89
1762927467241 0.0071207317523658276 90
1762927467249 0.007181648164987564 91
1762927467259 0.006971690338104963 92
1762927467260 0.006901000160723925 93
1762927467275 0.007199884857982397 94
1762927467275 0.007403072901070118 95
1762927467291 0.007168896030634642 96
1762927467291 0.0075121307745575905 97
1762927467307 0.006944439839571714 98
1762927467307 0.006975007243454456 99
1762927467322 0.007164270617067814 100
1762928627659 0.01915617659687996 1
1762928627671 0.01371493749320507 2
1762928627680 0.013324426487088203 3
1762928627689 0.013099389150738716 4
1762928627689 0.01295293215662241 5
1762928627700 0.01277126744389534 6
1762928627717 0.011942390352487564 7
1762928627717 0.011053922586143017 8
1762928627736 0.010171831585466862 9
1762928627744 0.009696591645479202 10
1762928627752 0.009466040879487991 11
1762928627761 0.009293032810091972 12
1762928627767 0.009143011644482613 13
1762928627767 0.009009684436023235 14
1762928627782 0.00884568877518177 15
1762928627782 0.008788730017840862 16
1762928627798 0.008678680285811424 17
1762928627798 0.008620492182672024 18
1762928627813 0.008535643108189106 19
1762928627813 0.008475786074995995 20
1762928627834 0.008452069945633411 21
1762928627834 0.008398229256272316 22
1762928627856 0.00829619262367487 23
1762928627864 0.008292444981634617 24
1762928627873 0.008236212655901909 25
1762928627881 0.008179900236427784 26
1762928627890 0.008118738420307636 27
1762928627893 0.008110648021101952 28
1762928627893 0.008055114187300205 29
1762928627917 0.008177029900252819 30
1762928627925 0.008073987439274788 31
1762928627934 0.00808361079543829 32
1762928627943 0.007972585037350655 33
1762928627950 0.007956815883517265 34
1762928627950 0.007927341386675835 35
1762928627969 0.007960301823914051 36
1762928627978 0.00787346065044403 37
1762928627986 0.007916114293038845 38
1762928627995 0.007858616299927235 39
1762928628002 0.007846858352422714 40
1762928628002 0.007820414379239082 41
1762928628017 0.00778005737811327 42
1762928628017 0.007844069972634315 43
1762928628033 0.007780015468597412 44
1762928628033 0.007760545704513788 45
1762928628049 0.007785275112837553 46
1762928628049 0.007746997755020857 47
1762928628064 0.007687720004469156 48
1762928628080 0.0076339393854141235 49
1762928628080 0.007673896849155426 50
1762928628096 0.007617901545017958 51
1762928628105 0.007644772995263338 52
1762928628111 0.00762232905253768 53
1762928628111 0.007638773415237665 54
1762928628126 0.00756952865049243 55
1762928628126 0.0076131029054522514 56
1762928628142 0.007551913615316153 57
1762928628142 0.007604805286973715 58
1762928628158 0.007499075960367918 59
1762928628158 0.007524783723056316 60
1762928628173 0.007496860809624195 61
1762928628173 0.007511889096349478 62
1762928628196 0.007394821383059025 63
1762928628205 0.007444396149367094 64
1762928628217 0.007393626496195793 65
1762928628220 0.007407322060316801 66
1762928628220 0.00737885944545269 67
1762928628236 0.00738058565184474 68
1762928628236 0.007388681638985872 69
1762928628251 0.007349886000156403 70
1762928628267 0.007334436755627394 71
1762928628267 0.007270224392414093 72
1762928628283 0.007295508403331041 73
1762928628292 0.007262717466801405 74
1762928628300 0.007227547466754913 75
1762928628309 0.007212142460048199 76
1762928628317 0.007221872918307781 77
1762928628325 0.007176460698246956 78
1762928628330 0.007151576690375805 79
1762928628330 0.007152721285820007 80
1762928628351 0.007143598981201649 81
