1762923489254 0.15624091029167175 1
1762923489295 0.12087901681661606 2
1762923489341 0.11498428881168365 3
1762923489374 0.11348647624254227 4
1762923489406 0.11268740892410278 5
1762923489437 0.1127246543765068 6
1762923489453 0.11239346861839294 7
1762923489484 0.11096718907356262 8
1762923489515 0.10802619904279709 9
1762923489546 0.10405697673559189 10
1762923489583 0.10116048157215118 11
1762923489626 0.10041794180870056 12
1762923489653 0.10062576830387115 13
1762923489695 0.10017115622758865 14
1762923489726 0.09966414421796799 15
1762923489754 0.09838519245386124 16
1762923489785 0.09819869697093964 17
1762923489816 0.09868045896291733 18
1762923489832 0.09890098124742508 19
1762923489878 0.09929071366786957 20
1762923489908 0.09971565008163452 21
1762923489927 0.09869356453418732 22
