1762923489270 0.04471081495285034 1
1762923489306 0.028259476646780968 2
1762923489346 0.02504461072385311 3
1762923489379 0.02440822124481201 4
1762923489411 0.02392093650996685 5
1762923489437 0.023795999586582184 6
1762923489468 0.023700600489974022 7
1762923489500 0.022514643147587776 8
1762923489515 0.021249542012810707 9
1762923489546 0.0193572286516428 10
1762923489583 0.01817435584962368 11
1762923489631 0.017928145825862885 12
1762923489653 0.017815882340073586 13
1762923489700 0.017734047025442123 14
1762923489730 0.01741175539791584 15
1762923489754 0.017221515998244286 16
1762923489785 0.017251061275601387 17
1762923489816 0.017499476671218872 18
1762923489848 0.017394503578543663 19
1762923489882 0.01758427731692791 20
1762923489911 0.01760662905871868 21
1762923489927 0.01727181300520897 22
