1762519513947 4.999999873689376e-05 1
1762519513977 0.00029749999521300197 2
1762519514005 0.0005450000171549618 3
1762519514033 0.0007924999808892608 4
1762519514060 0.0010400000028312206 5
1762519514093 0.0012875000247731805 6
1762519514123 0.0015350000467151403 7
1762519514150 0.0017824999522417784 8
1762519514162 0.00203000009059906 9
1762519514197 0.002277499996125698 10
1762519514232 0.002524999901652336 11
1762519514251 0.002772500040009618 12
1762519514286 0.003019999945536256 13
1762519514309 0.0032675000838935375 14
1762519514332 0.0035149999894201756 15
1762519514369 0.0037624998949468136 16
1762519514383 0.004009999800473452 17
1762519514414 0.004257500171661377 18
1762519514450 0.004505000077188015 19
1762519514479 0.004752499982714653 20
1762519514509 0.004999999888241291 21
1762519514534 0.00499826529994607 22
1762519514566 0.004993063863366842 23
1762519514593 0.00498440396040678 24
1762519514610 0.004972298629581928 25
1762519514649 0.004956766963005066 26
1762519514676 0.004937832243740559 27
1762519514703 0.004915524274110794 28
1762519514734 0.004889877047389746 29
1762519514763 0.004860930610448122 30
1762519514786 0.00482872873544693 31
