1762519513916 0.16557055711746216 1
1762519513951 0.14972339570522308 2
1762519513981 0.1327148973941803 3
1762519514008 0.10968487709760666 4
1762519514037 0.09437743574380875 5
1762519514066 0.07756444811820984 6
1762519514097 0.06968161463737488 7
1762519514127 0.06527251750230789 8
1762519514154 0.0635916143655777 9
1762519514177 0.06139777973294258 10
1762519514197 0.06290143728256226 11
1762519514236 0.06370089948177338 12
1762519514263 0.05895804241299629 13
1762519514290 0.05858933553099632 14
1762519514309 0.059030063450336456 15
1762519514332 0.06194184347987175 16
1762519514373 0.061450980603694916 17
1762519514398 0.059293974190950394 18
1762519514414 0.05866308882832527 19
1762519514454 0.0591796413064003 20
1762519514484 0.06003142520785332 21
1762519514513 0.06230967119336128 22
1762519514534 0.05912621691823006 23
1762519514570 0.05875576660037041 24
1762519514597 0.05801132693886757 25
1762519514610 0.05657839775085449 26
1762519514652 0.05971679836511612 27
1762519514680 0.05774710699915886 28
1762519514703 0.05791788175702095 29
1762519514740 0.057265665382146835 30
1762519514767 0.06294362246990204 31
