1762519513923 0.049638647586107254 1
1762519513960 0.04072503373026848 2
1762519513989 0.03223273530602455 3
1762519514011 0.021643711254000664 4
1762519514044 0.016218915581703186 5
1762519514076 0.012028482742607594 6
1762519514105 0.009958041831851006 7
1762519514135 0.008882141672074795 8
1762519514162 0.00857656542211771 9
1762519514181 0.008206374943256378 10
1762519514216 0.00871521420776844 11
1762519514244 0.00885727908462286 12
1762519514271 0.00761415297165513 13
1762519514293 0.007729704026132822 14
1762519514309 0.007670240011066198 15
1762519514353 0.008367062546312809 16
1762519514377 0.008217068389058113 17
1762519514398 0.007896484807133675 18
1762519514433 0.0077277785167098045 19
1762519514463 0.007784148212522268 20
1762519514494 0.00791989080607891 21
1762519514521 0.008400016464293003 22
1762519514550 0.007539672777056694 23
1762519514578 0.007869871333241463 24
1762519514605 0.007430786732584238 25
1762519514633 0.007291424088180065 26
1762519514660 0.00806356593966484 27
1762519514687 0.007545748725533485 28
1762519514703 0.007525693159550428 29
1762519514748 0.007392387371510267 30
1762519514775 0.009131358936429024 31
