1762900528286 9.999999747378752e-05 1
1762900528317 0.0005949999904260039 2
1762900528348 0.0010900000343099236 3
1762900528367 0.0015849999617785215 4
1762900528407 0.0020800000056624413 5
1762900528431 0.002575000049546361 6
1762900528462 0.0030700000934302807 7
1762900528493 0.0035649999044835567 8
1762900528522 0.00406000018119812 9
1762900528553 0.004554999992251396 10
1762900528584 0.005049999803304672 11
1762900528613 0.005545000080019236 12
1762900528632 0.006039999891072512 13
1762900528664 0.006535000167787075 14
1762900528695 0.007029999978840351 15
1762900528730 0.007524999789893627 16
1762900528758 0.008019999600946903 17
1762900528774 0.008515000343322754 18
1762900528805 0.00901000015437603 19
1762900528847 0.009504999965429306 20
1762900528876 0.009999999776482582 21
1762900528899 0.00999653059989214 22
1762900528933 0.009986127726733685 23
1762900528962 0.00996880792081356 24
1762900528978 0.009944597259163857 25
1762900529009 0.009913533926010132 26
