1762900528255 0.14547161757946014 1
1762900528291 0.10975407809019089 2
1762900528318 0.09948862344026566 3
1762900528353 0.09744946658611298 4
1762900528367 0.09484735131263733 5
1762900528411 0.09467726945877075 6
1762900528431 0.09331978857517242 7
1762900528462 0.09205666184425354 8
1762900528497 0.08989613503217697 9
1762900528527 0.08911096304655075 10
1762900528558 0.0888252705335617 11
1762900528589 0.0890195220708847 12
1762900528617 0.08832719922065735 13
1762900528632 0.08851494640111923 14
1762900528664 0.08821634948253632 15
1762900528695 0.08846429735422134 16
1762900528734 0.0876232460141182 17
1762900528758 0.08782979846000671 18
1762900528789 0.08792145550251007 19
1762900528822 0.0882912427186966 20
1762900528851 0.08740560710430145 21
1762900528880 0.0875082015991211 22
1762900528899 0.08715180307626724 23
1762900528937 0.08742731809616089 24
1762900528962 0.08836237341165543 25
1762900528994 0.0876917615532875 26
1762901325046 0.021174198016524315 1
1762901325064 0.017660586163401604 2
1762901325075 0.01676628179848194 3
1762901325075 0.015726163983345032 4
1762901325091 0.01514497771859169 5
1762901325091 0.014652111567556858 6
1762901325115 0.014368443749845028 7
1762901325124 0.014381309039890766 8
1762901325132 0.014167540706694126 9
1762901325140 0.01375981979072094 10
1762901325149 0.013919130899012089 11
1762901325157 0.013812067918479443 12
1762901325157 0.013417947106063366 13
1762901325176 0.013164902105927467 14
1762901325184 0.01362659502774477 15
1762901325192 0.012902404181659222 16
1762901325201 0.012934798374772072 17
1762901325210 0.012556305155158043 18
1762901325218 0.012187751941382885 19
1762901325226 0.012324742041528225 20
1762901325235 0.011905412189662457 21
1762901325243 0.01137498114258051 22
1762901325251 0.011219503358006477 23
1762901325257 0.011162425391376019 24
1762901325257 0.010740391910076141 25
1762901325273 0.010423626750707626 26
1762901325273 0.010378398001194 27
1762901325288 0.010060419328510761 28
1762901325288 0.010452618822455406 29
1762901325304 0.010089296847581863 30
1762901325304 0.009782840497791767 31
1762901325319 0.00944351777434349 32
1762901325319 0.009205339476466179 33
1762901325342 0.010400711558759212 34
1762901325347 0.009600567631423473 35
1762901325347 0.009129254147410393 36
1762901325363 0.009130267426371574 37
1762901325363 0.009508897550404072 38
1762901325378 0.009114845655858517 39
1762901325378 0.008874716237187386 40
1762901325394 0.008877728134393692 41
1762901325394 0.008696377277374268 42
1762901325410 0.009221868589520454 43
1762901325410 0.00872113835066557 44
1762901325425 0.009088099002838135 45
1762901325425 0.008724990300834179 46
1762901325447 0.00842275656759739 47
1762901325455 0.008647077716886997 48
1762901325456 0.008853670209646225 49
1762901325472 0.008361452259123325 50
1762901325472 0.008591980673372746 51
1762901325487 0.00841760914772749 52
1762901325487 0.008326636627316475 53
1762901325503 0.009120699018239975 54
1762901325503 0.008379131555557251 55
1762901325522 0.008303350768983364 56
1762901325524 0.008220089599490166 57
1762901325540 0.007945051416754723 58
1762901325549 0.007788989692926407 59
1762901325558 0.007694615982472897 60
1762901325566 0.007679097820073366 61
1762901325575 0.007497330661863089 62
1762901325575 0.008095122873783112 63
1762901325590 0.008865488693118095 64
1762901325590 0.008414170704782009 65
1762901325606 0.007982551120221615 66
1762901325606 0.008222060278058052 67
1762901325621 0.007836656644940376 68
1762901325621 0.007607901003211737 69
1762901325637 0.007574462331831455 70
1762901325637 0.00751929497346282 71
1762901325658 0.007900333032011986 72
1762901325666 0.007790302392095327 73
1762901325674 0.007534992415457964 74
1762901325683 0.0073804063722491264 75
1762901325691 0.007267114240676165 76
1762901325691 0.0073256161995232105 77
1762901608065 0.024553513154387474 1
1762901608076 0.012253005057573318 2
1762901608076 0.011207882314920425 3
1762901608095 0.009661993943154812 4
1762901608096 0.009073826484382153 5
1762901608107 0.008509618230164051 6
1762901608123 0.008085795678198338 7
1762901608123 0.007841117680072784 8
1762901608143 0.007519898470491171 9
1762901608151 0.007177440449595451 10
1762901608161 0.006953847128897905 11
1762901608171 0.006892338860780001 12
1762901608172 0.006683914922177792 13
1762901608188 0.006563454866409302 14
1762901608196 0.00658087944611907 15
1762901608205 0.006331815849989653 16
1762901608213 0.006281902547925711 17
1762901608222 0.006490029860287905 18
1762901608222 0.006058705039322376 19
1762901608238 0.0060645220801234245 20
1762901608246 0.006013607140630484 21
1762901608251 0.005787612404674292 22
1762901608251 0.0057792761363089085 23
1762901608266 0.00571099016815424 24
1762901608266 0.005668946076184511 25
1762901608287 0.005576986353844404 26
1762901608295 0.005576605908572674 27
1762901608303 0.00585591746494174 28
1762901608305 0.005933234468102455 29
1762901608305 0.0054410225711762905 30
1762901608327 0.005443154368549585 31
1762901608335 0.005389871075749397 32
1762901608343 0.0052864570170640945 33
1762901608351 0.005389976780861616 34
1762901608361 0.005276364274322987 35
1762901608369 0.005168288480490446 36
1762901608376 0.005101440474390984 37
1762901608376 0.005110431462526321 38
1762901608391 0.00507085956633091 39
1762901608391 0.004983106628060341 40
1762901608407 0.004971351940184832 41
1762901608407 0.004912582691758871 42
1762901608423 0.0049334741197526455 43
1762901608423 0.004937546793371439 44
1762901608438 0.004789713304489851 45
1762901608438 0.004820466507226229 46
1762901608458 0.004755400586873293 47
1762901608466 0.004696006420999765 48
1762901608470 0.00470410892739892 49
1762901608470 0.004823349416255951 50
1762901608486 0.004713171161711216 51
1762901608486 0.0046355994418263435 52
1762901608501 0.004591616801917553 53
1762901608501 0.004612104035913944 54
1762901608522 0.004555797670036554 55
1762901608522 0.00450225779786706 56
1762901608541 0.004470360931009054 57
1762901608549 0.004428650252521038 58
1762901608557 0.004501226358115673 59
1762901608565 0.004495916422456503 60
1762901608572 0.0044342451728880405 61
1762901608572 0.0044012838043272495 62
1762901608590 0.004333119373768568 63
1762901608598 0.0043501947075128555 64
1762901608607 0.0043273381888866425 65
1762901608616 0.00428646570071578 66
1762901608621 0.004273904021829367 67
1762901608621 0.004248357843607664 68
1762901608637 0.004278797190636396 69
1762901608637 0.00424215430393815 70
1762901608653 0.004200323484838009 71
1762901608653 0.004179627168923616 72
1762901608672 0.004197732545435429 73
1762901608672 0.004139149561524391 74
1762901608688 0.004184877499938011 75
1762901608688 0.004146731458604336 76
1762901608707 0.0040985774248838425 77
1762901608715 0.004061455838382244 78
1762901608724 0.00407201424241066 79
1762901608733 0.004065204877406359 80
1762901608742 0.004038408864289522 81
1762901608750 0.0040386999025940895 82
1762901608759 0.00404295464977622 83
1762901608767 0.003981862682849169 84
1762901608775 0.004012768156826496 85
1762901608783 0.003979718312621117 86
1762901608783 0.003943176474422216 87
1762901608798 0.003944650292396545 88
1762901608798 0.0039146337658166885 89
1762901608814 0.003911910578608513 90
1762901608814 0.003931811545044184 91
1762901608830 0.0038691519293934107 92
1762901608830 0.003876389004290104 93
1762901608845 0.0038367067463696003 94
1762901608845 0.0038564330898225307 95
1762901608865 0.0038332073017954826 96
1762901608874 0.003860343713313341 97
1762901608884 0.0037651904858648777 98
1762901608892 0.0038122334517538548 99
1762901608901 0.003768154187127948 100
