1762900528260 0.14547161757946014 1
1762900528291 0.10975407809019089 2
1762900528318 0.09948862344026566 3
1762900528357 0.09744946658611298 4
1762900528382 0.09484735131263733 5
1762900528416 0.09467726945877075 6
1762900528431 0.09331978857517242 7
1762900528462 0.09205666184425354 8
1762900528501 0.08989613503217697 9
1762900528529 0.08911096304655075 10
1762900528562 0.0888252705335617 11
1762900528593 0.0890195220708847 12
1762900528617 0.08832719922065735 13
1762900528648 0.08851494640111923 14
1762900528679 0.08821634948253632 15
1762900528695 0.08846429735422134 16
1762900528738 0.0876232460141182 17
1762900528758 0.08782979846000671 18
1762900528789 0.08792145550251007 19
1762900528826 0.0882912427186966 20
1762900528856 0.08740560710430145 21
1762900528883 0.0875082015991211 22
1762900528899 0.08715180307626724 23
1762900528941 0.08742731809616089 24
1762900528962 0.08836237341165543 25
1762900528994 0.0876917615532875 26
