1762900528265 0.0391056202352047 1
1762900528299 0.02253684401512146 2
1762900528318 0.018451761454343796 3
1762900528361 0.017545785754919052 4
1762900528382 0.01664653792977333 5
1762900528420 0.016659807413816452 6
1762900528446 0.01634368859231472 7
1762900528478 0.015635158866643906 8
1762900528505 0.014782850630581379 9
1762900528536 0.014603235758841038 10
1762900528567 0.014543874189257622 11
1762900528597 0.014567667618393898 12
1762900528617 0.014428961090743542 13
1762900528648 0.014521109871566296 14
1762900528679 0.014345385134220123 15
1762900528711 0.014328328892588615 16
1762900528743 0.014250035397708416 17
1762900528758 0.014377133920788765 18
1762900528789 0.014204100705683231 19
1762900528831 0.014374860562384129 20
1762900528860 0.014034783467650414 21
1762900528883 0.014197536744177341 22
1762900528914 0.014049485325813293 23
1762900528946 0.014257248491048813 24
1762900528962 0.014447635039687157 25
1762900528994 0.014182005077600479 26
