1762937911664 9.999999747378752e-06 1
1762937911699 5.949999831500463e-05 2
1762937911731 0.00010900000052060932 3
1762937911751 0.0001584999990882352 4
1762937911782 0.00020799999765586108 5
1762937911813 0.0002575000107754022 6
1762937911853 0.00030700000934302807 7
1762937911882 0.00035650000791065395 8
1762937911914 0.00040600000647827983 9
1762937911946 0.0004555000050459057 10
1762937911966 0.0005050000036135316 11
1762937912000 0.000554499973077327 12
1762937912031 0.0006040000007487833 13
1762937912063 0.0006535000284202397 14
1762937912103 0.0007029999978840351 15
1762937912132 0.0007525000255554914 16
