1762938008774 0.1989285796880722 1
1762938008774 0.0691922977566719 2
1762938008796 0.059200532734394073 3
1762938008810 0.052830059081315994 4
1762938008819 0.052329666912555695 5
1762938008832 0.04669444262981415 6
1762938008843 0.044976674020290375 7
1762938008853 0.043674737215042114 8
1762938008862 0.043950777500867844 9
1762938008872 0.04132033511996269 10
1762938008881 0.03950098529458046 11
1762938008888 0.040947992354631424 12
1762938008888 0.039998479187488556 13
1762938008904 0.04016854986548424 14
1762938008904 0.03990832343697548 15
1762938008920 0.03852901980280876 16
1762938008920 0.04136766865849495 17
1762938008935 0.03938135504722595 18
1762938008952 0.03889117017388344 19
1762938008961 0.03658115491271019 20
1762938008970 0.03838343545794487 21
1762938008979 0.036665115505456924 22
1762938008988 0.03737301751971245 23
1762938008988 0.03749506548047066 24
1762938009004 0.03704724833369255 25
1762938009004 0.03647996112704277 26
1762938009020 0.03742903098464012 27
1762938009020 0.03682772442698479 28
1762938009035 0.03690073639154434 29
1762938009051 0.03781364485621452 30
1762938009051 0.037599943578243256 31
1762938009066 0.03731909021735191 32
1762938009066 0.03669651970267296 33
1762938009086 0.03763908892869949 34
1762938009095 0.03706655278801918 35
1762938009103 0.03729727119207382 36
1762938009112 0.035296447575092316 37
1762938009117 0.0361182726919651 38
1762938009117 0.035502657294273376 39
1762938009133 0.03455071523785591 40
1762938009133 0.03544210270047188 41
1762938009149 0.0349065400660038 42
1762938009164 0.03625166788697243 43
1762938009164 0.0343182198703289 44
1762938009180 0.034169845283031464 45
1762938009180 0.034438904374837875 46
1762938009196 0.03431995213031769 47
1762938009196 0.03381025046110153 48
1762938009211 0.03443748503923416 49
1762938009227 0.03464969992637634 50
1762938009235 0.034512538462877274 51
1762938009244 0.03373812884092331 52
1762938009253 0.034099847078323364 53
1762938009255 0.03300931304693222 54
1762938009272 0.034268029034137726 55
1762938009281 0.03369591012597084 56
1762938009290 0.03306766226887703 57
1762938009299 0.03418895974755287 58
1762938009305 0.03359664976596832 59
1762938009305 0.0330885574221611 60
1762938009321 0.03328153118491173 61
1762938009336 0.032260797917842865 62
1762938009336 0.033902544528245926 63
1762938009352 0.03360839560627937 64
1762938009352 0.03312624990940094 65
1762938009368 0.03314921632409096 66
1762938009384 0.0329013466835022 67
1762938009393 0.03345060721039772 68
1762938009402 0.03277504816651344 69
1762938009410 0.035263560712337494 70
1762938009413 0.03450014442205429 71
1762938009430 0.03493843600153923 72
1762938009440 0.03494493290781975 73
1762938009449 0.03416396677494049 74
1762938009457 0.034781478345394135 75
1762938009466 0.03365924209356308 76
1762938009472 0.034893449395895004 77
1762938009472 0.03376535326242447 78
1762938009494 0.03426237404346466 79
1762938009503 0.034699078649282455 80
1762938009511 0.0349138118326664 81
1762938009520 0.034020815044641495 82
1762938009522 0.03452193737030029 83
1762938009537 0.03405695781111717 84
1762938009537 0.03387061133980751 85
1762938009553 0.03526566922664642 86
1762938009553 0.03416593745350838 87
1762938009569 0.03447823226451874 88
1762938009590 0.034299857914447784 89
1762938009604 0.033668868243694305 90
1762938009615 0.03381776809692383 91
1762938009626 0.03449423611164093 92
1762938009632 0.035039979964494705 93
1762938009648 0.034083303064107895 94
1762938009661 0.03408825024962425 95
1762938009672 0.03398972377181053 96
1762938009672 0.03443559631705284 97
1762938009691 0.03350316360592842 98
1762938009701 0.03394227847456932 99
1762938009711 0.03386012464761734 100
