1762937911638 0.9902845621109009 1
1762937911676 0.9754157662391663 2
1762937911709 0.879610538482666 3
1762937911740 0.836893618106842 4
1762937911766 0.766809344291687 5
1762937911798 0.7150500416755676 6
1762937911829 0.6441540718078613 7
1762937911861 0.5971270799636841 8
1762937911882 0.5345404744148254 9
1762937911914 0.48659399151802063 10
1762937911950 0.422512948513031 11
1762937911986 0.3650170862674713 12
1762937912016 0.31858670711517334 13
1762937912047 0.2659437358379364 14
1762937912080 0.22697167098522186 15
1762937912112 0.19415466487407684 16
