1762937911643 1.5375113487243652 1
1762937911681 1.4812790155410767 2
1762937911713 1.1932313442230225 3
1762937911744 1.09754478931427 4
1762937911766 0.9207640290260315 5
1762937911798 0.8104254603385925 6
1762937911829 0.6555230617523193 7
1762937911866 0.5611188411712646 8
1762937911882 0.4465511739253998 9
1762937911914 0.37811028957366943 10
1762937911950 0.2802842855453491 11
1762937911990 0.2104443460702896 12
1762937912016 0.16126176714897156 13
1762937912047 0.11004771292209625 14
1762937912084 0.08183890581130981 15
1762937912117 0.06047438457608223 16
