1762768779860 0.10525528341531754 1
1762768779860 0.0871235802769661 2
1762768779882 0.08711787313222885 3
1762768779882 0.08711554110050201 4
1762768779906 0.08711644262075424 5
1762768779915 0.08711472898721695 6
1762768779924 0.08711405843496323 7
1762768779931 0.08711424469947815 8
1762768779931 0.08711488544940948 9
1762768779947 0.08711417764425278 10
1762768779947 0.08711410313844681 11
1762768779962 0.08711361885070801 12
1762768779962 0.08711385726928711 13
1762768779978 0.08711402118206024 14
1762768779993 0.08711384981870651 15
1762768779993 0.08711457252502441 16
1762768780010 0.08711410313844681 17
1762768780022 0.0871138870716095 18
1762768780030 0.08711358904838562 19
1762768780030 0.08711358904838562 20
1762768780046 0.08711345493793488 21
1762768780046 0.0871136412024498 22
1762768780061 0.08711358904838562 23
1762768780061 0.08711349964141846 24
1762768780077 0.08711360394954681 25
1762768780077 0.08711358904838562 26
