1762768688699 0.13320964574813843 1
1762768688709 0.0878753811120987 2
1762768688716 0.08748175203800201 3
1762768688727 0.0874088853597641 4
1762768688727 0.08726589381694794 5
1762768688749 0.08719755709171295 6
1762768688759 0.08715863525867462 7
1762768688769 0.0871470496058464 8
1762768688776 0.08717360347509384 9
1762768688776 0.08718933910131454 10
1762768688792 0.08713022619485855 11
1762768688792 0.08711868524551392 12
1762768688808 0.08715175092220306 13
1762768688808 0.08712616562843323 14
1762768688823 0.08715809136629105 15
1762768688839 0.08713531494140625 16
1762768688839 0.0871172547340393 17
1762768688855 0.08714525401592255 18
1762768688869 0.08711612969636917 19
1762768688876 0.08713330328464508 20
1762768688876 0.08712739497423172 21
1762768688892 0.08711376786231995 22
1762768688892 0.08711416274309158 23
1762768688908 0.0871187299489975 24
1762768688908 0.08711864054203033 25
1762768688923 0.08711710572242737 26
