1762895350460 9.999999747378752e-05 1
1762895350495 0.0005949999904260039 2
1762895350526 0.0010900000343099236 3
1762895350555 0.0015849999617785215 4
1762895350582 0.0020800000056624413 5
1762895350615 0.002575000049546361 6
1762895350641 0.0030700000934302807 7
1762895350657 0.0035649999044835567 8
1762895350701 0.00406000018119812 9
1762895350729 0.004554999992251396 10
1762895350754 0.005049999803304672 11
1762895350786 0.005545000080019236 12
1762895350801 0.006039999891072512 13
1762895350833 0.006535000167787075 14
1762895350863 0.007029999978840351 15
1762895350895 0.007524999789893627 16
