1762895350435 0.152316614985466 1
1762895350460 0.11949443817138672 2
1762895350499 0.1125970333814621 3
1762895350530 0.10922929644584656 4
1762895350560 0.10712128132581711 5
1762895350582 0.106155164539814 6
1762895350619 0.10496726632118225 7
1762895350641 0.10427606105804443 8
1762895350672 0.10413093119859695 9
1762895350705 0.10435644537210464 10
1762895350733 0.10348048061132431 11
1762895350754 0.10355331748723984 12
1762895350786 0.1036120131611824 13
1762895350817 0.10363831371068954 14
1762895350833 0.10332658141851425 15
1762895350863 0.10366378724575043 16
1762895510980 0.02536732517182827 1
1762895510991 0.024565786123275757 2
1762895511000 0.0251820906996727 3
1762895511004 0.025521408766508102 4
1762895511017 0.024900222197175026 5
1762895511017 0.0249320175498724 6
1762895511038 0.024843871593475342 7
1762895511046 0.024639833718538284 8
1762895511055 0.024268772453069687 9
1762895511063 0.025273827835917473 10
1762895511066 0.024708235636353493 11
1762895511066 0.024080345407128334 12
1762895511081 0.023919768631458282 13
1762895511099 0.025207895785570145 14
1762895511103 0.02494904398918152 15
1762895511117 0.02465982735157013 16
1762895511119 0.024311115965247154 17
1762895511136 0.02432526834309101 18
1762895511144 0.024650098755955696 19
1762895511153 0.024456573650240898 20
1762895511161 0.023889729753136635 21
1762895511166 0.024644827470183372 22
1762895511166 0.02522175759077072 23
1762895511181 0.024790126830339432 24
1762895511181 0.024531958624720573 25
1762895511197 0.02440479025244713 26
1762895511197 0.024480700492858887 27
1762896190531 0.029682841151952744 1
1762896190553 0.024420399218797684 2
1762896190553 0.02407621219754219 3
1762896190578 0.023974187672138214 4
1762896190590 0.024082764983177185 5
1762896190602 0.024157801643013954 6
1762896190602 0.023827791213989258 7
1762896190621 0.023725150153040886 8
1762896190629 0.02363285981118679 9
1762896190638 0.023691583424806595 10
1762896190646 0.023368753492832184 11
1762896190651 0.02344455197453499 12
1762896190651 0.023077454417943954 13
1762896190666 0.02308470755815506 14
1762896190666 0.02289491519331932 15
1762896190687 0.022979246452450752 16
1762896190696 0.022839099168777466 17
1762896190706 0.022792750969529152 18
1762896190715 0.02277085743844509 19
1762896190718 0.022714762017130852 20
1762896190718 0.022554228082299232 21
1762896190739 0.022494463250041008 22
1762896190748 0.022432629019021988 23
1762896190749 0.022469695657491684 24
1762896190764 0.02240668796002865 25
1762896190764 0.022476768121123314 26
1762896190780 0.022422539070248604 27
1762896190780 0.02280323952436447 28
