1762895350440 0.152316614985466 1
1762895350474 0.11949443817138672 2
1762895350503 0.1125970333814621 3
1762895350534 0.10922929644584656 4
1762895350564 0.10712128132581711 5
1762895350582 0.106155164539814 6
1762895350623 0.10496726632118225 7
1762895350641 0.10427606105804443 8
1762895350672 0.10413093119859695 9
1762895350709 0.10435644537210464 10
1762895350737 0.10348048061132431 11
1762895350754 0.10355331748723984 12
1762895350786 0.1036120131611824 13
1762895350817 0.10363831371068954 14
1762895350851 0.10332658141851425 15
1762895350879 0.10366378724575043 16
