1762895350446 0.04346552863717079 1
1762895350475 0.027366982772946358 2
1762895350508 0.02425737865269184 3
1762895350538 0.0224642064422369 4
1762895350567 0.02166525460779667 5
1762895350582 0.021271036937832832 6
1762895350627 0.020770693197846413 7
1762895350641 0.020547935739159584 8
1762895350672 0.020338278263807297 9
1762895350713 0.020376043394207954 10
1762895350742 0.020073721185326576 11
1762895350770 0.02006935514509678 12
1762895350786 0.01994960568845272 13
1762895350817 0.020095037296414375 14
1762895350855 0.019905438646674156 15
1762895350879 0.02009100466966629 16
