1762516497347 4.999999873689376e-05 1
1762516497377 0.00029749999521300197 2
1762516497407 0.0005450000171549618 3
1762516497436 0.0007924999808892608 4
1762516497464 0.0010400000028312206 5
1762516497490 0.0012875000247731805 6
1762516497521 0.0015350000467151403 7
1762516497565 0.0017824999522417784 8
1762516497595 0.00203000009059906 9
1762516497612 0.002277499996125698 10
1762516497641 0.002524999901652336 11
1762516497672 0.002772500040009618 12
1762516497692 0.003019999945536256 13
1762516497723 0.0032675000838935375 14
1762516497742 0.0035149999894201756 15
1762516497784 0.0037624998949468136 16
1762516497811 0.004009999800473452 17
1762516497831 0.004257500171661377 18
1762516497858 0.004505000077188015 19
1762516497893 0.004752499982714653 20
1762516497923 0.004999999888241291 21
1762516497944 0.00499826529994607 22
1762516497975 0.004993063863366842 23
1762516497994 0.00498440396040678 24
1762516498025 0.004972298629581928 25
1762516498044 0.004956766963005066 26
1762516498076 0.004937832243740559 27
1762516498110 0.004915524274110794 28
1762516498126 0.004889877047389746 29
1762516498161 0.004860930610448122 30
1762516498195 0.00482872873544693 31
