1762516612113 0.007236730307340622 1
1762516612121 0.005791353993117809 2
1762516612128 0.005807608366012573 3
1762516612128 0.005792887415736914 4
1762516612149 0.005792574491351843 5
1762516612151 0.005792354699224234 6
1762516612163 0.005791747476905584 7
1762516612163 0.00579302990809083 8
1762516612178 0.005794317461550236 9
1762516612178 0.005792259704321623 10
1762516612204 0.005792237818241119 11
1762516612215 0.005793621297925711 12
1762516612223 0.005793282762169838 13
1762516612231 0.00579273933544755 14
1762516612239 0.005792092997580767 15
1762516612250 0.005791905336081982 16
1762516612261 0.0057910894975066185 17
1762516612270 0.0057924725115299225 18
1762516612282 0.0057920729741454124 19
1762516612290 0.005792072508484125 20
1762516612299 0.005791890434920788 21
1762516612310 0.005792072508484125 22
1762516612319 0.005792323034256697 23
1762516612328 0.005792072508484125 24
1762516612336 0.0057920608669519424 25
1762516612345 0.005792072508484125 26
