1762516497316 0.1772608608007431 1
1762516497351 0.14727717638015747 2
1762516497381 0.1310233622789383 3
1762516497411 0.11537191271781921 4
1762516497440 0.103417307138443 5
1762516497468 0.09040578454732895 6
1762516497490 0.08058204501867294 7
1762516497540 0.07565756142139435 8
1762516497565 0.06975769996643066 9
1762516497596 0.06716489791870117 10
1762516497612 0.06682953983545303 11
1762516497641 0.06390870362520218 12
1762516497672 0.06354603171348572 13
1762516497707 0.06038868427276611 14
1762516497723 0.06572156399488449 15
1762516497758 0.0628328025341034 16
1762516497788 0.06048237904906273 17
1762516497815 0.06624290347099304 18
1762516497843 0.06527351588010788 19
1762516497858 0.06114482879638672 20
1762516497893 0.06486275047063828 21
1762516497925 0.059187110513448715 22
1762516497944 0.062111373990774155 23
1762516497975 0.0579112246632576 24
1762516497994 0.05802805349230766 25
1762516498025 0.05946076661348343 26
1762516498060 0.05470674857497215 27
1762516498076 0.06046893447637558 28
1762516498110 0.056633803993463516 29
1762516498145 0.058512769639492035 30
1762516498161 0.05695251747965813 31
