1762516716156 0.00902213342487812 1
1762516716166 0.005799014586955309 2
1762516716176 0.005793579388409853 3
1762516716186 0.0057949828915297985 4
1762516716195 0.005790264345705509 5
1762516716204 0.0057882945984601974 6
1762516716213 0.005792879965156317 7
1762516716223 0.0057940008118748665 8
1762516716231 0.005791048984974623 9
1762516716240 0.005788042210042477 10
1762516716248 0.005796289537101984 11
1762516716257 0.005794484633952379 12
1762516716265 0.00579123804345727 13
1762516716274 0.005791815463453531 14
1762516716281 0.005791907198727131 15
1762516716291 0.00578849483281374 16
1762516716299 0.005791536066681147 17
1762516716299 0.005793699994683266 18
1762516716311 0.005793094635009766 19
1762516716311 0.005792118608951569 20
1762516716327 0.005792072508484125 21
1762516716327 0.00579211488366127 22
1762516716346 0.005792034324258566 23
1762516716354 0.0057920897379517555 24
1762516716362 0.005791984032839537 25
1762516716362 0.00579192116856575 26
