1762516497327 0.05950368195772171 1
1762516497361 0.039423853158950806 2
1762516497390 0.03140474483370781 3
1762516497419 0.024390261620283127 4
1762516497440 0.019761109724640846 5
1762516497475 0.015434217639267445 6
1762516497490 0.012759615667164326 7
1762516497550 0.011418326757848263 8
1762516497565 0.010022980161011219 9
1762516497596 0.009515856392681599 10
1762516497627 0.009405199438333511 11
1762516497657 0.008810261264443398 12
1762516497688 0.008632602170109749 13
1762516497707 0.008030479773879051 14
1762516497738 0.00922365766018629 15
1762516497758 0.008696177043020725 16
1762516497795 0.007980171591043472 17
1762516497816 0.009507464244961739 18
1762516497843 0.009508546441793442 19
1762516497874 0.008338470943272114 20
1762516497893 0.009380588307976723 21
1762516497925 0.007735064253211021 22
1762516497959 0.008649500086903572 23
1762516497975 0.007693534251302481 24
1762516498010 0.0076892441138625145 25
1762516498041 0.007901874370872974 26
1762516498060 0.0070291683077812195 27
1762516498095 0.008093823678791523 28
1762516498110 0.007408793084323406 29
1762516498145 0.007917000912129879 30
1762516498180 0.007558268029242754 31
