1762392000171 0.025968287140130997 1
1762392000192 0.011611469089984894 2
1762392000224 0.00891853403300047 3
1762392000247 0.007378912530839443 4
1762392000269 0.006614064797759056 5
1762392000296 0.006200828123837709 6
1762392000312 0.005886886268854141 7
1762392000347 0.005749783478677273 8
1762392000361 0.005670569837093353 9
1762392000400 0.005528483539819717 10
1762392000414 0.005475989077240229 11
1762392000431 0.0054286872036755085 12
1762392000447 0.005349967163056135 13
1762392000473 0.005332556553184986 14
1762392000511 0.0053152660839259624 15
1762392000553 0.005345937330275774 16
1762392000567 0.00533175328746438 17
1762392000583 0.005311873741447926 18
1762392000598 0.005317348055541515 19
1762392000613 0.005310001317411661 20
1762392000655 0.005284016951918602 21
1762392000678 0.005267046391963959 22
1762392000701 0.005280024837702513 23
1762392000718 0.0052654193714261055 24
1762392000747 0.005271359346807003 25
1762392000762 0.0052294256165623665 26
1762392000788 0.005227681249380112 27
1762392000821 0.005203430540859699 28
1762392000847 0.005217154044657946 29
1762392000863 0.005206480156630278 30
1762392000878 0.005205690395087004 31
1762392000893 0.005211769137531519 32
1762392000930 0.005209020338952541 33
1762392000946 0.005184599198400974 34
1762392000990 0.005196199286729097 35
1762392001014 0.005192882847040892 36
1762392001047 0.005162758287042379 37
