1762393114939 0.03753005713224411 1
1762393114951 0.011737576685845852 2
1762393114961 0.009404144249856472 3
1762393114972 0.008080068044364452 4
1762393114982 0.006994720082730055 5
1762393114993 0.006408266723155975 6
1762393115002 0.005921917501837015 7
1762393115011 0.005692696664482355 8
1762393115026 0.005445085931569338 9
1762393115035 0.0053205895237624645 10
1762393115044 0.005197116173803806 11
1762393115053 0.005078979302197695 12
1762393115062 0.005039358511567116 13
1762393115072 0.0049787466414272785 14
1762393115081 0.004919722210615873 15
1762393115091 0.004892462864518166 16
1762393115099 0.004867481533437967 17
1762393115107 0.00483693415299058 18
1762393115116 0.004814945627003908 19
1762393115126 0.0048044645227491856 20
1762393115136 0.004793239291757345 21
1762393115145 0.004776505287736654 22
1762393115154 0.004764301236718893 23
1762393115163 0.004762664902955294 24
1762393115172 0.004747563973069191 25
1762393115180 0.004704547580331564 26
1762393115189 0.004691616632044315 27
1762393115198 0.004674178548157215 28
1762393115211 0.004661142826080322 29
1762393115219 0.004652413073927164 30
1762393115228 0.004625627771019936 31
1762393115238 0.004610359203070402 32
1762393115251 0.004616019781678915 33
1762393115260 0.004565865267068148 34
1762393115268 0.0045412760227918625 35
1762393115277 0.004564622882753611 36
1762393115286 0.00450265035033226 37
1762393115295 0.004502646159380674 38
1762393115304 0.004484862554818392 39
1762393115313 0.004469641949981451 40
1762393115321 0.004430362489074469 41
1762393115335 0.004404875915497541 42
1762393115336 0.004361986182630062 43
1762393115356 0.004349792841821909 44
1762393115364 0.004303968045860529 45
1762393115373 0.004307806026190519 46
1762393115381 0.00424340320751071 47
1762393115386 0.004208867903798819 48
1762393115386 0.004211479797959328 49
1762393115401 0.004182969685643911 50
1762393115401 0.004068024456501007 51
1762393115417 0.004083096981048584 52
1762393115417 0.004046084824949503 53
1762393115436 0.003977314569056034 54
1762393115436 0.003999483305960894 55
1762393115452 0.003977092914283276 56
1762393115452 0.004267287906259298 57
1762393115467 0.0038862077053636312 58
1762393115483 0.00394769012928009 59
1762393115483 0.0038751610554754734 60
1762393115498 0.0038012403529137373 61
1762393115498 0.0038741636089980602 62
1762393115514 0.0037098880857229233 63
1762393115514 0.0036992081440985203 64
1762393115530 0.003652052255347371 65
1762393115530 0.00365912402048707 66
1762393115545 0.0036740126088261604 67
1762393115545 0.003665054216980934 68
1762393115561 0.0035412933211773634 69
1762393115561 0.0035025004763156176 70
1762393115577 0.0034961760975420475 71
1762393115592 0.0035492994356900454 72
1762393115608 0.003455275436863303 73
1762393115608 0.0034369472414255142 74
1762393115623 0.0033893149811774492 75
1762393115623 0.003368567442521453 76
1762393115639 0.003336931113153696 77
1762393115639 0.003391447477042675 78
1762393115655 0.0033790580928325653 79
1762393115671 0.0032713934779167175 80
1762393115679 0.0032448917627334595 81
1762393115689 0.0031836270354688168 82
1762393115697 0.0031958178151398897 83
1762393115702 0.0032360556069761515 84
1762393115702 0.003318177070468664 85
1762393115719 0.0031676962971687317 86
1762393115719 0.0031045495998114347 87
1762393115735 0.0030748811550438404 88
1762393115735 0.0032033093739300966 89
1762393115750 0.0030905676539987326 90
1762393115750 0.003048195969313383 91
1762393115766 0.0030548525974154472 92
1762393115782 0.003076027613133192 93
1762393115786 0.0030400888063013554 94
1762393115786 0.00298118288628757 95
1762393115803 0.0029556467197835445 96
1762393115803 0.002928868168964982 97
1762393115819 0.0029256120324134827 98
1762393115819 0.0029075825586915016 99
1762393115836 0.002911472925916314 100
