1762768188654 0.05181106552481651 1
1762768188675 0.029371101409196854 2
1762768188685 0.02465696446597576 3
1762768188689 0.020720498636364937 4
1762768188705 0.018115252256393433 5
1762768188705 0.016442131251096725 6
1762768188725 0.015265773050487041 7
1762768188734 0.014231331646442413 8
1762768188743 0.013917089439928532 9
1762768188752 0.013087867759168148 10
1762768188755 0.012555509805679321 11
1762768188755 0.012860972434282303 12
1762768188771 0.012291129678487778 13
1762768188786 0.012097585014998913 14
1762768188786 0.011928393505513668 15
1762768188802 0.011708434671163559 16
1762768188802 0.012183479964733124 17
1762768188817 0.011951693333685398 18
1762768188817 0.011621760204434395 19
1762768188833 0.01137572806328535 20
1762768188849 0.011585881002247334 21
1762768188849 0.011398626491427422 22
1762768188864 0.010944775305688381 23
1762768188864 0.010970360599458218 24
1762768188880 0.011016668751835823 25
1762768188880 0.011227337643504143 26
1762768188896 0.010757816955447197 27
1762768188896 0.01102709211409092 28
1762768188911 0.010545521043241024 29
1762768188927 0.010594424791634083 30
1762768188927 0.010705361142754555 31
1762768188942 0.010708917863667011 32
1762768188942 0.010672030970454216 33
1762768188958 0.010042932815849781 34
1762768188958 0.010552114807069302 35
1762768188974 0.010694134049117565 36
1762768188974 0.010586326941847801 37
1762768188989 0.010852658189833164 38
1762768189005 0.011327017098665237 39
1762768189005 0.010625423863530159 40
1762768189021 0.010667292401194572 41
1762768189021 0.011018263176083565 42
1762768189036 0.01049202959984541 43
1762768189036 0.010871798731386662 44
1762768189052 0.010711313225328922 45
1762768189052 0.010725023224949837 46
1762768189076 0.010640447959303856 47
1762768189085 0.01093237940222025 48
1762768189088 0.010988317430019379 49
1762768189103 0.010761740617454052 50
1762768189103 0.010961850173771381 51
1762768189119 0.010396481491625309 52
1762768189119 0.010251486673951149 53
1762768189135 0.010053393431007862 54
1762768189135 0.010023452341556549 55
1762768189150 0.010348918847739697 56
1762768189166 0.010002265684306622 57
1762768189166 0.00998340267688036 58
1762768189181 0.009572749026119709 59
1762768189181 0.009569710120558739 60
1762768189197 0.009727044962346554 61
1762768189197 0.009336907416582108 62
1762768189213 0.009154001250863075 63
1762768189228 0.009271422401070595 64
1762768189228 0.00913548469543457 65
1762768189244 0.00884053111076355 66
1762768189244 0.008818062022328377 67
1762768189260 0.008646941743791103 68
1762768189260 0.008371572941541672 69
1762768189275 0.008605703711509705 70
1762768189275 0.008684754371643066 71
1762768189291 0.008898986503481865 72
1762768189306 0.008675395511090755 73
1762768189306 0.008570894598960876 74
1762768189322 0.008657854981720448 75
1762768189338 0.00884156208485365 76
1762768189338 0.008839694783091545 77
1762768189353 0.008736376650631428 78
1762768189353 0.008753342553973198 79
1762768189369 0.008658855222165585 80
1762768189369 0.008851120248436928 81
1762768189385 0.008447417058050632 82
1762768189385 0.008473602123558521 83
1762768189400 0.008355405181646347 84
1762768189416 0.008323395624756813 85
1762768189416 0.008325022645294666 86
1762768189431 0.008254678919911385 87
1762768189431 0.008201046846807003 88
1762768189447 0.008234059438109398 89
1762768189447 0.008321034722030163 90
1762768189463 0.008194389753043652 91
1762768189463 0.00819641537964344 92
1762768189478 0.008063070476055145 93
1762768189494 0.0078065283596515656 94
1762768189494 0.008251853287220001 95
1762768189510 0.008051288314163685 96
1762768189510 0.007941430434584618 97
1762768189525 0.008054116740822792 98
1762768189525 0.007773096207529306 99
1762768189541 0.00762696610763669 100
