1762767987413 0.1588234007358551 1
1762767987434 0.05339415371417999 2
1762767987447 0.035813696682453156 3
1762767987447 0.03234260529279709 4
1762767987466 0.03051651455461979 5
1762767987475 0.02900591306388378 6
1762767987484 0.02736278623342514 7
1762767987493 0.027223218232393265 8
1762767987496 0.026425877586007118 9
1762767987496 0.02610497735440731 10
1762767987512 0.025811750441789627 11
1762767987527 0.025233549997210503 12
1762767987527 0.025212405249476433 13
1762767987543 0.02493422105908394 14
1762767987543 0.024717990309000015 15
1762767987559 0.024380367249250412 16
1762767987559 0.02389800176024437 17
1762767987574 0.023330207914114 18
1762767987574 0.02312866970896721 19
1762767987590 0.023088455200195312 20
1762767987606 0.022699479013681412 21
1762767987606 0.022696789354085922 22
1762767987621 0.022415129467844963 23
1762767987621 0.022253980860114098 24
1762767987637 0.0218920037150383 25
1762767987637 0.02221645787358284 26
1762767987652 0.021489063277840614 27
1762767987652 0.021997768431901932 28
1762767987669 0.021830599755048752 29
1762767987682 0.02175404690206051 30
1762767987691 0.02193799801170826 31
1762767987695 0.02141362428665161 32
1762767987695 0.0216938816010952 33
1762767987711 0.021744616329669952 34
1762767987711 0.021703269332647324 35
1762767987727 0.02141699567437172 36
1762767987742 0.0214250385761261 37
1762767987742 0.02155761793255806 38
1762767987758 0.021081527695059776 39
1762767987758 0.02131865732371807 40
1762767987774 0.02115808054804802 41
1762767987774 0.021298175677657127 42
1762767987789 0.02135532908141613 43
1762767987789 0.02120344527065754 44
1762767987805 0.021059265360236168 45
1762767987805 0.021267306059598923 46
1762767987821 0.021024050191044807 47
1762767987836 0.02065853588283062 48
1762767987836 0.020626528188586235 49
1762767987852 0.02032819762825966 50
1762767987852 0.020436400547623634 51
1762767987867 0.02039995603263378 52
1762767987867 0.020263854414224625 53
1762767987883 0.020448002964258194 54
1762767987883 0.02048390731215477 55
1762767987899 0.020543670281767845 56
1762767987914 0.020413700491189957 57
1762767987914 0.02056661807000637 58
1762767987930 0.020315920934081078 59
1762767987930 0.02086057886481285 60
1762767987945 0.02038014493882656 61
1762767987945 0.02039424143731594 62
1762767987961 0.020293153822422028 63
1762767987961 0.02041606605052948 64
1762767987977 0.020706335082650185 65
1762767987992 0.020170025527477264 66
1762767987992 0.020432643592357635 67
1762767988008 0.02045697346329689 68
1762767988008 0.020357107743620872 69
1762767988024 0.020292282104492188 70
1762767988024 0.02050855942070484 71
1762767988039 0.019956177100539207 72
1762767988039 0.02047225646674633 73
1762767988055 0.02026730589568615 74
1762767988070 0.02001330442726612 75
1762767988070 0.020483987405896187 76
1762767988086 0.020060915499925613 77
1762767988086 0.02022123895585537 78
1762767988102 0.020151225849986076 79
1762767988102 0.020286455750465393 80
1762767988117 0.020295655354857445 81
1762767988117 0.02018297277390957 82
1762767988133 0.020454900339245796 83
1762767988133 0.02033562771975994 84
1762767988149 0.020059553906321526 85
1762767988164 0.02037135325372219 86
1762767988164 0.020128805190324783 87
