1762396587035 0.02625495195388794 1
1762396587055 0.013393189758062363 2
1762396587082 0.012194779701530933 3
1762396587082 0.011519397608935833 4
1762396587101 0.0111337099224329 5
1762396587109 0.010675406083464622 6
1762396587118 0.010818489827215672 7
1762396587127 0.010297076776623726 8
1762396587131 0.010344407521188259 9
1762396587131 0.010294606909155846 10
1762396587147 0.010050185024738312 11
1762396587147 0.009874006733298302 12
1762396587162 0.009934348985552788 13
1762396587162 0.009641455486416817 14
1762396587178 0.009829296730458736 15
1762396587178 0.009624962694942951 16
1762396587193 0.009544716216623783 17
1762396587209 0.00956512801349163 18
1762396587209 0.009283004328608513 19
1762396587225 0.00905059464275837 20
1762396587225 0.008990383706986904 21
1762396587240 0.008857524022459984 22
1762396587240 0.008808537386357784 23
1762396587256 0.008739426732063293 24
1762396587256 0.008754583075642586 25
1762396587272 0.008632050827145576 26
1762396587284 0.00858320202678442 27
1762396587292 0.008542556315660477 28
1762396587301 0.008517492562532425 29
1762396587309 0.00855628028512001 30
1762396587314 0.008608547039330006 31
1762396587324 0.008494638837873936 32
1762396587324 0.008541833609342575 33
1762396587340 0.008444452658295631 34
1762396587340 0.008528532460331917 35
1762396587356 0.008424541912972927 36
1762396587356 0.008426938205957413 37
1762396587371 0.008371311239898205 38
1762396587371 0.008314174599945545 39
1762396587387 0.008299601264297962 40
1762396587387 0.008292753249406815 41
1762396587402 0.008203573524951935 42
1762396587402 0.008477337658405304 43
