1762399589198 0.03203664347529411 1
1762399589208 0.010540884919464588 2
1762399589220 0.009976167231798172 3
1762399589221 0.00964169017970562 4
1762399589238 0.009282246232032776 5
1762399589246 0.008947107940912247 6
1762399589254 0.008740001358091831 7
1762399589262 0.008670546114444733 8
1762399589269 0.008639728650450706 9
1762399589269 0.008481348864734173 10
1762399589285 0.008646856993436813 11
1762399589285 0.008435201831161976 12
1762399589300 0.008308293297886848 13
1762399589300 0.008299503475427628 14
1762399589316 0.008225679397583008 15
1762399589316 0.008113577030599117 16
1762399589332 0.008106843568384647 17
1762399589332 0.008039429783821106 18
1762399589347 0.008075821213424206 19
1762399589347 0.008064803667366505 20
1762399589363 0.008095349185168743 21
1762399589363 0.007994027808308601 22
1762399589379 0.007835104130208492 23
1762399589379 0.00788446981459856 24
1762399589394 0.007774473167955875 25
1762399589394 0.007853608578443527 26
1762399589410 0.007927010767161846 27
1762399589410 0.007908692583441734 28
1762399589425 0.00789947435259819 29
1762399589425 0.00782667938619852 30
1762399589441 0.007755651604384184 31
1762399589441 0.007777783088386059 32
1762399589457 0.00779868895187974 33
1762399589457 0.007755575701594353 34
1762399589472 0.007792156655341387 35
1762399589472 0.007763465866446495 36
1762399589488 0.0077865030616521835 37
1762399589488 0.007789530325680971 38
1762399589504 0.007814869284629822 39
1762399589504 0.007729753386229277 40
1762399589519 0.007800020277500153 41
1762399589519 0.007748679723590612 42
1762399589535 0.007690880447626114 43
1762399589550 0.007715166080743074 44
1762399589550 0.007615907117724419 45
1762399589566 0.00773417204618454 46
1762399589566 0.007711855228990316 47
1762399589582 0.0077511901035904884 48
1762399589582 0.007805355358868837 49
1762399589597 0.0076893530786037445 50
1762399589597 0.007738456595689058 51
1762399589613 0.007639439310878515 52
1762399589613 0.007676857989281416 53
1762399589629 0.007638092152774334 54
1762399589629 0.007613204885274172 55
1762399589644 0.007602083962410688 56
1762399589644 0.007585617713630199 57
1762399589660 0.007530939765274525 58
1762399589660 0.0075667439959943295 59
1762399589675 0.007525425869971514 60
1762399589675 0.0075470078736543655 61
1762399589691 0.007486457470804453 62
1762399589691 0.007379741407930851 63
1762399589707 0.007320033386349678 64
1762399589719 0.007311921566724777 65
1762399589730 0.0073013389483094215 66
1762399589739 0.007301210425794125 67
1762399589747 0.007284546736627817 68
1762399589752 0.007250504568219185 69
1762399589752 0.0072510698810219765 70
1762399589768 0.007223882246762514 71
1762399589768 0.007175050210207701 72
1762399589784 0.007170236203819513 73
1762399589784 0.007163253612816334 74
1762399589799 0.007095762528479099 75
1762399589799 0.007113285828381777 76
1762399589815 0.007090162020176649 77
1762399589815 0.007079576142132282 78
1762399589831 0.0071037947200238705 79
1762399589831 0.007022589910775423 80
1762399589862 0.006981708109378815 81
1762399589878 0.007028972264379263 82
1762399589893 0.0070906272158026695 83
1762399589909 0.007079250179231167 84
1762399589909 0.00709962984547019 85
1762399589924 0.006952460389584303 86
1762399589924 0.007038773503154516 87
1762399589940 0.006994504947215319 88
1762399589940 0.00699830986559391 89
1762399589956 0.006986857391893864 90
1762399589956 0.007011800538748503 91
1762399589971 0.006984237115830183 92
1762399589987 0.006977404933422804 93
1762399589987 0.006953523028641939 94
1762399590002 0.006964526139199734 95
1762399590002 0.007022140081971884 96
1762399590018 0.006849552504718304 97
1762399590018 0.006849894765764475 98
1762399590034 0.00705313216894865 99
1762399590034 0.006895176135003567 100
