1762407027669 0.018556175753474236 1
1762407027678 0.010039685294032097 2
1762407027690 0.008986841887235641 3
1762407027694 0.008437750861048698 4
1762407027705 0.008077964186668396 5
1762407027705 0.0078046261332929134 6
1762407027720 0.007641288451850414 7
1762407027720 0.007559959776699543 8
1762407027743 0.007120667956769466 9
1762407027751 0.007335673086345196 10
1762407027760 0.006933049764484167 11
1762407027768 0.006926406174898148 12
1762407027770 0.006890031974762678 13
1762407027770 0.006723433267325163 14
1762407027785 0.006821772549301386 15
1762407027801 0.006659602280706167 16
1762407027801 0.006687171757221222 17
1762407027816 0.006607118993997574 18
1762407027816 0.006765939295291901 19
1762407027832 0.006691609509289265 20
1762407027832 0.006695619318634272 21
1762407027848 0.006754923611879349 22
1762407027848 0.006668171379715204 23
1762407027863 0.0065449601970613 24
1762407027879 0.006460363976657391 25
1762407027902 0.006438934709876776 26
1762407027911 0.006372998934239149 27
1762407027919 0.0063017020002007484 28
1762407027928 0.006278438959270716 29
1762407027936 0.006200756411999464 30
1762407027936 0.006176067050546408 31
1762407027952 0.006148910615593195 32
1762407027952 0.006085298024117947 33
1762407027967 0.006032160948961973 34
1762407027967 0.00601228978484869 35
1762407027983 0.005927152931690216 36
1762407027983 0.005860026925802231 37
1762407027999 0.005823689978569746 38
1762407027999 0.005770139861851931 39
1762407028014 0.005718081723898649 40
1762407028014 0.005733536556363106 41
1762407028030 0.005797195248305798 42
1762407028030 0.0056844474747776985 43
1762407028045 0.005718882195651531 44
1762407028045 0.0056076617911458015 45
1762407028061 0.005659735761582851 46
1762407028061 0.005631863605231047 47
1762407028077 0.005744579713791609 48
1762407028077 0.005561517085880041 49
1762407028092 0.005538680125027895 50
1762407028092 0.005532873794436455 51
1762407028108 0.005493322852998972 52
1762407028124 0.005423805210739374 53
1762407028124 0.005494230892509222 54
1762407028139 0.0057307761162519455 55
1762407028139 0.00544445775449276 56
1762407028155 0.005673083011060953 57
1762407028170 0.005308085586875677 58
1762407028186 0.005307440645992756 59
1762407028202 0.005338540766388178 60
1762407028202 0.005385369528084993 61
1762407028217 0.005300541874021292 62
1762407028217 0.005240382626652718 63
1762407028233 0.005265551619231701 64
1762407028249 0.00526257511228323 65
1762407028249 0.0051224008202552795 66
1762407028264 0.005226648412644863 67
1762407028264 0.005375506356358528 68
1762407028280 0.0056176213547587395 69
1762407028280 0.005257833749055862 70
1762407028295 0.005129487719386816 71
1762407028295 0.005032420624047518 72
1762407028311 0.005003474652767181 73
1762407028311 0.004937010817229748 74
1762407028327 0.004973961506038904 75
1762407028327 0.0050792451947927475 76
1762407028342 0.005030906293541193 77
1762407028342 0.0048520248383283615 78
1762407028358 0.004804654978215694 79
1762407028358 0.004847565665841103 80
1762407028374 0.0050299521535634995 81
1762407028374 0.00483330525457859 82
1762407028389 0.00485377199947834 83
1762407028389 0.0048096454702317715 84
1762407028405 0.004831164143979549 85
1762407028405 0.004790316801518202 86
1762407028420 0.004807101562619209 87
1762407028420 0.0051565892063081264 88
1762407028436 0.004856852814555168 89
1762407028436 0.004806410986930132 90
1762407028456 0.004809841047972441 91
1762407028464 0.004676614422351122 92
1762407028472 0.0049298591911792755 93
1762407028480 0.004895150661468506 94
1762407028486 0.004681524354964495 95
1762407028486 0.0047631883062422276 96
1762407028502 0.0046114143915474415 97
1762407028502 0.004672033246606588 98
1762407028517 0.0047016204334795475 99
1762407028517 0.004734366666525602 100
