1762408854651 0.02676340937614441 1
1762408854672 0.008400334976613522 2
1762408854673 0.007358871400356293 3
1762408854693 0.006712933070957661 4
1762408854699 0.006156611256301403 5
1762408854706 0.005850958172231913 6
1762408854706 0.005555466748774052 7
1762408854728 0.005382942035794258 8
1762408854736 0.005238011013716459 9
1762408854744 0.005127728451043367 10
1762408854752 0.005040487740188837 11
1762408854755 0.005002178251743317 12
1762408854755 0.004932057112455368 13
1762408854771 0.004904573783278465 14
1762408854771 0.00486328499391675 15
1762408854787 0.00482997065410018 16
1762408854787 0.004803855903446674 17
1762408854802 0.004764178302139044 18
1762408854802 0.004754114430397749 19
1762408854818 0.004720306023955345 20
1762408854818 0.004733992274850607 21
1762408854834 0.00470387190580368 22
1762408854834 0.004678346216678619 23
1762408854849 0.004716015420854092 24
1762408854865 0.00468070711940527 25
1762408854865 0.0046741473488509655 26
1762408854880 0.004656168632209301 27
1762408854880 0.004635720979422331 28
1762408854896 0.004611360840499401 29
1762408854896 0.0045812102034688 30
1762408854912 0.004571654833853245 31
1762408854912 0.004596116486936808 32
1762408854927 0.0045684995129704475 33
1762408854927 0.004570021294057369 34
1762408854943 0.004541029687970877 35
1762408854943 0.004535223823040724 36
1762408854959 0.004540581721812487 37
1762408854959 0.0045497361570596695 38
1762408854974 0.004516669549047947 39
1762408854974 0.004511259961873293 40
1762408854990 0.004490633029490709 41
1762408854990 0.0044858199544250965 42
1762408855005 0.00447045685723424 43
1762408855005 0.004464246798306704 44
1762408855021 0.004458620212972164 45
1762408855021 0.004431494046002626 46
1762408855037 0.004403085447847843 47
1762408855037 0.0043618809431791306 48
1762408855052 0.004351798444986343 49
1762408855052 0.004349252209067345 50
1762408855068 0.004318027291446924 51
1762408855068 0.004306534770876169 52
1762408855091 0.0042845760472118855 53
1762408855099 0.004271427169442177 54
1762408855112 0.004273352678865194 55
1762408855120 0.0042329407297074795 56
1762408855122 0.004201951436698437 57
1762408855122 0.004200117662549019 58
1762408855138 0.004207337740808725 59
1762408855138 0.004190673120319843 60
1762408855153 0.004140699747949839 61
1762408855153 0.004146401770412922 62
1762408855169 0.004158466123044491 63
1762408855185 0.0041426909156143665 64
1762408855185 0.004135782364755869 65
1762408855200 0.004113040864467621 66
1762408855200 0.0041131870821118355 67
1762408855216 0.004104351159185171 68
1762408855216 0.004084749147295952 69
1762408855231 0.004056738223880529 70
1762408855231 0.004069643560796976 71
1762408855247 0.004075821954756975 72
1762408855247 0.0040377117693424225 73
1762408855263 0.004032741766422987 74
1762408855263 0.004029249772429466 75
1762408855278 0.004028186202049255 76
1762408855278 0.0040054298005998135 77
1762408855294 0.00398993631824851 78
1762408855310 0.004010921809822321 79
1762408855310 0.003967449069023132 80
1762408855325 0.0039252303540706635 81
1762408855325 0.003961834125220776 82
1762408855341 0.003950637299567461 83
1762408855341 0.0039263563230633736 84
1762408855356 0.003910144325345755 85
1762408855356 0.0039003959391266108 86
1762408855372 0.003874286310747266 87
1762408855372 0.003885342739522457 88
1762408855388 0.0038408697582781315 89
1762408855388 0.003878039075061679 90
1762408855403 0.003842317732051015 91
1762408855403 0.0038271246012300253 92
1762408855419 0.0038090974558144808 93
1762408855419 0.0037900314200669527 94
1762408855435 0.0037841463927179575 95
1762408855435 0.0037544334772974253 96
1762408855450 0.0037693895865231752 97
1762408855450 0.003721419023349881 98
1762408855466 0.0037002379540354013 99
1762408855466 0.003703309688717127 100
