1762767208310 0.04445253312587738 1
1762767208332 0.022669505327939987 2
1762767208346 0.016860760748386383 3
1762767208355 0.014580648392438889 4
1762767208365 0.013458059169352055 5
1762767208373 0.01217670738697052 6
1762767208382 0.01230646576732397 7
1762767208391 0.011433832347393036 8
1762767208395 0.011058325879275799 9
1762767208395 0.010648701339960098 10
1762767208411 0.01050865650177002 11
1762767208411 0.010709927417337894 12
1762767208427 0.010081736370921135 13
1762767208442 0.010275266133248806 14
1762767208442 0.009958229959011078 15
1762767208458 0.0099434619769454 16
1762767208458 0.009839095175266266 17
1762767208473 0.00958883948624134 18
1762767208473 0.009436401538550854 19
1762767208489 0.009550457820296288 20
1762767208489 0.009291363880038261 21
1762767208505 0.00929168239235878 22
1762767208520 0.009282140992581844 23
1762767208520 0.009155440144240856 24
1762767208536 0.009463969618082047 25
1762767208536 0.009298213757574558 26
1762767208552 0.008889365941286087 27
1762767208552 0.008902757428586483 28
1762767208567 0.009058021940290928 29
1762767208567 0.008936749771237373 30
1762767208584 0.00917331874370575 31
1762767208599 0.008731591515243053 32
1762767208607 0.008989022113382816 33
1762767208611 0.008713776245713234 34
1762767208611 0.008709567598998547 35
1762767208627 0.009087713435292244 36
1762767208643 0.008826917968690395 37
1762767208643 0.00895850732922554 38
1762767208658 0.009138701483607292 39
1762767208658 0.0087592713534832 40
1762767208674 0.009287024848163128 41
1762767208674 0.009298739954829216 42
1762767208689 0.009324033744633198 43
1762767208689 0.00945302378386259 44
1762767208705 0.009576914831995964 45
1762767208705 0.009077038615942001 46
1762767208721 0.009036911651492119 47
1762767208721 0.008527042344212532 48
1762767208736 0.009469910524785519 49
1762767208752 0.00963364727795124 50
1762767208752 0.009384525939822197 51
1762767208768 0.009709928184747696 52
1762767208768 0.009572843089699745 53
1762767208783 0.009242111817002296 54
1762767208783 0.009377243928611279 55
1762767208799 0.009148289449512959 56
1762767208799 0.009108351543545723 57
1762767208814 0.008693142794072628 58
1762767208830 0.009282968938350677 59
1762767208830 0.009487804025411606 60
1762767208846 0.009265673346817493 61
1762767208846 0.009171907790005207 62
1762767208861 0.008951461873948574 63
1762767208861 0.009284570813179016 64
1762767208877 0.00947631523013115 65
1762767208877 0.009665011428296566 66
1762767208893 0.010134153999388218 67
1762767208893 0.010299153625965118 68
1762767208908 0.010187188163399696 69
1762767208924 0.009301242418587208 70
1762767208924 0.008943477645516396 71
1762767208939 0.00942083727568388 72
1762767208939 0.009454410523176193 73
1762767208955 0.00926059577614069 74
1762767208955 0.009294151328504086 75
1762767208971 0.009194344282150269 76
1762767208971 0.008763273246586323 77
1762767208986 0.008827107027173042 78
1762767208986 0.008967160247266293 79
1762767209002 0.008991527371108532 80
1762767209018 0.0088307810947299 81
1762767209018 0.008753395639359951 82
1762767209033 0.008662213571369648 83
1762767209033 0.008877124637365341 84
1762767209049 0.00857305247336626 85
1762767209049 0.008226280100643635 86
1762767209064 0.007943862117826939 87
1762767209064 0.008139985613524914 88
1762767209080 0.008439787663519382 89
1762767209080 0.008820288814604282 90
1762767209096 0.009397533722221851 91
1762767209112 0.009272994473576546 92
1762767209112 0.009161603637039661 93
1762767209129 0.009036438539624214 94
1762767209138 0.00923194084316492 95
1762767209145 0.009232801385223866 96
1762767209145 0.008761371485888958 97
1762767209160 0.008424857631325722 98
1762767209160 0.008359490893781185 99
1762767209176 0.008309808559715748 100
