1762767069217 0.13837993144989014 1
1762767069226 0.051498185843229294 2
1762767069226 0.03742997720837593 3
1762767069241 0.03462708741426468 4
1762767069256 0.03269904479384422 5
1762767069256 0.031382396817207336 6
1762767069274 0.030078815296292305 7
1762767069283 0.029563473537564278 8
1762767069292 0.029749393463134766 9
1762767069300 0.028792118653655052 10
1762767069306 0.028087357059121132 11
1762767069306 0.028740616515278816 12
1762767069322 0.028162069618701935 13
1762767069322 0.02819725312292576 14
1762767069337 0.028351465240120888 15
1762767069337 0.027795564383268356 16
1762767069353 0.02796534076333046 17
1762767069368 0.028015971183776855 18
1762767069368 0.02790657803416252 19
1762767069384 0.02791980840265751 20
1762767069384 0.027133310213685036 21
1762767069400 0.028327690437436104 22
1762767069400 0.028351789340376854 23
1762767069415 0.02802838571369648 24
1762767069415 0.02986847795546055 25
1762767069431 0.030850844457745552 26
1762767069431 0.02959047071635723 27
1762767069447 0.029515156522393227 28
1762767069462 0.030505448579788208 29
1762767069462 0.02970063127577305 30
1762767069478 0.029717637225985527 31
1762767069478 0.029442086815834045 32
1762767069493 0.029857276007533073 33
1762767069493 0.0296170711517334 34
1762767069509 0.029682409018278122 35
1762767069509 0.02897859364748001 36
1762767069525 0.028342198580503464 37
1762767069525 0.027908384799957275 38
1762767069540 0.027791855856776237 39
1762767069556 0.029312198981642723 40
1762767069556 0.028298648074269295 41
1762767069572 0.02823326177895069 42
1762767069572 0.029410701245069504 43
1762767069587 0.02895231544971466 44
1762767069603 0.028363145887851715 45
1762767069618 0.026354920119047165 46
1762767069618 0.02704809047281742 47
1762767069634 0.026543008163571358 48
1762767069650 0.027586117386817932 49
1762767069665 0.026978228241205215 50
1762767069665 0.027145132422447205 51
1762767069681 0.02768285572528839 52
1762767069693 0.02776903659105301 53
1762767069702 0.026251446455717087 54
1762767069705 0.027636313810944557 55
1762767069705 0.02639813721179962 56
1762767069728 0.02674822136759758 57
1762767069736 0.025601353496313095 58
1762767069740 0.026602141559123993 59
1762767069740 0.02562946081161499 60
1762767069764 0.02678590826690197 61
1762767069772 0.02556520141661167 62
1762767069772 0.026274854317307472 63
1762767069788 0.02484184503555298 64
1762767069788 0.02565397135913372 65
1762767069803 0.02563387155532837 66
1762767069803 0.025472229346632957 67
1762767069819 0.025010863319039345 68
1762767069819 0.024247780442237854 69
1762767069834 0.024261899292469025 70
1762767069834 0.02362252026796341 71
1762767069850 0.02477589063346386 72
1762767069866 0.023768864572048187 73
1762767069866 0.02438957430422306 74
1762767069881 0.023760071024298668 75
1762767069881 0.024115385487675667 76
1762767069897 0.023374665528535843 77
1762767069897 0.024029303342103958 78
1762767069913 0.023846441879868507 79
1762767069913 0.02334141917526722 80
1762767069928 0.023764146491885185 81
1762767069928 0.02390417270362377 82
1762767069944 0.023569287732243538 83
1762767069959 0.023408163338899612 84
1762767069959 0.0224776454269886 85
1762767069975 0.02368573658168316 86
1762767069975 0.0225197933614254 87
1762767069991 0.022885922342538834 88
1762767069991 0.023497510701417923 89
1762767070006 0.023004328832030296 90
1762767070006 0.02242872677743435 91
1762767070022 0.02235524356365204 92
1762767070038 0.022444039583206177 93
1762767070038 0.022895026952028275 94
1762767070053 0.023279089480638504 95
1762767070053 0.022562073543667793 96
1762767070069 0.021900586783885956 97
1762767070069 0.02247677743434906 98
1762767070084 0.022242801263928413 99
1762767070084 0.0222241822630167 100
