1762282074198 0.020461292937397957 1
1762282074221 0.009304001927375793 2
1762282074231 0.008057937026023865 3
1762282074241 0.007258688565343618 4
1762282074251 0.0068260496482253075 5
1762282074253 0.006380962673574686 6
1762282074265 0.006163620389997959 7
1762282074265 0.006012762896716595 8
1762282074284 0.005870162975043058 9
1762282074292 0.005786974914371967 10
1762282074300 0.005790069233626127 11
1762282074308 0.00567988445982337 12
1762282074315 0.0056862859055399895 13
1762282074315 0.00564030883833766 14
1762282074331 0.005688996519893408 15
1762282074331 0.005616830196231604 16
1762282074348 0.005597115494310856 17
1762282074356 0.00559388380497694 18
1762282074364 0.005527339410036802 19
1762282074372 0.005546781700104475 20
1762282074380 0.005524255335330963 21
1762282074388 0.005539267789572477 22
1762282074396 0.005487513262778521 23
1762282074404 0.005557241849601269 24
1762282074412 0.005507329478859901 25
1762282074415 0.005479084327816963 26
1762282074415 0.005473894998431206 27
1762282074430 0.00547950342297554 28
1762282074430 0.005442637484520674 29
1762282074450 0.00545784505084157 30
1762282074456 0.005448065232485533 31
1762282074456 0.005478771403431892 32
1762282074472 0.005432683043181896 33
1762282074472 0.005435760598629713 34
1762282074488 0.0054596196860075 35
1762282074488 0.0054350425489246845 36
1762282074503 0.005434462800621986 37
1762282074503 0.0054367054253816605 38
1762282074519 0.005418175365775824 39
1762282074519 0.0054269833490252495 40
1762282074537 0.0054010809399187565 41
1762282074545 0.005411477759480476 42
