1762282531905 0.03361368551850319 1
1762282531914 0.012736055999994278 2
1762282531922 0.00944578554481268 3
1762282531927 0.007874482311308384 4
1762282531941 0.00674268277361989 5
1762282531949 0.0061239032074809074 6
1762282531958 0.0057586063630878925 7
1762282531966 0.005547371227294207 8
1762282531974 0.005408596713095903 9
1762282531982 0.005321674980223179 10
1762282531991 0.005231974180787802 11
1762282531999 0.00521873077377677 12
1762282532005 0.005133596248924732 13
1762282532005 0.005142779089510441 14
1762282532022 0.005058519542217255 15
1762282532030 0.005029875785112381 16
1762282532030 0.005009710323065519 17
1762282532030 0.0050124311819672585 18
1762282532053 0.005009909626096487 19
1762282532061 0.0050033461302518845 20
1762282532069 0.0049293385818600655 21
1762282532070 0.004916300531476736 22
1762282532070 0.004884075373411179 23
1762282532086 0.004945964086800814 24
1762282532086 0.004779968876391649 25
1762282532109 0.004833859857171774 26
1762282532117 0.004831417463719845 27
1762282532125 0.004807765129953623 28
1762282532133 0.004796882160007954 29
1762282532142 0.004716532304883003 30
1762282532149 0.00469845300540328 31
1762282532157 0.004619605373591185 32
1762282532165 0.004646073095500469 33
1762282532171 0.004628644324839115 34
1762282532171 0.004511586390435696 35
1762282532186 0.004528231918811798 36
1762282532186 0.004469531122595072 37
1762282532202 0.004451339598745108 38
1762282532202 0.0044403960928320885 39
1762282532218 0.004349797032773495 40
1762282532218 0.004332694225013256 41
1762282532234 0.004326411057263613 42
1762282532242 0.004261042457073927 43
1762282532250 0.004279132932424545 44
1762282532261 0.004280285444110632 45
1762282532264 0.0041253636591136456 46
1762282532280 0.004114488139748573 47
1762282532280 0.004101326689124107 48
1762282532295 0.004060053266584873 49
1762282532311 0.00400789687409997 50
1762282532311 0.004078937228769064 51
1762282532327 0.003946669399738312 52
1762282532327 0.0039109778590500355 53
1762282532342 0.003889750922098756 54
1762282532342 0.0038767331279814243 55
1762282532365 0.0038476302288472652 56
1762282532373 0.003937969449907541 57
1762282532382 0.003839353332296014 58
1762282532388 0.003778410842642188 59
1762282532388 0.0037879894953221083 60
1762282532404 0.003737601451575756 61
1762282532404 0.0037552458234131336 62
1762282532419 0.003731844248250127 63
1762282532419 0.003711466211825609 64
1762282532435 0.003641543909907341 65
1762282532448 0.0036417387891560793 66
1762282532448 0.003604286350309849 67
1762282532463 0.003575708484277129 68
1762282532463 0.0035620632115751505 69
1762282532488 0.0036519619170576334 70
1762282532496 0.0035665039904415607 71
1762282532504 0.003564836224541068 72
1762282532512 0.0035440102219581604 73
1762282532515 0.0034994538873434067 74
1762282532515 0.003434332786127925 75
1762282532530 0.0034504879731684923 76
1762282532530 0.003518975805491209 77
1762282532551 0.003399209352210164 78
1762282532558 0.0033686140086501837 79
1762282532566 0.003334007691591978 80
1762282532573 0.003307243110612035 81
1762282532582 0.003312354441732168 82
1762282532590 0.003304677316918969 83
1762282532597 0.003268094966188073 84
1762282532605 0.0032126938458532095 85
1762282532609 0.00319075770676136 86
1762282532609 0.0032223134767264128 87
1762282532624 0.0031537599861621857 88
1762282532624 0.00316327391192317 89
1762282532640 0.0031277318485081196 90
1762282532640 0.003181045176461339 91
1762282532661 0.00311335944570601 92
1762282532668 0.0030843261629343033 93
1762282532677 0.003043858567252755 94
1762282532685 0.0030361085664480925 95
1762282532693 0.002995672170072794 96
1762282532701 0.0029916418716311455 97
1762282532709 0.0030284046661108732 98
1762282532717 0.0029544264543801546 99
1762282532719 0.00297041074372828 100
