1762313712317 0.04411112517118454 1
1762313712325 0.012532002292573452 2
1762313712336 0.00935649499297142 3
1762313712345 0.0077738575637340546 4
1762313712351 0.0069388230331242085 5
1762313712351 0.006352574564516544 6
1762313712367 0.006068408489227295 7
1762313712367 0.005798687692731619 8
1762313712389 0.005699498113244772 9
1762313712397 0.005577605217695236 10
1762313712406 0.005574813112616539 11
1762313712413 0.005455753766000271 12
1762313712422 0.005400305148214102 13
1762313712430 0.0053703864105045795 14
1762313712439 0.00534935062751174 15
1762313712453 0.005408839322626591 16
1762313712453 0.005336165428161621 17
1762313712468 0.005289952736347914 18
1762313712468 0.005272712558507919 19
1762313712484 0.005245912820100784 20
1762313712500 0.0052472385577857494 21
1762313712515 0.0051568946801126 22
1762313712537 0.0051887789741158485 23
1762313712544 0.005137120373547077 24
1762313712553 0.005092168226838112 25
1762313712561 0.0050933584570884705 26
1762313712561 0.005067440215498209 27
1762313712577 0.005014146212488413 28
1762313712577 0.005034143570810556 29
1762313712592 0.00508198281750083 30
1762313712592 0.005001510493457317 31
1762313712608 0.004991339053958654 32
1762313712608 0.005034945905208588 33
1762313712624 0.004932980053126812 34
1762313712624 0.004909704905003309 35
1762313712639 0.004932090640068054 36
1762313712639 0.004870311357080936 37
1762313712655 0.004864460788667202 38
1762313712655 0.004838272463530302 39
1762313712671 0.004794358275830746 40
1762313712671 0.004743402358144522 41
1762313712686 0.0046790847554802895 42
1762313712686 0.004712072666734457 43
1762313712702 0.0046906000934541225 44
1762313712702 0.004650050774216652 45
1762313712719 0.004579625092446804 46
1762313712727 0.004591640084981918 47
1762313712735 0.004549443256109953 48
1762313712743 0.0045953430235385895 49
1762313712749 0.004521660972386599 50
1762313712749 0.0045066275633871555 51
1762313712767 0.004446699284017086 52
1762313712775 0.004412700422108173 53
1762313712780 0.004404217470437288 54
1762313712780 0.004347620997577906 55
1762313712796 0.0043711294420063496 56
1762313712796 0.004317869432270527 57
1762313712811 0.004343065898865461 58
1762313712811 0.004410048481076956 59
1762313712827 0.004284936469048262 60
1762313712827 0.0043038842268288136 61
1762313712842 0.00423823669552803 62
1762313712842 0.0042445058934390545 63
1762313712863 0.004201086238026619 64
1762313712871 0.004135943483561277 65
1762313712879 0.004112267401069403 66
1762313712887 0.004098838660866022 67
1762313712895 0.004148285835981369 68
1762313712903 0.004096134565770626 69
1762313712912 0.0039913952350616455 70
1762313712919 0.00403608800843358 71
1762313712937 0.004073693882673979 72
1762313712953 0.003999019972980022 73
1762313712960 0.003968925215303898 74
1762313712969 0.003939362708479166 75
1762313712976 0.003936141263693571 76
1762313712983 0.0038903080858290195 77
1762313712983 0.00392978684976697 78
1762313712999 0.0038714571855962276 79
1762313712999 0.0038237618282437325 80
1762313713015 0.0037740212865173817 81
1762313713015 0.003829963505268097 82
1762313713031 0.0038375756703317165 83
1762313713039 0.003731663106009364 84
1762313713047 0.003734407015144825 85
1762313713055 0.003725216258317232 86
1762313713063 0.0037437863647937775 87
1762313713071 0.0036829309538006783 88
1762313713077 0.003621694864705205 89
1762313713077 0.003613079898059368 90
1762313713094 0.0035888231359422207 91
1762313713102 0.003594133537262678 92
1762313713108 0.0035702185705304146 93
1762313713108 0.0035566252190619707 94
1762313713127 0.003555723000317812 95
1762313713135 0.0035444493405520916 96
1762313713143 0.003539250697940588 97
1762313713149 0.0035392893478274345 98
1762313713149 0.0035299903247505426 99
1762313713165 0.0035436644684523344 100
