1762312773871 0.03418872505426407 1
1762312773881 0.010611459612846375 2
1762312773891 0.009181663393974304 3
1762312773900 0.00814034417271614 4
1762312773905 0.007530765142291784 5
1762312773905 0.007037095259875059 6
1762312773928 0.006705285981297493 7
1762312773936 0.006476575043052435 8
1762312773949 0.006291899364441633 9
1762312773954 0.006207408849149942 10
1762312773970 0.006086311303079128 11
1762312773970 0.006016425788402557 12
1762312773990 0.0059543452225625515 13
1762312773998 0.005899708718061447 14
1762312774008 0.005876283627003431 15
1762312774016 0.005874864291399717 16
1762312774025 0.005845012608915567 17
1762312774033 0.005806164350360632 18
1762312774037 0.005737443454563618 19
1762312774037 0.005727709736675024 20
1762312774060 0.005715350154787302 21
1762312774068 0.0056792316026985645 22
1762312774079 0.00571949640288949 23
1762312774087 0.0056887236423790455 24
1762312774087 0.005647195968776941 25
1762312774102 0.005809477064758539 26
1762312774102 0.00560095626860857 27
1762312774118 0.005691754166036844 28
1762312774118 0.005611015949398279 29
1762312774133 0.005593582987785339 30
1762312774149 0.005583165213465691 31
1762312774165 0.0055571929551661015 32
1762312774180 0.005582119338214397 33
1762312774180 0.005505385808646679 34
1762312774196 0.005486845504492521 35
1762312774204 0.005518637597560883 36
1762312774211 0.0055288150906562805 37
1762312774211 0.005486107897013426 38
