1762875823725 9.999999747378752e-05 1
1762875823758 0.0005949999904260039 2
1762875823786 0.0010900000343099236 3
1762875823802 0.0015849999617785215 4
1762875823844 0.0020800000056624413 5
1762875823872 0.002575000049546361 6
1762875823886 0.0030700000934302807 7
1762875823929 0.0035649999044835567 8
1762875823952 0.00406000018119812 9
1762875823984 0.004554999992251396 10
1762875824012 0.005049999803304672 11
1762875824040 0.005545000080019236 12
1762875824061 0.006039999891072512 13
1762875824094 0.006535000167787075 14
1762875824107 0.007029999978840351 15
1762875824139 0.007524999789893627 16
1762875824170 0.008019999600946903 17
1762875824201 0.008515000343322754 18
1762875824221 0.00901000015437603 19
1762875824265 0.009504999965429306 20
