1762875823689 0.19208334386348724 1
1762875823726 0.12429959326982498 2
1762875823762 0.10450870543718338 3
1762875823786 0.09721185266971588 4
1762875823818 0.09286479651927948 5
1762875823848 0.08968966454267502 6
1762875823876 0.08796688914299011 7
1762875823905 0.08676907420158386 8
1762875823933 0.08499355614185333 9
1762875823952 0.08530321717262268 10
1762875823989 0.08448061347007751 11
1762875824016 0.08469673246145248 12
1762875824044 0.0839562863111496 13
1762875824061 0.0830046534538269 14
1762875824098 0.08323102444410324 15
1762875824123 0.08372354507446289 16
1762875824154 0.0842340812087059 17
1762875824170 0.08396944403648376 18
1762875824201 0.08422574400901794 19
1762875824239 0.08462619036436081 20
1762875989781 0.03478017449378967 1
1762875989784 0.020128292962908745 2
1762875989799 0.01722021959722042 3
1762875989806 0.015907831490039825 4
1762875989816 0.015166085213422775 5
1762875989825 0.014648606069386005 6
1762875989834 0.014274495653808117 7
1762875989842 0.01396380178630352 8
1762875989850 0.013459699228405952 9
1762875989858 0.01314602605998516 10
1762875989866 0.012833614833652973 11
1762875989875 0.012459374032914639 12
1762875989879 0.012107416056096554 13
1762875989879 0.011736467480659485 14
1762875989895 0.011414283886551857 15
1762875989895 0.011104659177362919 16
1762875989910 0.010829256847500801 17
1762875989910 0.01051938347518444 18
1762875989926 0.010396895930171013 19
1762875989926 0.010245931334793568 20
1762875989942 0.009914196096360683 21
1762875989942 0.009646764025092125 22
1762875989957 0.009531975723803043 23
1762875989973 0.009382324293255806 24
1762875989989 0.009040117263793945 25
1762875990020 0.009007338434457779 26
1762875990020 0.008735994808375835 27
1762875990036 0.00862244050949812 28
1762875990045 0.008473253808915615 29
1762875990053 0.008402437902987003 30
1762875990060 0.0082728685811162 31
1762875990060 0.008101502433419228 32
1762875990075 0.008025639690458775 33
1762875990075 0.007883542217314243 34
1762875990091 0.00791614968329668 35
1762875990091 0.007804093416780233 36
1762875990109 0.007677718531340361 37
1762875990117 0.007717887405306101 38
1762875990126 0.007613900117576122 39
1762875990134 0.007646661251783371 40
1762875990142 0.007495295722037554 41
1762875990144 0.007441263180226088 42
1762875990144 0.007426316849887371 43
1762875990160 0.007356307934969664 44
1762875990160 0.007280535064637661 45
1762875990175 0.0072568319737911224 46
1762875990175 0.007216321770101786 47
1762875990191 0.0072216154076159 48
1762875990191 0.007134899962693453 49
1762875990207 0.007146651390939951 50
1762875990207 0.007031140383332968 51
1762875990229 0.006996474228799343 52
1762875990237 0.007056690286844969 53
1762875990245 0.007081461139023304 54
1762875990254 0.0069348169490695 55
1762875990262 0.0069180745631456375 56
1762875990270 0.006884574890136719 57
1762875990278 0.006813747808337212 58
1762875990278 0.006792022380977869 59
1762875990294 0.0067938449792563915 60
1762875990295 0.006865621544420719 61
1762875990311 0.006748531945049763 62
1762875990319 0.006720677018165588 63
1762875990328 0.006698633078485727 64
1762875990336 0.006701581180095673 65
1762875990345 0.006693265866488218 66
1762875990352 0.00660382304340601 67
1762875990357 0.006582194939255714 68
1762875990357 0.0066346037201583385 69
1762875990372 0.006625195499509573 70
1762875990372 0.0065611740574240685 71
1762875990388 0.0065052988938987255 72
1762875990388 0.006435324903577566 73
1762875990404 0.00645824521780014 74
1762875990404 0.0064398618414998055 75
1762875990419 0.00642872229218483 76
1762875990419 0.006409029476344585 77
1762875990438 0.006454568821936846 78
1762875990447 0.006429580971598625 79
1762875990455 0.006373127922415733 80
1762875990462 0.006347134709358215 81
1762875990470 0.006284195929765701 82
1762875990477 0.006323936861008406 83
1762875990477 0.006317030638456345 84
1762875990493 0.006273543927818537 85
1762875990493 0.006389690097421408 86
1762875990509 0.006311662960797548 87
1762875990509 0.006194435991346836 88
1762875990524 0.006226834841072559 89
1762875990524 0.0061699519865214825 90
1762875990540 0.006203737109899521 91
1762875990540 0.006178415380418301 92
1762875990556 0.0061526820063591 93
1762875990563 0.006165791768580675 94
1762875990571 0.0061503308825194836 95
1762875990575 0.006164088845252991 96
1762875990575 0.006107430439442396 97
1762875990591 0.006111531518399715 98
1762875990591 0.006096303928643465 99
1762875990606 0.006089819595217705 100
1762876204663 0.025165850296616554 1
1762876204667 0.008840493857860565 2
1762876204667 0.007032202091068029 3
1762876204691 0.00648528803139925 4
1762876204696 0.006248700898140669 5
1762876204708 0.006134331692010164 6
1762876204708 0.006066661793738604 7
1762876204727 0.006005194969475269 8
1762876204728 0.005912880413234234 9
1762876204744 0.005830326583236456 10
1762876204752 0.0058001624420285225 11
1762876204762 0.005733533296734095 12
1762876204770 0.005735394544899464 13
1762876204773 0.00571809709072113 14
1762876204773 0.005601292010396719 15
1762876204788 0.005514012649655342 16
1762876204788 0.005469978787004948 17
1762876204804 0.005376844201236963 18
1762876204804 0.005361962132155895 19
1762876204820 0.005363393109291792 20
1762876204820 0.005274555645883083 21
1762876204835 0.005135085433721542 22
1762876204835 0.0050310054793953896 23
1762876204851 0.004984770901501179 24
1762876204851 0.004912936128675938 25
1762876204873 0.004769083112478256 26
1762876204881 0.004747544880956411 27
1762876204886 0.004676846321672201 28
1762876204886 0.0045835175551474094 29
1762876204901 0.004564937669783831 30
1762876204901 0.0045360601507127285 31
1762876204921 0.004511440172791481 32
1762876204929 0.004455264192074537 33
1762876204937 0.004394695162773132 34
1762876204945 0.004460527561604977 35
1762876204953 0.004378479905426502 36
1762876204956 0.004304590635001659 37
1762876204956 0.004306017886847258 38
1762876204978 0.004264223854988813 39
1762876204986 0.004321592394262552 40
1762876204994 0.004168679006397724 41
1762876205002 0.004210320301353931 42
1762876205010 0.004163228441029787 43
1762876205012 0.0041100140661001205 44
1762876205012 0.004082453437149525 45
1762876205028 0.004020489286631346 46
1762876205028 0.004035180900245905 47
1762876205043 0.004005624912679195 48
1762876205059 0.003958181478083134 49
1762876205059 0.00396297313272953 50
1762876205075 0.0039513325318694115 51
1762876205084 0.0039229076355695724 52
1762876205091 0.003915054723620415 53
1762876205099 0.003908070735633373 54
1762876205105 0.003845715429633856 55
1762876205105 0.003808986861258745 56
1762876205120 0.0038136355578899384 57
1762876205120 0.003807653672993183 58
1762876205136 0.003774472279474139 59
1762876205136 0.003757126396521926 60
1762876205152 0.0037416114937514067 61
1762876205152 0.0037197647616267204 62
1762876205167 0.003739522770047188 63
1762876205167 0.0036889915354549885 64
1762876205183 0.0036685108207166195 65
1762876205183 0.003682168899103999 66
1762876205199 0.003629839513450861 67
1762876205199 0.003566873027011752 68
1762876205224 0.003572323825210333 69
1762876205232 0.0035325007047504187 70
1762876205241 0.0035167192108929157 71
1762876205249 0.003504871390759945 72
1762876205255 0.003495927667245269 73
1762876205255 0.0035057617351412773 74
1762876205271 0.003444436239078641 75
1762876205271 0.0034174963366240263 76
1762876205286 0.0033971485681831837 77
1762876205286 0.0033847419545054436 78
1762876205303 0.0033976600971072912 79
1762876205311 0.0034372361842542887 80
1762876205319 0.003303182777017355 81
1762876205323 0.0033217002637684345 82
1762876205323 0.0032988982275128365 83
1762876205339 0.0033409507013857365 84
1762876205339 0.0032754952553659678 85
1762876205355 0.0032104270067065954 86
1762876205355 0.0032007598783820868 87
1762876205370 0.0031794181559234858 88
1762876205370 0.003173339180648327 89
1762876205386 0.003118740161880851 90
1762876205386 0.003127118805423379 91
1762876205402 0.003142142202705145 92
1762876205402 0.0031002755276858807 93
1762876205417 0.003109750570729375 94
1762876205417 0.0031208733562380075 95
1762876205433 0.0030854884535074234 96
1762876205433 0.0030526674818247557 97
1762876205448 0.0030134895350784063 98
1762876205448 0.0030513457022607327 99
1762876205465 0.003052998101338744 100
