1762875823691 0.19208334386348724 1
1762875823737 0.12429959326982498 2
1762875823766 0.10450870543718338 3
1762875823786 0.09721185266971588 4
1762875823821 0.09286479651927948 5
1762875823852 0.08968966454267502 6
1762875823880 0.08796688914299011 7
1762875823909 0.08676907420158386 8
1762875823936 0.08499355614185333 9
1762875823952 0.08530321717262268 10
1762875823993 0.08448061347007751 11
1762875824020 0.08469673246145248 12
1762875824045 0.0839562863111496 13
1762875824061 0.0830046534538269 14
1762875824102 0.08323102444410324 15
1762875824123 0.08372354507446289 16
1762875824154 0.0842340812087059 17
1762875824170 0.08396944403648376 18
1762875824201 0.08422574400901794 19
1762875824244 0.08462619036436081 20
