1762875823691 0.06450051069259644 1
1762875823737 0.028006620705127716 2
1762875823770 0.019295260310173035 3
1762875823786 0.01685662940144539 4
1762875823826 0.015486021526157856 5
1762875823852 0.014707203023135662 6
1762875823884 0.014342186041176319 7
1762875823913 0.014038685709238052 8
1762875823936 0.013733935542404652 9
1762875823968 0.013739338144659996 10
1762875823996 0.013573283329606056 11
1762875824024 0.013560911640524864 12
1762875824045 0.013569474220275879 13
1762875824077 0.013338400050997734 14
1762875824106 0.01353913452476263 15
1762875824123 0.013430585153400898 16
1762875824154 0.01351275946944952 17
1762875824185 0.013547055423259735 18
1762875824217 0.013572032563388348 19
1762875824248 0.013690143823623657 20
