1762266068918 9.999999747378752e-06 1
1762266068942 5.949999831500463e-05 2
1762266068967 0.00010900000052060932 3
1762266068997 0.0001584999990882352 4
1762266069019 0.00020799999765586108 5
1762266069042 0.0002575000107754022 6
1762266069059 0.00030700000934302807 7
1762266069074 0.00035650000791065395 8
1762266069106 0.00040600000647827983 9
1762266069121 0.0004555000050459057 10
1762266069153 0.0005050000036135316 11
1762266069168 0.000554499973077327 12
1762266069199 0.0006040000007487833 13
1762266069215 0.0006535000284202397 14
1762266069231 0.0007029999978840351 15
1762266069262 0.0007525000255554914 16
1762266069277 0.0008019999950192869 17
1762266069309 0.0008515000226907432 18
1762266069335 0.0009009999921545386 19
1762266069360 0.000950500019825995 20
1762266069383 0.0010000000474974513 21
1762266069405 0.0009996530134230852 22
1762266069420 0.0009986128425225616 23
1762266069451 0.0009968808153644204 24
1762266069479 0.0009944597259163857 25
1762266069496 0.0009913534158840775 26
1762266069512 0.0009875664254650474 27
1762266069544 0.00098310480825603 28
1762266069560 0.0009779754327610135 29
1762266069590 0.00097218609880656 30
1762266069606 0.0009657457703724504 31
1762266069622 0.0009586644009687006 32
1762266069652 0.0009509529336355627 33
1762266069668 0.0009426231845282018 34
1762266069699 0.0009336880757473409 35
1762266069715 0.0009241613443009555 36
1762266069750 0.0009140576585195959 37
1762266069762 0.0009033926180563867 38
1762266069796 0.0008921826956793666 39
1762266069809 0.0008804451208561659 40
1762266069840 0.0008681980543769896 41
1762266069867 0.0008554603555239737 42
1762266069890 0.000842251640278846 43
1762266069913 0.0008285922813229263 44
1762266069935 0.0008145033498294652 45
1762266069960 0.0008000066154636443 46
1762266069981 0.0007851243717595935 47
1762266070005 0.0007698795525357127 48
1762266070028 0.0007542957318946719 49
1762266070043 0.0007383968913927674 50
1762266070059 0.0007222075364552438 51
1762266070090 0.0007057526963762939 52
1762266070106 0.0006890576332807541 53
1762266070137 0.00067214819137007 54
1762266070153 0.0006550503894686699 55
1762266070183 0.0006377906538546085 56
1762266070199 0.0006203955272212625 57
1762266070229 0.0006028918433003128 58
1762266070246 0.0005853066104464233 59
1762266070262 0.0005676668952219188 60
1762266070293 0.0005499999970197678 61
1762266070309 0.0005323330988176167 62
1762266070340 0.0005146933835931122 63
1762266070356 0.0004971081507392228 64
1762266070387 0.0004796044959221035 65
1762266070411 0.00046220936928875744 66
1762266070427 0.0004449495754670352 67
1762266070456 0.00042785180266946554 68
1762266070466 0.00041094236075878143 69
1762266070497 0.0003942473267670721 70
1762266070524 0.0003777924575842917 71
1762266070543 0.00036160313175059855 72
1762266070575 0.0003457042621448636 73
1762266070591 0.0003301204415038228 74
1762266070623 0.0003148756513837725 75
1762266070638 0.0002999934076797217 76
1762266070668 0.00028549664421007037 77
1762266070692 0.00027140771271660924 78
1762266070723 0.00025774838286451995 79
1762266070746 0.0002445396676193923 80
1762266070780 0.00023180195421446115 81
1762266070803 0.00021955487318336964 82
1762266070825 0.00020781731291208416 83
1762266070848 0.0001966073759831488 84
1762266070870 0.0001859423500718549 85
1762266070894 0.00017583867884241045 86
1762266070917 0.00016631193284410983 87
1762266070941 0.00015737679495941848 88
1762266070960 0.00014904706040397286 89
1762266070975 0.00014133557851891965 90
1762266071007 0.00013425420911516994 91
1762266071022 0.00012781389523297548 92
1762266071054 0.00012202456855447963 93
1762266071079 0.00011689514212775975 94
1762266071091 0.00011243353219470009 95
1762266071121 0.00010864662181120366 96
1762266071137 0.00010554024629527703 97
1762266071153 0.00010311919322703034 98
1762266071190 0.00010138720244867727 99
1762266071200 0.00010034693696070462 100
