1762266068893 0.2954323887825012 1
1762266068922 0.2658936083316803 2
1762266068946 0.1928664743900299 3
1762266068970 0.15715740621089935 4
1762266068997 0.14470303058624268 5
1762266069023 0.1366305947303772 6
1762266069043 0.12765543162822723 7
1762266069059 0.1255211979150772 8
1762266069090 0.12223773449659348 9
1762266069106 0.11920204758644104 10
1762266069121 0.11722280830144882 11
1762266069153 0.11456385999917984 12
1762266069168 0.11485400795936584 13
1762266069203 0.13785384595394135 14
1762266069215 0.13840211927890778 15
1762266069246 0.1302143633365631 16
1762266069262 0.12837761640548706 17
1762266069293 0.12502294778823853 18
1762266069309 0.125934898853302 19
1762266069338 0.1320352405309677 20
1762266069363 0.1304643601179123 21
1762266069386 0.12375538796186447 22
1762266069409 0.12080048769712448 23
1762266069420 0.11901754885911942 24
1762266069451 0.16904659569263458 25
1762266069481 0.1559806913137436 26
1762266069496 0.15206560492515564 27
1762266069512 0.13166600465774536 28
1762266069544 0.11845984309911728 29
1762266069560 0.12420140951871872 30
1762266069590 0.11649077385663986 31
1762266069606 0.11929366737604141 32
1762266069639 0.1166597381234169 33
1762266069652 0.11713898926973343 34
1762266069684 0.11698304861783981 35
1762266069699 0.11435609310865402 36
1762266069731 0.11736598610877991 37
1762266069754 0.11266861855983734 38
1762266069762 0.114265076816082 39
1762266069799 0.10932669043540955 40
1762266069809 0.1129532903432846 41
1762266069840 0.10906599462032318 42
1762266069870 0.11208513379096985 43
1762266069893 0.1046956405043602 44
1762266069916 0.10869760811328888 45
1762266069935 0.09405394643545151 46
1762266069963 0.08885537087917328 47
1762266069981 0.08661209791898727 48
1762266070009 0.08369632810354233 49
1762266070028 0.07681931555271149 50
1762266070043 0.07326070219278336 51
1762266070074 0.07097937911748886 52
1762266070090 0.06950748711824417 53
1762266070106 0.06834544986486435 54
1762266070137 0.06818597763776779 55
1762266070153 0.0676804631948471 56
1762266070187 0.06658156216144562 57
1762266070199 0.06699816882610321 58
1762266070232 0.06559563428163528 59
1762266070246 0.06571615487337112 60
1762266070278 0.06499135494232178 61
1762266070293 0.06370790302753448 62
1762266070309 0.06441767513751984 63
1762266070340 0.063029445707798 64
1762266070356 0.06266972422599792 65
1762266070391 0.06134331226348877 66
1762266070414 0.062427569180727005 67
1762266070427 0.06195354089140892 68
1762266070460 0.06064656376838684 69
1762266070481 0.060140352696180344 70
1762266070497 0.06004917249083519 71
1762266070527 0.059752456843853 72
1762266070543 0.059911664575338364 73
1762266070575 0.058270636945962906 74
1762266070591 0.05891122668981552 75
1762266070626 0.058655135333538055 76
1762266070638 0.05840355530381203 77
1762266070672 0.05788586661219597 78
1762266070696 0.05774257332086563 79
1762266070728 0.05732109397649765 80
1762266070746 0.05704304575920105 81
1762266070783 0.05766194313764572 82
1762266070806 0.05623066425323486 83
1762266070825 0.05664505064487457 84
1762266070851 0.05638816952705383 85
1762266070874 0.05626983568072319 86
1762266070897 0.05576501786708832 87
1762266070920 0.0562807098031044 88
1762266070945 0.05585672706365585 89
1762266070960 0.055629245936870575 90
1762266070991 0.055629223585128784 91
1762266071007 0.05546347051858902 92
1762266071022 0.05563516914844513 93
1762266071054 0.05562032759189606 94
1762266071082 0.05474700778722763 95
1762266071091 0.05513249337673187 96
1762266071121 0.05514894798398018 97
1762266071137 0.05554771423339844 98
1762266071168 0.055045608431100845 99
1762266071193 0.054944660514593124 100
