1762266869053 0.013932110741734505 1
1762266869062 0.0055495998822152615 2
1762266869068 0.005543352570384741 3
1762266869077 0.0055418419651687145 4
1762266869079 0.005542448256164789 5
1762266869079 0.005540617275983095 6
1762266869095 0.005539269652217627 7
1762266869095 0.005541382823139429 8
1762266869121 0.005538264289498329 9
1762266869132 0.005540712270885706 10
1762266869139 0.005539250560104847 11
1762266869147 0.005539420060813427 12
1762266869153 0.005537247285246849 13
1762266869160 0.005540709942579269 14
1762266869167 0.005540131125599146 15
1762266869174 0.005537969991564751 16
1762266869181 0.0055391620844602585 17
1762266869188 0.005538858938962221 18
1762266869195 0.005541153252124786 19
1762266869202 0.00553488964214921 20
1762266869209 0.0055442145094275475 21
1762266869217 0.0055349450558424 22
1762266869224 0.005542149767279625 23
1762266869227 0.005539469886571169 24
1762266869227 0.005541606806218624 25
1762266869244 0.005540304351598024 26
1762266869244 0.005540833342820406 27
1762266869244 0.005539970472455025 28
1762266869260 0.005540319252759218 29
1762266869260 0.005539992358535528 30
1762266869278 0.005539996549487114 31
1762266869286 0.005540111567825079 32
1762266869287 0.00553994020447135 33
1762266869304 0.00553996954113245 34
1762266869314 0.005539929494261742 35
1762266869322 0.005539942532777786 36
1762266869329 0.005539946723729372 37
1762266869334 0.00553992809727788 38
1762266869334 0.00553990388289094 39
1762266869345 0.005539993289858103 40
1762266869345 0.005539875011891127 41
1762266869365 0.005540225654840469 42
1762266869372 0.005539942532777786 43
1762266869380 0.005540256388485432 44
1762266869389 0.0055399928241968155 45
1762266869397 0.005539943464100361 46
1762266869404 0.005539941135793924 47
