1762266260295 0.014019978232681751 1
1762266260298 0.005575148388743401 2
1762266260298 0.005561427213251591 3
1762266260319 0.0055486285127699375 4
1762266260325 0.00554689671844244 5
1762266260333 0.005541893187910318 6
1762266260340 0.005542138125747442 7
1762266260346 0.005541177466511726 8
1762266260353 0.005541801452636719 9
1762266260356 0.005541288759559393 10
1762266260356 0.005539518315345049 11
1762266260372 0.005540677811950445 12
1762266260379 0.005540613085031509 13
1762266260385 0.005540644284337759 14
1762266260392 0.005540838465094566 15
1762266260400 0.005540396086871624 16
1762266260407 0.00554058700799942 17
1762266260415 0.005540150683373213 18
1762266260421 0.005539958830922842 19
1762266260428 0.005539557430893183 20
1762266260430 0.005540223326534033 21
1762266260430 0.0055400007404387 22
1762266260449 0.005539929028600454 23
1762266260456 0.005540273152291775 24
1762266260462 0.00553995743393898 25
1762266260469 0.005540055222809315 26
1762266260475 0.005540004000067711 27
