1762266068893 0.1319340020418167 1
1762266068929 0.10981353372335434 2
1762266068953 0.061116281896829605 3
1762266068980 0.04101002216339111 4
1762266068997 0.034514617174863815 5
1762266069029 0.030832208693027496 6
1762266069043 0.02686453051865101 7
1762266069074 0.02594161033630371 8
1762266069090 0.024835657328367233 9
1762266069106 0.02372104860842228 10
1762266069137 0.02302096225321293 11
1762266069153 0.022368192672729492 12
1762266069186 0.02245844528079033 13
1762266069210 0.031403567641973495 14
1762266069231 0.030513085424900055 15
1762266069246 0.026969075202941895 16
1762266069277 0.026048723608255386 17
1762266069293 0.024918071925640106 18
1762266069309 0.024792687967419624 19
1762266069347 0.027881598100066185 20
1762266069370 0.026212740689516068 21
1762266069393 0.02421632409095764 22
1762266069415 0.023120252415537834 23
1762266069435 0.022891633212566376 24
1762266069451 0.04848673939704895 25
1762266069481 0.038198020309209824 26
1762266069496 0.03268597647547722 27
1762266069533 0.025822361931204796 28
1762266069544 0.022332321852445602 29
1762266069578 0.023915929719805717 30
1762266069590 0.021497273817658424 31
1762266069622 0.02257714793086052 32
1762266069645 0.021893231198191643 33
1762266069668 0.021913854405283928 34
1762266069684 0.02155759371817112 35
1762266069699 0.020857499912381172 36
1762266069737 0.02143116109073162 37
1762266069760 0.02051393873989582 38
1762266069783 0.020720673725008965 39
1762266069805 0.0197251308709383 40
1762266069824 0.02034647762775421 41
1762266069840 0.019520998001098633 42
1762266069877 0.020235080271959305 43
1762266069893 0.018499473109841347 44
1762266069922 0.019122863188385963 45
1762266069935 0.015001174062490463 46
1762266069971 0.013172650709748268 47
1762266069981 0.012684966437518597 48
1762266070016 0.011798777617514133 49
1762266070028 0.010467377491295338 50
1762266070059 0.009732658974826336 51
1762266070074 0.009390058927237988 52
1762266070090 0.009008584544062614 53
1762266070121 0.008915129117667675 54
1762266070137 0.008740169927477837 55
1762266070171 0.008666006848216057 56
1762266070193 0.008557581342756748 57
1762266070216 0.008649560622870922 58
1762266070239 0.008459093049168587 59
1762266070246 0.008508741855621338 60
1762266070278 0.008223832584917545 61
1762266070293 0.008021870627999306 62
1762266070325 0.008342056535184383 63
1762266070340 0.008049475960433483 64
1762266070374 0.007896208204329014 65
1762266070398 0.007680762559175491 66
1762266070420 0.007881026715040207 67
1762266070442 0.007821732200682163 68
1762266070466 0.007559469435364008 69
1762266070481 0.007475169841200113 70
1762266070497 0.007475118152797222 71
1762266070528 0.007439933717250824 72
1762266070564 0.007523160427808762 73
1762266070575 0.007142047397792339 74
1762266070606 0.007242959924042225 75
1762266070632 0.00726140383630991 76
1762266070655 0.007160154636949301 77
1762266070678 0.007141820155084133 78
1762266070704 0.00703087542206049 79
1762266070737 0.006983546540141106 80
1762266070760 0.006966057699173689 81
1762266070790 0.007136397063732147 82
1762266070810 0.00677133584395051 83
1762266070825 0.006885958835482597 84
1762266070858 0.006853391882032156 85
1762266070880 0.006878781132400036 86
1762266070904 0.006761841010302305 87
1762266070928 0.006874938495457172 88
1762266070951 0.006750047672539949 89
1762266070960 0.006706600543111563 90
1762266070991 0.006705674808472395 91
1762266071007 0.006681397557258606 92
1762266071038 0.006775343790650368 93
1762266071054 0.006735163275152445 94
1762266071088 0.006609396077692509 95
1762266071110 0.006687990855425596 96
1762266071121 0.006707571912556887 97
1762266071153 0.006757322698831558 98
1762266071168 0.006628733593970537 99
1762266071199 0.006656595040112734 100
