1762351860350 0.019065501168370247 1
1762351860369 0.010208121500909328 2
1762351860379 0.0095317168161273 3
1762351860388 0.00907982513308525 4
1762351860397 0.008809623308479786 5
1762351860405 0.008356962352991104 6
1762351860405 0.008183661848306656 7
1762351860423 0.008101437240839005 8
1762351860431 0.00805508904159069 9
1762351860440 0.007946685887873173 10
1762351860449 0.007817915640771389 11
1762351860457 0.007804173976182938 12
1762351860465 0.007756718900054693 13
1762351860474 0.007752398028969765 14
1762351860482 0.007628829218447208 15
1762351860488 0.007622305769473314 16
1762351860488 0.007601950783282518 17
1762351860504 0.0076141441240906715 18
1762351860504 0.007563354913145304 19
1762351860519 0.007565621752291918 20
1762351860519 0.007514983415603638 21
1762351860535 0.007532849907875061 22
1762351860535 0.00748068280518055 23
1762351860555 0.007467278279364109 24
1762351860563 0.007406654302030802 25
1762351860571 0.007442336529493332 26
1762351860573 0.007428360171616077 27
1762351860573 0.007500252220779657 28
1762351860594 0.007406533230096102 29
1762351860604 0.0074434420093894005 30
1762351860612 0.007445306982845068 31
1762351860619 0.0074377222917973995 32
1762351860619 0.007417937275022268 33
1762351860634 0.007399217691272497 34
1762351860634 0.007342785131186247 35
1762351860650 0.007321110926568508 36
1762351860650 0.007285931147634983 37
1762351860666 0.007349144201725721 38
1762351860666 0.007188243791460991 39
1762351860683 0.0072185988537967205 40
1762351860691 0.00708008324727416 41
1762351860700 0.0070396773517131805 42
1762351860707 0.0069966912269592285 43
1762351860715 0.007003285456448793 44
1762351860723 0.0069153872318565845 45
1762351860729 0.006929711438715458 46
1762351860729 0.006919149309396744 47
1762351860744 0.006884503643959761 48
1762351860744 0.0068885101936757565 49
1762351860764 0.006871972233057022 50
1762351860772 0.006872081663459539 51
1762351860780 0.006829236168414354 52
1762351860788 0.006812501698732376 53
1762351860790 0.006812321022152901 54
1762351860790 0.006775591988116503 55
1762351860806 0.006765788421034813 56
1762351860806 0.0067470138892531395 57
1762351860828 0.006769883446395397 58
1762351860836 0.006756987422704697 59
1762351860839 0.006711122114211321 60
1762351860839 0.006662661209702492 61
1762351860854 0.0066348048858344555 62
1762351860854 0.0066743758507072926 63
1762351860870 0.006640811916440725 64
1762351860870 0.0066817933693528175 65
1762351860892 0.006581823341548443 66
1762351860900 0.006586276926100254 67
1762351860911 0.006533388514071703 68
1762351860920 0.006568560376763344 69
1762351860928 0.006552037782967091 70
1762351860936 0.006511367857456207 71
1762351860944 0.006579502485692501 72
1762351860947 0.006496909540146589 73
1762351860947 0.0065609607845544815 74
1762351860963 0.006453085225075483 75
1762351860963 0.006481320597231388 76
1762351860978 0.0064377933740615845 77
1762351860993 0.006527401506900787 78
1762351861001 0.006454768590629101 79
1762351861009 0.00653331633657217 80
1762351861017 0.006485824938863516 81
1762351861022 0.00654127961024642 82
1762351861022 0.0064157163724303246 83
1762351861038 0.006516479421406984 84
1762351861038 0.006374263670295477 85
1762351861054 0.006467191502451897 86
1762351861054 0.006403219420462847 87
1762351861069 0.006442719139158726 88
1762351861069 0.006436626426875591 89
1762351861085 0.006437049247324467 90
1762351861085 0.006465446203947067 91
1762351861100 0.006444672588258982 92
1762351861100 0.0063512250781059265 93
1762351861121 0.006445356644690037 94
1762351861129 0.00638439180329442 95
1762351861134 0.006285263691097498 96
1762351861134 0.006400654092431068 97
1762351861153 0.006429888773709536 98
1762351861161 0.006323866080492735 99
1762351861170 0.00628946628421545 100
