1762349280656 0.02222975343465805 1
1762349280677 0.0128973089158535 2
1762349280690 0.011791097931563854 3
1762349280697 0.011341486126184464 4
1762349280707 0.01112281158566475 5
1762349280707 0.01068322453647852 6
1762349280723 0.01102697104215622 7
1762349280723 0.010029449127614498 8
1762349280745 0.010342208668589592 9
1762349280753 0.009904718957841396 10
1762349280762 0.010203724727034569 11
1762349280770 0.009894617833197117 12
1762349280778 0.010199598036706448 13
1762349280782 0.009817173704504967 14
1762349280782 0.009504321962594986 15
1762349280797 0.009233769029378891 16
1762349280797 0.009102176874876022 17
1762349280818 0.008855638094246387 18
1762349280826 0.008701570332050323 19
1762349280828 0.008605311624705791 20
1762349280828 0.008507311344146729 21
1762349280844 0.008454079739749432 22
1762349280844 0.008398286066949368 23
1762349280859 0.008336472325026989 24
1762349280859 0.008288703858852386 25
1762349280882 0.008271824568510056 26
1762349280890 0.00820264033973217 27
1762349280891 0.00815619807690382 28
1762349280891 0.008171972818672657 29
1762349280907 0.008134424686431885 30
1762349280923 0.008071163669228554 31
1762349280931 0.008197512477636337 32
1762349280939 0.008002200163900852 33
1762349280939 0.00799338798969984 34
1762349280954 0.008006300777196884 35
1762349280962 0.007895419374108315 36
1762349280970 0.007959640584886074 37
1762349280979 0.00785714853554964 38
1762349280987 0.007949503138661385 39
1762349280996 0.007846028544008732 40
1762349281001 0.00799083337187767 41
