1762896272438 0.16144593060016632 1
1762896272479 0.12076435983181 2
1762896272512 0.11336206644773483 3
1762896272544 0.10989398509263992 4
1762896272571 0.10843412578105927 5
1762896272605 0.10753067582845688 6
1762896272636 0.10645998269319534 7
1762896272655 0.10599477589130402 8
1762896272686 0.10574550926685333 9
1762896272721 0.10505394637584686 10
1762896272752 0.10511448234319687 11
1762896272784 0.10455469787120819 12
1762896272804 0.10419338941574097 13
1762896760318 0.023911472409963608 1
1762896760327 0.023265434429049492 2
1762896760337 0.023313168436288834 3
1762896760346 0.021938001736998558 4
1762896760346 0.0224144347012043 5
1762896760362 0.020935004577040672 6
1762896760362 0.020285120233893394 7
1762896760384 0.020297950133681297 8
1762896760394 0.01952877640724182 9
1762896760403 0.019331689924001694 10
1762896760411 0.018938997760415077 11
1762896760412 0.01872740313410759 12
1762896760428 0.01880529522895813 13
1762896760428 0.018502797931432724 14
1762896760443 0.018272090703248978 15
1762896760443 0.018320199102163315 16
1762896760459 0.01808978244662285 17
1762896760468 0.01749448850750923 18
1762896760476 0.01717561110854149 19
1762896760478 0.01667729578912258 20
1762896760478 0.016526998952031136 21
1762896760494 0.01627015508711338 22
1762896760494 0.01607881672680378 23
1762896760509 0.01552548911422491 24
1762896760509 0.01529609877616167 25
1762896760532 0.015338549390435219 26
1762896760540 0.014591816812753677 27
1762896760548 0.014093246310949326 28
1762896760556 0.013744117692112923 29
1762896760556 0.013008867390453815 30
1762896760573 0.012670439667999744 31
1762896760583 0.012303772382438183 32
1762896760591 0.012200587429106236 33
1762896760600 0.011782047338783741 34
1762896760608 0.01170466747134924 35
1762896760618 0.011317618191242218 36
1762896760626 0.011285418644547462 37
1762896760629 0.010750382207334042 38
1762896760629 0.010653756558895111 39
1762896760644 0.010457523167133331 40
1762896760644 0.010554603300988674 41
1762896760666 0.010317308828234673 42
1762896760674 0.01010596752166748 43
1762896760678 0.01029982604086399 44
1762896760678 0.010144392028450966 45
1762896760694 0.010090824216604233 46
1762896760694 0.010081120766699314 47
1762896760709 0.010073931887745857 48
1762896760709 0.010075642727315426 49
1762896760725 0.009812721982598305 50
1762896760725 0.009625647217035294 51
1762896760748 0.009266555309295654 52
1762896760756 0.00969281792640686 53
1762896760765 0.009721416980028152 54
1762896760774 0.00958095584064722 55
1762896760783 0.009228109382092953 56
1762896760792 0.009022869169712067 57
1762896760795 0.008948203176259995 58
1762896760795 0.008780870586633682 59
1762896760810 0.00879304576665163 60
1762896760810 0.008703386411070824 61
1762896760826 0.008470696397125721 62
1762896760826 0.008496541529893875 63
1762896760851 0.008321505039930344 64
1762896760860 0.008652606047689915 65
1762896760868 0.008525054901838303 66
1762896760877 0.00862059649080038 67
1762896760885 0.008303025737404823 68
1762896760885 0.008192329667508602 69
1762896760900 0.008153016678988934 70
1762896760900 0.008068601600825787 71
1762896760916 0.008051300421357155 72
1762896760916 0.008112255483865738 73
1762896760932 0.008371827192604542 74
1762896760932 0.0080521609634161 75
1762896760947 0.007893092930316925 76
1762896760947 0.007637296337634325 77
1762896760963 0.007632851600646973 78
1762896760963 0.007678900845348835 79
1762896760983 0.007740701083093882 80
1762896760991 0.007926017977297306 81
1762896760994 0.007727362215518951 82
1762896760994 0.00753361638635397 83
1762896761009 0.007415636442601681 84
1762896761009 0.0074316575191915035 85
1762896761025 0.0073298499919474125 86
1762896761025 0.007450363598763943 87
1762896761041 0.007454756647348404 88
1762896761041 0.0073659843765199184 89
1762896761056 0.007286447566002607 90
1762896761072 0.007195665501058102 91
1762896761082 0.00716665294021368 92
1762896761090 0.00728824594989419 93
1762896761099 0.0075016142800450325 94
1762896761108 0.007137729786336422 95
1762896761117 0.007173309102654457 96
1762896761126 0.007101862691342831 97
1762896761129 0.00686513539403677 98
1762896761129 0.006862522568553686 99
1762896761144 0.006795439403504133 100
1762900386432 0.013285624794661999 1
1762900386443 0.012717449106276035 2
1762900386450 0.012647060677409172 3
1762900386463 0.012608875520527363 4
1762900386472 0.012606672011315823 5
1762900386481 0.01263763103634119 6
1762900386490 0.012631013989448547 7
1762900386500 0.012597288005053997 8
1762900386508 0.012620118446648121 9
1762900386517 0.012635567225515842 10
1762900386527 0.01264932006597519 11
1762900386530 0.01270187646150589 12
1762900386546 0.012621642090380192 13
1762900386554 0.012658940628170967 14
1762900386563 0.012669775635004044 15
1762900386571 0.012609227560460567 16
1762900386576 0.012601894326508045 17
1762900386576 0.012610003352165222 18
1762900386596 0.012607135809957981 19
1762900386603 0.012643424794077873 20
1762900386603 0.012605374678969383 21
1762900386619 0.012644411996006966 22
1762900386619 0.012571522034704685 23
1762900386634 0.012550091370940208 24
1762900386634 0.012569841928780079 25
1762900386650 0.012604786083102226 26
1762900386650 0.012574329040944576 27
1762900386666 0.012560507282614708 28
1762900386666 0.012599484995007515 29
1762900386681 0.012567917816340923 30
1762900386681 0.012520814314484596 31
1762900386697 0.012525011785328388 32
1762900386697 0.012527144514024258 33
1762900386713 0.012520801275968552 34
1762900386713 0.01251237466931343 35
1762900386728 0.012491678819060326 36
1762900386728 0.012493154965341091 37
1762900386744 0.01251726970076561 38
1762900386744 0.012448419816792011 39
1762900386759 0.012490447610616684 40
1762900386759 0.01250747311860323 41
1762900386782 0.01247287169098854 42
1762900386790 0.012443309649825096 43
1762900386799 0.012433171272277832 44
1762900386808 0.01239117793738842 45
1762900386816 0.012307080440223217 46
1762900386822 0.012515352107584476 47
1762900386822 0.012241445481777191 48
1762900386837 0.012172381393611431 49
1762900386837 0.012197161093354225 50
1762900386858 0.011804789304733276 51
1762900386866 0.011573895812034607 52
1762900386874 0.011443842202425003 53
1762900386876 0.011229091323912144 54
1762900386876 0.010574555955827236 55
1762900386891 0.010025744326412678 56
1762900386907 0.009683141484856606 57
1762900386915 0.009031929075717926 58
1762900386923 0.008488049730658531 59
1762900386931 0.008331870660185814 60
1762900386931 0.00825469195842743 61
1762900386947 0.008212273009121418 62
1762900386947 0.008118812926113605 63
1762900386962 0.007986675016582012 64
1762900386962 0.007867848500609398 65
1762900386978 0.007791728712618351 66
1762900386978 0.007751602213829756 67
1762900386994 0.007727677468210459 68
1762900386994 0.00767724821344018 69
1762900387015 0.007633550092577934 70
1762900387023 0.007629493251442909 71
1762900387032 0.007590571418404579 72
1762900387041 0.007584108039736748 73
1762900387050 0.007537337951362133 74
1762900387059 0.00752643309533596 75
1762900387067 0.007485806941986084 76
1762900387076 0.0074790529906749725 77
1762900387084 0.007453048601746559 78
1762900387092 0.0074559166096150875 79
1762900387100 0.007399491500109434 80
