1762877529481 9.999999747378752e-05 1
1762877529509 0.0005949999904260039 2
1762877529559 0.0010900000343099236 3
1762877529590 0.0015849999617785215 4
1762877529621 0.0020800000056624413 5
1762877529669 0.002575000049546361 6
1762877529700 0.0030700000934302807 7
1762877529737 0.0035649999044835567 8
1762877529774 0.00406000018119812 9
1762877529800 0.004554999992251396 10
1762877529816 0.005049999803304672 11
1762877529847 0.005545000080019236 12
1762877529888 0.006039999891072512 13
1762877529916 0.006535000167787075 14
1762877529946 0.007029999978840351 15
1762877529976 0.007524999789893627 16
1762877530003 0.008019999600946903 17
