1762877529441 0.17487342655658722 1
1762877529481 0.1274884194135666 2
1762877529529 0.11489558964967728 3
1762877529559 0.11059670150279999 4
1762877529590 0.10816104710102081 5
1762877529621 0.10712391883134842 6
1762877529675 0.10634436458349228 7
1762877529704 0.10469654202461243 8
1762877529743 0.104155994951725 9
1762877529778 0.10370321571826935 10
1762877529800 0.10359875857830048 11
1762877529831 0.10312572121620178 12
1762877529862 0.1030605286359787 13
1762877529892 0.10346953570842743 14
1762877529920 0.10354959219694138 15
1762877529951 0.10349220037460327 16
1762877529980 0.10341677069664001 17
1762877698188 0.025896746665239334 1
1762877698188 0.023943426087498665 2
1762877698212 0.02295795828104019 3
1762877698218 0.02192654088139534 4
1762877698218 0.021463381126523018 5
1762877698234 0.020708424970507622 6
1762877698234 0.02062944695353508 7
1762877698256 0.020583627745509148 8
1762877698264 0.01983192376792431 9
1762877698273 0.019939446821808815 10
1762877698281 0.019581392407417297 11
1762877698289 0.01989874057471752 12
1762877698297 0.01950022578239441 13
1762877698299 0.019366126507520676 14
1762877698299 0.019044969230890274 15
1762877698315 0.01897358149290085 16
1762877698330 0.019038427621126175 17
1762877698330 0.018685080111026764 18
1762877698346 0.0189099982380867 19
1762877698346 0.018688108772039413 20
1762877698361 0.01824946142733097 21
1762877698361 0.01841396652162075 22
1762877698377 0.01770603284239769 23
1762877698377 0.01741260476410389 24
1762877698394 0.017411451786756516 25
1762877698402 0.017220303416252136 26
1762877698407 0.016818881034851074 27
1762877698407 0.01630423776805401 28
1762877698423 0.01617399975657463 29
1762877698423 0.015947822481393814 30
1762877698438 0.015635976567864418 31
1762877698438 0.01550334319472313 32
1762877698459 0.015133919194340706 33
1762877698469 0.014918261207640171 34
1762877698477 0.014629129320383072 35
1762877698485 0.014498122967779636 36
1762877698494 0.014224403537809849 37
1762877698502 0.01397775486111641 38
1762877698510 0.013850164599716663 39
1762877698516 0.013762500137090683 40
1762877698516 0.013471323065459728 41
1762877698532 0.013426120392978191 42
1762877698532 0.013204163871705532 43
1762877698547 0.013175840489566326 44
1762877698547 0.013162190094590187 45
1762877698563 0.012911777012050152 46
1762877698563 0.013049248605966568 47
1762877698579 0.0128825344145298 48
1762877698579 0.012842617928981781 49
1762877698598 0.012615620158612728 50
1762877698606 0.012561650015413761 51
1762877698614 0.012553651817142963 52
1762877698622 0.012523934245109558 53
1762877698625 0.012388554401695728 54
1762877698625 0.012273232452571392 55
1762877698641 0.012122316285967827 56
1762877698641 0.012101367115974426 57
1762877698657 0.012138376012444496 58
1762877698657 0.012033266946673393 59
1762877698672 0.011904462240636349 60
1762877698672 0.011882378719747066 61
1762877698688 0.011777839623391628 62
1762877698688 0.01183738000690937 63
1762877698709 0.011775570921599865 64
1762877698722 0.011677157133817673 65
1762877698730 0.011576426215469837 66
1762877698739 0.011495395563542843 67
1762877698748 0.011614684946835041 68
1762877698758 0.011425930075347424 69
1762877698766 0.011468693614006042 70
1762877698774 0.011436785571277142 71
1762877698782 0.011454785242676735 72
1762877698782 0.011351848021149635 73
1762877698798 0.011326117441058159 74
1762877698798 0.011376005597412586 75
1762877698814 0.011241932399570942 76
1762877698814 0.011132922023534775 77
1762877698830 0.011252096854150295 78
1762877698838 0.011037549003958702 79
1762877698844 0.011016159318387508 80
1762877698844 0.011013337410986423 81
1762877698860 0.010987425222992897 82
1762877698860 0.010920144617557526 83
1762877698876 0.01084934826940298 84
1762877698876 0.010865411721169949 85
1762877698891 0.010819541290402412 86
1762877698891 0.010792869143188 87
1762877698907 0.010770868510007858 88
1762877698907 0.010720607824623585 89
1762877698923 0.010700416751205921 90
1762877698923 0.010722427628934383 91
1762877698938 0.010620935820043087 92
1762877698938 0.010581457987427711 93
1762877698954 0.01057391706854105 94
1762877698954 0.010515994392335415 95
1762877698969 0.010536064393818378 96
1762877698969 0.010531383566558361 97
1762877698985 0.01050867885351181 98
1762877698985 0.01052045077085495 99
1762877699002 0.01042141206562519 100
1762879137655 0.011700905859470367 1
1762879137673 0.010476174764335155 2
1762879137683 0.010411500930786133 3
1762879137693 0.010215609334409237 4
1762879137694 0.010164779610931873 5
1762879137712 0.010086560621857643 6
1762879137712 0.010012631304562092 7
1762879137733 0.010005072690546513 8
1762879137742 0.00985490158200264 9
1762879137750 0.009802211076021194 10
1762879137759 0.009744743816554546 11
1762879137768 0.009686840698122978 12
1762879137774 0.009606348350644112 13
1762879137774 0.009566551074385643 14
1762879137793 0.009541134350001812 15
1762879137801 0.009514015167951584 16
1762879137804 0.009490248747169971 17
1762879137804 0.009480481967329979 18
1762879137819 0.009455143474042416 19
1762879137819 0.009456470608711243 20
1762879137835 0.009419547393918037 21
1762879137835 0.009412702172994614 22
1762879137851 0.009378418326377869 23
1762879137851 0.009392879903316498 24
1762879137866 0.009343503974378109 25
1762879137866 0.009351582266390324 26
1762879137890 0.00934857688844204 27
1762879137898 0.009301464073359966 28
1762879137906 0.00925372913479805 29
1762879137913 0.009219367057085037 30
1762879137913 0.009168059565126896 31
1762879137929 0.009139137342572212 32
1762879137929 0.009061753749847412 33
1762879137946 0.008903585374355316 34
1762879137946 0.008959013037383556 35
1762879137965 0.008784733712673187 36
1762879137973 0.008647957816720009 37
1762879137982 0.008655613288283348 38
1762879137989 0.00875797402113676 39
1762879137991 0.00855098757892847 40
1762879137991 0.00851537473499775 41
1762879138014 0.008505791425704956 42
1762879138022 0.008433294482529163 43
1762879138024 0.008479123935103416 44
1762879138024 0.0083954818546772 45
1762879138039 0.008356560952961445 46
1762879138039 0.008379017002880573 47
1762879138055 0.008309680037200451 48
1762879138055 0.008323024027049541 49
1762879138071 0.008260049857199192 50
1762879138086 0.008228998631238937 51
1762879138086 0.008216840215027332 52
1762879138102 0.008166413754224777 53
1762879138102 0.008336441591382027 54
1762879138120 0.008161655627191067 55
1762879138128 0.00814365316182375 56
1762879138136 0.00822879746556282 57
1762879138144 0.00812157616019249 58
1762879138153 0.008023765869438648 59
1762879138161 0.0079514654353261 60
1762879138169 0.00813085213303566 61
1762879138178 0.00802103616297245 62
1762879138179 0.007962154224514961 63
1762879138179 0.008112906478345394 64
1762879138204 0.007871362380683422 65
1762879138214 0.007935809902846813 66
1762879138223 0.007806621957570314 67
1762879138232 0.007817000150680542 68
1762879138240 0.007845303043723106 69
1762879138241 0.007748362608253956 70
1762879138257 0.007756160106509924 71
1762879138257 0.007802257314324379 72
1762879138272 0.0076618199236691 73
1762879138272 0.00788527075201273 74
1762879138288 0.007711452431976795 75
1762879138288 0.007697452791035175 76
1762879138305 0.007655171677470207 77
1762879138313 0.0076560964807868 78
1762879138321 0.007587714586406946 79
1762879138324 0.007594900671392679 80
1762879138324 0.007571389898657799 81
1762879138344 0.00755329942330718 82
1762879138352 0.007515678182244301 83
1762879138360 0.007532516028732061 84
1762879138366 0.007445246912539005 85
1762879138366 0.007459301967173815 86
1762879138382 0.007470938842743635 87
1762879138382 0.0074405670166015625 88
1762879138398 0.007426289841532707 89
1762879138398 0.007410471327602863 90
1762879138413 0.007425077725201845 91
1762879138413 0.007396836299449205 92
1762879138429 0.007395481690764427 93
1762879138429 0.0073804049752652645 94
1762879138445 0.007421405985951424 95
1762879138445 0.00743107357993722 96
1762879138465 0.007349084131419659 97
1762879138473 0.007278393488377333 98
1762879138482 0.007249061018228531 99
1762879138492 0.007219837978482246 100
