1762877529441 0.17487342655658722 1
1762877529493 0.1274884194135666 2
1762877529534 0.11489558964967728 3
1762877529559 0.11059670150279999 4
1762877529590 0.10816104710102081 5
1762877529637 0.10712391883134842 6
1762877529675 0.10634436458349228 7
1762877529711 0.10469654202461243 8
1762877529750 0.104155994951725 9
1762877529782 0.10370321571826935 10
1762877529800 0.10359875857830048 11
1762877529831 0.10312572121620178 12
1762877529862 0.1030605286359787 13
1762877529896 0.10346953570842743 14
1762877529923 0.10354959219694138 15
1762877529955 0.10349220037460327 16
1762877529984 0.10341677069664001 17
