1762877529460 0.053714193403720856 1
1762877529493 0.03026721067726612 2
1762877529539 0.024976002052426338 3
1762877529559 0.02309190295636654 4
1762877529605 0.022008823230862617 5
1762877529637 0.02175751142203808 6
1762877529675 0.021440081298351288 7
1762877529717 0.020802391692996025 8
1762877529757 0.020551376044750214 9
1762877529784 0.020297348499298096 10
1762877529800 0.020262781530618668 11
1762877529831 0.02013695053756237 12
1762877529862 0.020093141123652458 13
1762877529900 0.020214540883898735 14
1762877529923 0.020072491839528084 15
1762877529959 0.020068485289812088 16
1762877529989 0.0201566144824028 17
