1762297745493 0.03130611777305603 1
1762297745514 0.012474504299461842 2
1762297745515 0.008602692745625973 3
1762297745532 0.007053697947412729 4
1762297745533 0.006399316713213921 5
1762297745550 0.006102919578552246 6
1762297745557 0.0059509724378585815 7
1762297745567 0.0058442396111786366 8
1762297745576 0.005780060309916735 9
1762297745585 0.00574876181781292 10
1762297745594 0.005736581049859524 11
1762297745602 0.005701111629605293 12
1762297745609 0.0056707607582211494 13
1762297745609 0.005648177582770586 14
1762297745625 0.005657978355884552 15
1762297745625 0.005625824443995953 16
1762297745643 0.005639233626425266 17
1762297745651 0.005628868006169796 18
1762297745658 0.005609402433037758 19
1762297745666 0.005614659283310175 20
1762297745674 0.005598353687673807 21
1762297745682 0.005587298423051834 22
1762297745689 0.005573909729719162 23
1762297745697 0.005576401017606258 24
1762297745705 0.005578146781772375 25
1762297745713 0.005564366467297077 26
1762297745721 0.005555793177336454 27
1762297745725 0.005545907188206911 28
1762297745725 0.0055505577474832535 29
1762297745741 0.005562078673392534 30
1762297745741 0.005566513631492853 31
1762297745756 0.005570441950112581 32
1762297745756 0.005539291072636843 33
1762297745775 0.005549787078052759 34
1762297745783 0.005570579320192337 35
1762297745788 0.005504745990037918 36
1762297745788 0.005507350899279118 37
1762297745804 0.005521968938410282 38
1762297745804 0.00550250057131052 39
1762297745819 0.005517804063856602 40
1762297745819 0.0055022393353283405 41
1762297745835 0.005499690771102905 42
1762297745835 0.005480523221194744 43
1762297745854 0.00547340651974082 44
1762297745862 0.005471568554639816 45
1762297745869 0.005474402569234371 46
1762297745875 0.005470653064548969 47
1762297745875 0.005464350804686546 48
1762297745893 0.0054581244476139545 49
1762297745900 0.005453762598335743 50
1762297745908 0.005448613315820694 51
1762297745912 0.005450721830129623 52
1762297745912 0.005432120058685541 53
1762297745928 0.005461147986352444 54
1762297745928 0.00544480886310339 55
1762297745944 0.00543340714648366 56
1762297745944 0.005454399157315493 57
1762297745959 0.005409108940511942 58
1762297745959 0.005420427303761244 59
1762297745979 0.005420835688710213 60
1762297745987 0.0053980061784386635 61
1762297745996 0.005400087218731642 62
1762297746004 0.005400402937084436 63
1762297746012 0.00538969598710537 64
1762297746019 0.005406639073044062 65
1762297746026 0.005399010609835386 66
1762297746026 0.005386713892221451 67
