1762298583492 0.04564864560961723 1
1762298583514 0.012916194275021553 2
1762298583527 0.01000217068940401 3
1762298583532 0.008318706415593624 4
1762298583544 0.007211599964648485 5
1762298583544 0.006527911871671677 6
1762298583560 0.006140807177871466 7
1762298583560 0.005754247307777405 8
1762298583580 0.005573255941271782 9
1762298583588 0.00541044631972909 10
1762298583596 0.005307974759489298 11
1762298583604 0.005240339785814285 12
1762298583609 0.005167856812477112 13
1762298583609 0.005112705286592245 14
1762298583627 0.005069513339549303 15
1762298583636 0.005041239783167839 16
1762298583643 0.005035158712416887 17
1762298583651 0.005022181663662195 18
1762298583659 0.00501315388828516 19
1762298583667 0.004997791722416878 20
1762298583675 0.004971551243215799 21
1762298583683 0.004943042527884245 22
1762298583689 0.004932278301566839 23
1762298583689 0.004919448867440224 24
1762298583705 0.004912421572953463 25
1762298583705 0.00490786274895072 26
1762298583721 0.004880411084741354 27
1762298583721 0.0048857140354812145 28
1762298583737 0.0048634931445121765 29
1762298583745 0.004857558291405439 30
1762298583750 0.004838387481868267 31
1762298583750 0.004821666516363621 32
1762298583766 0.0048238979652523994 33
1762298583766 0.00479496642947197 34
1762298583784 0.004814839456230402 35
1762298583792 0.0047734761610627174 36
1762298583800 0.004760459531098604 37
1762298583807 0.0047354912385344505 38
1762298583813 0.004710494074970484 39
1762298583813 0.004693541210144758 40
1762298583829 0.004679135978221893 41
1762298583829 0.004660407081246376 42
1762298583844 0.004637833219021559 43
1762298583844 0.0046175261959433556 44
1762298583862 0.004590004216879606 45
1762298583871 0.004569441080093384 46
1762298583878 0.004585950169712305 47
1762298583886 0.004538384266197681 48
1762298583894 0.004484657198190689 49
1762298583902 0.004489921033382416 50
1762298583906 0.004423818085342646 51
1762298583906 0.004429659340530634 52
1762298583922 0.004386360291391611 53
1762298583922 0.004358828067779541 54
1762298583938 0.00435597961768508 55
1762298583938 0.004315469413995743 56
1762298583956 0.004257481545209885 57
1762298583964 0.004216339904814959 58
1762298583972 0.004176221322268248 59
1762298583975 0.004177784081548452 60
1762298583975 0.004160070326179266 61
1762298583997 0.004101985599845648 62
1762298584005 0.004091126844286919 63
1762298584013 0.004055966157466173 64
1762298584021 0.003989849239587784 65
1762298584026 0.003994808532297611 66
1762298584026 0.003961041569709778 67
1762298584042 0.003939410205930471 68
1762298584066 0.00390984583646059 69
1762298584084 0.0038601874839514494 70
1762298584093 0.0038426979444921017 71
1762298584109 0.0038203957956284285 72
1762298584124 0.003776166820898652 73
1762298584140 0.0037879468873143196 74
1762298584155 0.0037398727145045996 75
1762298584178 0.003791112219914794 76
1762298584189 0.003685964271426201 77
1762298584201 0.003700020257383585 78
1762298584218 0.003635093104094267 79
1762298584218 0.003723018802702427 80
1762298584234 0.003624940989539027 81
1762298584234 0.003613644279539585 82
1762298584249 0.0035791457630693913 83
1762298584249 0.0035625286400318146 84
1762298584270 0.003570553380995989 85
1762298584278 0.0035273958928883076 86
1762298584286 0.0035268981009721756 87
1762298584294 0.003496205434203148 88
1762298584302 0.003457878716289997 89
1762298584310 0.003463519737124443 90
1762298584314 0.003429024713113904 91
1762298584314 0.003447155700996518 92
1762298584330 0.003441699082031846 93
1762298584330 0.0033435565419495106 94
1762298584346 0.003371972357854247 95
1762298584346 0.003311525797471404 96
1762298584361 0.003319225972518325 97
1762298584361 0.0033482948783785105 98
1762298584381 0.003319133771583438 99
1762298584389 0.0032677296549081802 100
