1762308455135 0.022064192220568657 1
1762308455136 0.012512696906924248 2
1762308455155 0.011420301161706448 3
1762308455173 0.010905704461038113 4
1762308455198 0.010427952744066715 5
1762308455214 0.01062812190502882 6
1762308455219 0.009930078871548176 7
1762308455235 0.010061833076179028 8
1762308455250 0.009824066422879696 9
1762308455266 0.009673219174146652 10
1762308455292 0.009791756980121136 11
1762308455292 0.009505393914878368 12
1762308455307 0.009011832997202873 13
1762308455335 0.009221677668392658 14
1762308455347 0.009031570516526699 15
1762308455356 0.00891960971057415 16
1762308455364 0.009032435715198517 17
1762308455368 0.009092745371162891 18
1762308455368 0.008756067603826523 19
1762308455389 0.008812116459012032 20
1762308455397 0.008615799248218536 21
1762308455405 0.008585172705352306 22
1762308455413 0.008616079576313496 23
1762308455418 0.008476614020764828 24
1762308455418 0.008497885428369045 25
1762308455434 0.008429226465523243 26
1762308455434 0.008402734994888306 27
1762308455450 0.0083673857152462 28
1762308455450 0.008366857655346394 29
1762308455470 0.008312394842505455 30
1762308455478 0.008386551402509212 31
1762308455486 0.008223135955631733 32
1762308455494 0.008299273438751698 33
1762308455502 0.00821587536484003 34
1762308455502 0.008233191445469856 35
1762308455518 0.008151782676577568 36
1762308455518 0.008189739659428596 37
1762308455534 0.008087225258350372 38
1762308455543 0.007983950898051262 39
1762308455551 0.008260839618742466 40
1762308455552 0.00795147754251957 41
1762308455552 0.007986851036548615 42
