1762310736756 0.022283006459474564 1
1762310736766 0.010038827545940876 2
1762310736776 0.009638629853725433 3
1762310736777 0.00932098738849163 4
1762310736796 0.009001548402011395 5
1762310736805 0.008718205615878105 6
1762310736814 0.008505277335643768 7
1762310736822 0.008425788022577763 8
1762310736830 0.008335313759744167 9
1762310736839 0.008259862661361694 10
1762310736847 0.008272571489214897 11
1762310736855 0.008143579587340355 12
1762310736864 0.00809834711253643 13
1762310736872 0.007967843674123287 14
1762310736875 0.007997608743607998 15
1762310736875 0.007933644577860832 16
1762310736890 0.007868143729865551 17
1762310736890 0.007825272157788277 18
1762310736906 0.00778630655258894 19
1762310736906 0.007775855250656605 20
1762310736921 0.007745853625237942 21
1762310736921 0.0077548157423734665 22
1762310736937 0.007732266094535589 23
1762310736937 0.007745022885501385 24
1762310736953 0.007630591280758381 25
1762310736953 0.007701619528234005 26
1762310736968 0.007621369790285826 27
1762310736968 0.007625172846019268 28
1762310736984 0.007553665898740292 29
1762310736984 0.007606782019138336 30
1762310737000 0.00758104445412755 31
1762310737000 0.007488478906452656 32
1762310737015 0.007391198072582483 33
1762310737031 0.007318510208278894 34
1762310737040 0.007273607887327671 35
1762310737050 0.007259190548211336 36
1762310737059 0.007250950206071138 37
1762310737071 0.007201066240668297 38
1762310737082 0.00714448094367981 39
1762310737093 0.007212490309029818 40
1762310737101 0.007186487782746553 41
1762310737103 0.007246125489473343 42
1762310737103 0.007132488768547773 43
1762310737128 0.0071080815978348255 44
1762310737138 0.007094400469213724 45
1762310737146 0.007162894122302532 46
1762310737154 0.0071264272555708885 47
1762310737163 0.007079646922647953 48
1762310737169 0.007069150917232037 49
1762310737169 0.0071387155912816525 50
1762310737189 0.00717144925147295 51
1762310737199 0.007129719015210867 52
1762310737203 0.007047776598483324 53
1762310737203 0.0070048728957772255 54
1762310737219 0.006956791039556265 55
1762310737219 0.007009787019342184 56
1762310737235 0.006925993598997593 57
1762310737235 0.006974196992814541 58
1762310737251 0.006944239139556885 59
1762310737251 0.006917212624102831 60
1762310737275 0.00683577312156558 61
1762310737285 0.006901468615978956 62
1762310737294 0.0068212891928851604 63
1762310737297 0.00687158340588212 64
1762310737297 0.0067749712616205215 65
1762310737320 0.006859839893877506 66
1762310737328 0.006810263730585575 67
1762310737336 0.006847111973911524 68
1762310737344 0.006777261849492788 69
1762310737351 0.006711437366902828 70
1762310737359 0.006738638039678335 71
1762310737367 0.006644444540143013 72
1762310737375 0.006676034070551395 73
1762310737385 0.006623078603297472 74
1762310737391 0.006684713065624237 75
1762310737391 0.006702554412186146 76
1762310737407 0.006704425904899836 77
1762310737407 0.0067298077046871185 78
1762310737425 0.0067220102064311504 79
1762310737432 0.006702161394059658 80
1762310737440 0.00667620450258255 81
1762310737448 0.0067246356047689915 82
1762310737453 0.00664906483143568 83
1762310737453 0.006671586073935032 84
1762310737468 0.006692694034427404 85
1762310737468 0.006701670587062836 86
1762310737484 0.006740951910614967 87
1762310737484 0.0067004854790866375 88
1762310737499 0.006633036769926548 89
1762310737499 0.0067543406039476395 90
1762310737515 0.006673507858067751 91
1762310737515 0.006730587221682072 92
1762310737531 0.006651334930211306 93
1762310737531 0.006665704771876335 94
1762310737546 0.006652378477156162 95
1762310737546 0.00671355240046978 96
1762310737562 0.006635298021137714 97
1762310737562 0.00673056673258543 98
1762310737585 0.006666829343885183 99
1762310737593 0.006685362197458744 100
