1762767502272 0.07450101524591446 1
1762767502294 0.027530673891305923 2
1762767502310 0.02076076716184616 3
1762767502335 0.017345892265439034 4
1762767502351 0.01642458140850067 5
1762767502358 0.015411101281642914 6
1762767502358 0.015367472544312477 7
1762767502374 0.014657706022262573 8
1762767502374 0.013846097514033318 9
1762767502390 0.013997919857501984 10
1762767502390 0.013321599923074245 11
1762767502405 0.012987163849174976 12
1762767502405 0.012467388063669205 13
1762767502421 0.01239826437085867 14
1762767502437 0.01217320654541254 15
1762767502437 0.012020277790725231 16
1762767502452 0.011746330186724663 17
1762767502452 0.011463018134236336 18
1762767502468 0.01171097531914711 19
1762767502468 0.011242620646953583 20
1762767502483 0.011345434002578259 21
1762767502483 0.010988983325660229 22
1762767502499 0.011025832034647465 23
1762767502499 0.011273114010691643 24
1762767502515 0.010626785457134247 25
1762767502515 0.010884088464081287 26
1762767502530 0.010594197548925877 27
1762767502546 0.010576720349490643 28
1762767502546 0.010657146573066711 29
1762767502562 0.010530106723308563 30
1762767502562 0.011033470742404461 31
1762767502577 0.010560231283307076 32
1762767502577 0.010751109570264816 33
1762767502593 0.010925855487585068 34
1762767502593 0.011043555103242397 35
1762767502608 0.011369594372808933 36
1762767502608 0.011471116915345192 37
1762767502624 0.011786176823079586 38
1762767502640 0.011416515335440636 39
1762767502640 0.01146495807915926 40
1762767502655 0.012714838609099388 41
1762767502655 0.013342399150133133 42
1762767502671 0.012973872013390064 43
1762767502671 0.013187281787395477 44
1762767502687 0.013495739549398422 45
1762767502687 0.01305423118174076 46
1762767502702 0.012860214337706566 47
1762767502702 0.013002870604395866 48
1762767502718 0.012969599105417728 49
1762767502718 0.01325106993317604 50
1762767502742 0.012497038580477238 51
1762767502750 0.01191143598407507 52
1762767502758 0.012291686609387398 53
1762767502758 0.012402438558638096 54
1762767502773 0.013217967003583908 55
1762767502773 0.013137704692780972 56
1762767502789 0.012563101015985012 57
1762767502789 0.0133298235014081 58
1762767502805 0.013234082609415054 59
1762767502805 0.013438106514513493 60
1762767502820 0.013453234918415546 61
1762767502836 0.013171851634979248 62
1762767502836 0.013523701578378677 63
1762767502851 0.013201254419982433 64
1762767502851 0.012621269561350346 65
1762767502867 0.012526493519544601 66
1762767502867 0.012853402644395828 67
1762767502883 0.01285920012742281 68
1762767502883 0.01206798292696476 69
1762767502898 0.012500845827162266 70
1762767502898 0.013776100240647793 71
1762767502914 0.012710635550320148 72
1762767502914 0.013308112509548664 73
1762767502930 0.013103434816002846 74
1762767502945 0.014118000864982605 75
1762767502945 0.01435659546405077 76
1762767502961 0.01342076063156128 77
1762767502961 0.01249646581709385 78
1762767502976 0.013396946713328362 79
1762767502976 0.013252140954136848 80
1762767502992 0.012765993364155293 81
1762767502992 0.01367672998458147 82
1762767503008 0.014432299882173538 83
1762767503008 0.013708905316889286 84
1762767503023 0.013823920860886574 85
1762767503023 0.012321232818067074 86
1762767503039 0.012705097906291485 87
1762767503055 0.013592977076768875 88
1762767503055 0.013378571718931198 89
1762767503070 0.013256432488560677 90
1762767503070 0.01230680663138628 91
1762767503086 0.011686146259307861 92
1762767503086 0.012798069044947624 93
1762767503101 0.013556038029491901 94
