1762767367718 0.31103456020355225 1
1762767367736 0.08257653564214706 2
1762767367745 0.05204562470316887 3
1762767367753 0.04345904663205147 4
1762767367753 0.041223712265491486 5
1762767367769 0.03870205581188202 6
1762767367769 0.03718510642647743 7
1762767367791 0.03646663948893547 8
1762767367799 0.03653614968061447 9
1762767367808 0.034066107124090195 10
1762767367817 0.03495585545897484 11
1762767367819 0.03443301096558571 12
1762767367819 0.0344572477042675 13
1762767367835 0.034205738455057144 14
1762767367850 0.03440769761800766 15
1762767367850 0.0339154452085495 16
1762767367866 0.03363344818353653 17
1762767367866 0.03341010585427284 18
1762767367882 0.03218841925263405 19
1762767367882 0.0331396609544754 20
1762767367897 0.03297474980354309 21
1762767367897 0.03240111097693443 22
1762767367913 0.032970916479825974 23
1762767367913 0.032425325363874435 24
1762767367928 0.032398223876953125 25
1762767367928 0.03158535063266754 26
1762767367944 0.03211328387260437 27
1762767367960 0.03129173070192337 28
1762767367960 0.030794642865657806 29
1762767367975 0.03062579780817032 30
1762767367975 0.030892184004187584 31
1762767367991 0.03022846020758152 32
1762767367991 0.031242670491337776 33
1762767368007 0.03119061328470707 34
1762767368007 0.02969973161816597 35
1762767368022 0.03058508411049843 36
1762767368022 0.030612284317612648 37
1762767368038 0.03173626586794853 38
1762767368053 0.030233260244131088 39
1762767368053 0.031235266476869583 40
1762767368069 0.02992628701031208 41
1762767368069 0.030815010890364647 42
1762767368085 0.030025150626897812 43
1762767368085 0.03032228909432888 44
1762767368100 0.03029695898294449 45
1762767368100 0.02915680967271328 46
1762767368121 0.028924167156219482 47
1762767368130 0.03009098395705223 48
1762767368135 0.028357120230793953 49
1762767368135 0.029490115121006966 50
1762767368151 0.02907009981572628 51
1762767368151 0.02739057131111622 52
1762767368166 0.02717656083405018 53
1762767368166 0.027765175327658653 54
1762767368182 0.026721367612481117 55
1762767368198 0.027067430317401886 56
1762767368198 0.026690077036619186 57
1762767368213 0.026767028495669365 58
1762767368213 0.027167098596692085 59
1762767368229 0.026431681588292122 60
1762767368229 0.02572799287736416 61
1762767368244 0.02637466974556446 62
1762767368244 0.02572774514555931 63
1762767368260 0.025621583685278893 64
1762767368276 0.025049308314919472 65
1762767368276 0.024978797882795334 66
1762767368291 0.024988969787955284 67
1762767368291 0.025309333577752113 68
1762767368307 0.02499285154044628 69
1762767368307 0.0249625351279974 70
1762767368323 0.024968856945633888 71
1762767368323 0.024919185787439346 72
1762767368338 0.02513771317899227 73
1762767368338 0.024708101525902748 74
1762767368354 0.024657433852553368 75
1762767368354 0.025133859366178513 76
1762767368369 0.024804290384054184 77
1762767368385 0.024922853335738182 78
1762767368385 0.024387523531913757 79
1762767368401 0.02459062822163105 80
1762767368401 0.024452785030007362 81
1762767368416 0.024785572662949562 82
1762767368416 0.024455970153212547 83
1762767368432 0.02399052307009697 84
1762767368432 0.024223938584327698 85
1762767368448 0.023632099851965904 86
1762767368448 0.024161966517567635 87
1762767368463 0.024364518001675606 88
1762767368479 0.02393282949924469 89
1762767368479 0.023974953219294548 90
1762767368494 0.02366526983678341 91
1762767368494 0.02359011396765709 92
1762767368510 0.023259222507476807 93
1762767368510 0.02365918457508087 94
1762767368526 0.023731952533125877 95
1762767368541 0.02364751137793064 96
1762767368541 0.023671958595514297 97
1762767368557 0.02347358502447605 98
1762767368557 0.02317623980343342 99
1762767368573 0.02346094697713852 100
