1762876269292 9.999999747378752e-05 1
1762876269323 0.0005949999904260039 2
1762876269351 0.0010900000343099236 3
1762876269375 0.0015849999617785215 4
1762876269406 0.0020800000056624413 5
1762876269422 0.002575000049546361 6
1762876269453 0.0030700000934302807 7
1762876269488 0.0035649999044835567 8
1762876269510 0.00406000018119812 9
1762876269544 0.004554999992251396 10
1762876269571 0.005049999803304672 11
1762876269605 0.005545000080019236 12
1762876269643 0.006039999891072512 13
1762876269674 0.006535000167787075 14
1762876269707 0.007029999978840351 15
1762876269735 0.007524999789893627 16
1762876269766 0.008019999600946903 17
1762876269793 0.008515000343322754 18
1762876269820 0.00901000015437603 19
1762876269840 0.009504999965429306 20
1762876269875 0.009999999776482582 21
1762876269891 0.00999653059989214 22
1762876269929 0.009986127726733685 23
1762876269948 0.00996880792081356 24
