1762876269265 0.1797364503145218 1
1762876269298 0.12336816638708115 2
1762876269327 0.1043715700507164 3
1762876269355 0.09735099971294403 4
1762876269375 0.09413126111030579 5
1762876269406 0.09124965220689774 6
1762876269422 0.08949378877878189 7
1762876269453 0.08926237374544144 8
1762876269492 0.08789855241775513 9
1762876269510 0.08785802870988846 10
1762876269548 0.08700782805681229 11
1762876269576 0.08750171214342117 12
1762876269612 0.08698100596666336 13
1762876269643 0.08720201253890991 14
1762876269674 0.0874796062707901 15
1762876269711 0.08728885650634766 16
1762876269742 0.08815603703260422 17
1762876269770 0.08755791932344437 18
1762876269793 0.08734448999166489 19
1762876269824 0.08758161216974258 20
1762876269840 0.08800839632749557 21
1762876269875 0.08743197470903397 22
1762876269907 0.08832348883152008 23
1762876269932 0.08779245615005493 24
1762876422250 0.028850045055150986 1
1762876422260 0.01816033013164997 2
1762876422269 0.01648620143532753 3
1762876422271 0.015613126568496227 4
1762876422285 0.015054935589432716 5
1762876422285 0.014430327340960503 6
1762876422304 0.01390882022678852 7
1762876422313 0.01342172734439373 8
1762876422322 0.01279774121940136 9
1762876422330 0.012212982401251793 10
1762876422334 0.011787008494138718 11
1762876422334 0.01118368562310934 12
1762876422349 0.010728263296186924 13
1762876422349 0.010219858959317207 14
1762876422365 0.010020953603088856 15
1762876422365 0.009799087420105934 16
1762876422386 0.009534929879009724 17
1762876422386 0.009342649951577187 18
1762876422401 0.009197886101901531 19
1762876422401 0.009070591069757938 20
1762876422417 0.008826537057757378 21
1762876422417 0.008679118007421494 22
1762876422433 0.008640880696475506 23
1762876422433 0.008567641489207745 24
1762876422448 0.0084411995485425 25
1762876422448 0.008422601036727428 26
1762876422467 0.008247670717537403 27
1762876422475 0.008160358294844627 28
1762876422483 0.008094342425465584 29
1762876422491 0.008024384267628193 30
1762876422500 0.008081731386482716 31
1762876422508 0.007928897626698017 32
1762876422510 0.007899446412920952 33
1762876422510 0.007920910604298115 34
1762876422525 0.0077313389629125595 35
1762876422525 0.007738035172224045 36
1762876422541 0.007762478664517403 37
1762876422557 0.007622839882969856 38
1762876422557 0.0075674098916351795 39
1762876422572 0.007608309388160706 40
1762876422580 0.007507782429456711 41
1762876422588 0.007523712236434221 42
1762876422596 0.007425956893712282 43
1762876422603 0.007415635511279106 44
1762876422603 0.007348571438342333 45
1762876422619 0.0073355925269424915 46
1762876422619 0.007288695313036442 47
1762876422635 0.007192826364189386 48
1762876422635 0.0072259153239429 49
1762876422650 0.007117751985788345 50
1762876422650 0.007040169555693865 51
1762876422666 0.0070628453977406025 52
1762876422666 0.007058264221996069 53
1762876422682 0.00702102342620492 54
1762876422682 0.007069284562021494 55
1762876422697 0.006892762146890163 56
1762876422697 0.006863287650048733 57
1762876422717 0.006884630769491196 58
1762876422718 0.006822764407843351 59
1762876422734 0.006819778122007847 60
1762876422742 0.006729102693498135 61
1762876422756 0.006762763950973749 62
1762876422774 0.0067029655911028385 63
1762876422784 0.0066497670486569405 64
1762876422794 0.006577294785529375 65
1762876422803 0.0066373455338180065 66
1762876422811 0.006510143633931875 67
1762876422818 0.006551515311002731 68
1762876422818 0.006440784782171249 69
1762876422834 0.006592938210815191 70
1762876422834 0.006604477297514677 71
1762876422849 0.006467262748628855 72
1762876422849 0.0064967540092766285 73
1762876422865 0.006565449293702841 74
1762876422865 0.006393692921847105 75
1762876422881 0.006416091695427895 76
1762876422881 0.006428217515349388 77
1762876422896 0.006433701608330011 78
1762876422896 0.006409583147615194 79
1762876422916 0.006355809047818184 80
1762876422924 0.006353306584060192 81
1762876422931 0.006243536714464426 82
1762876422931 0.006349907722324133 83
1762876422947 0.006211374886333942 84
1762876422947 0.006179370917379856 85
1762876422962 0.006207568105310202 86
1762876422962 0.006113730370998383 87
1762876726496 0.014689559116959572 1
1762876726502 0.0075426287949085236 2
1762876726522 0.00706562539562583 3
1762876726523 0.006783818826079369 4
1762876726534 0.00658002495765686 5
1762876726550 0.00646004406735301 6
1762876726550 0.006373305805027485 7
1762876726567 0.006290087476372719 8
1762876726575 0.006238476373255253 9
1762876726584 0.006186963524669409 10
1762876726592 0.0061302813701331615 11
1762876726600 0.006102230865508318 12
1762876726600 0.006046531721949577 13
1762876726617 0.006046542432159185 14
1762876726626 0.005999196320772171 15
1762876726635 0.005986266769468784 16
1762876726644 0.005961122456938028 17
1762876726649 0.005906254053115845 18
1762876726649 0.005928136873990297 19
1762876726664 0.005866550840437412 20
1762876726664 0.005841752514243126 21
1762876726680 0.005815937649458647 22
1762876726680 0.00577172776684165 23
1762876726696 0.005713748745620251 24
1762876726696 0.005669275764375925 25
1762876726718 0.005575699731707573 26
1762876726726 0.005509915761649609 27
1762876726735 0.005478806793689728 28
1762876726743 0.005437115672975779 29
1762876726752 0.005392208695411682 30
1762876726760 0.005353688728064299 31
1762876726766 0.005277419928461313 32
1762876726766 0.0052593485452234745 33
1762876726782 0.005163778085261583 34
1762876726782 0.005133690312504768 35
1762876726797 0.005115550477057695 36
1762876726797 0.005115706007927656 37
1762876726817 0.0050669279880821705 38
1762876726825 0.005031872075051069 39
1762876726833 0.004994425922632217 40
1762876726835 0.004973249044269323 41
1762876726835 0.005001509562134743 42
1762876726851 0.004956153221428394 43
1762876726851 0.004932713694870472 44
1762876726867 0.00497064832597971 45
1762876726867 0.0049462392926216125 46
1762876726890 0.004898767452687025 47
1762876726899 0.004838787019252777 48
1762876726907 0.004849421326071024 49
1762876726915 0.004821459297090769 50
1762876726915 0.004829941783100367 51
1762876726931 0.004806614015251398 52
1762876726939 0.00480841938406229 53
1762876726945 0.0048027969896793365 54
1762876726945 0.0048019662499427795 55
1762876726961 0.004775056149810553 56
1762876726961 0.004797016736119986 57
1762876726977 0.004800623282790184 58
1762876726989 0.00474397512152791 59
1762876726997 0.004752219654619694 60
1762876727005 0.004733601585030556 61
1762876727013 0.004715326242148876 62
1762876727016 0.0047391485422849655 63
1762876727016 0.004712785128504038 64
1762876727032 0.004706589039415121 65
1762876727047 0.004686012864112854 66
1762876727063 0.004647438880056143 67
1762876727079 0.0046494207344949245 68
1762876727079 0.0046468633227050304 69
1762876727094 0.004652153700590134 70
1762876727094 0.004642451647669077 71
1762876727110 0.004648606758564711 72
1762876727110 0.004616012796759605 73
1762876727126 0.0046159205958247185 74
1762876727126 0.004561072681099176 75
1762876727142 0.00463762367144227 76
1762876727148 0.004608553368598223 77
1762876727148 0.00460323691368103 78
1762876727164 0.004575799684971571 79
1762876727164 0.004601357504725456 80
1762876727180 0.004569993354380131 81
1762876727206 0.004548261873424053 82
1762876727215 0.0046011474914848804 83
1762876727225 0.004584284033626318 84
1762876727235 0.004589458927512169 85
1762876727244 0.00453931512311101 86
1762876727253 0.004520682152360678 87
1762876727262 0.0045143114402890205 88
1762876727270 0.004483938682824373 89
1762876727278 0.004475377034395933 90
1762876727286 0.004403575789183378 91
1762876727294 0.00444395886734128 92
1762876727302 0.004434995818883181 93
1762876727310 0.004423790145665407 94
1762876727318 0.004404677078127861 95
1762876727327 0.004451553802937269 96
1762876727335 0.004371877759695053 97
1762876727343 0.004390396177768707 98
1762876727351 0.004376038908958435 99
1762876727359 0.004409781191498041 100
