1762876269269 0.1797364503145218 1
1762876269302 0.12336816638708115 2
1762876269331 0.1043715700507164 3
1762876269359 0.09735099971294403 4
1762876269375 0.09413126111030579 5
1762876269406 0.09124965220689774 6
1762876269437 0.08949378877878189 7
1762876269453 0.08926237374544144 8
1762876269494 0.08789855241775513 9
1762876269510 0.08785802870988846 10
1762876269552 0.08700782805681229 11
1762876269577 0.08750171214342117 12
1762876269617 0.08698100596666336 13
1762876269643 0.08720201253890991 14
1762876269674 0.0874796062707901 15
1762876269714 0.08728885650634766 16
1762876269746 0.08815603703260422 17
1762876269774 0.08755791932344437 18
1762876269793 0.08734448999166489 19
1762876269824 0.08758161216974258 20
1762876269856 0.08800839632749557 21
1762876269875 0.08743197470903397 22
1762876269907 0.08832348883152008 23
1762876269932 0.08779245615005493 24
