1762876269273 0.057197630405426025 1
1762876269306 0.0276449266821146 2
1762876269335 0.019562240689992905 3
1762876269359 0.01721951551735401 4
1762876269375 0.016276026144623756 5
1762876269406 0.01545789185911417 6
1762876269437 0.015026822686195374 7
1762876269469 0.01491701789200306 8
1762876269494 0.014721071347594261 9
1762876269526 0.014596662484109402 10
1762876269556 0.014436491765081882 11
1762876269577 0.014513038098812103 12
1762876269621 0.014444340020418167 13
1762876269643 0.014558943919837475 14
1762876269691 0.014567854814231396 15
1762876269714 0.014519203454256058 16
1762876269750 0.014714903198182583 17
1762876269777 0.014554142020642757 18
1762876269793 0.01456870324909687 19
1762876269824 0.014583470299839973 20
1762876269860 0.01473462674766779 21
1762876269875 0.01458017062395811 22
1762876269907 0.014643008820712566 23
1762876269932 0.014733954332768917 24
