1762364677479 0.03343306854367256 1
1762364677501 0.008687326684594154 2
1762364677510 0.008164780214428902 3
1762364677520 0.007910814136266708 4
1762364677529 0.007718977984040976 5
1762364677534 0.007565971463918686 6
1762364677534 0.007422140799462795 7
1762364677555 0.007302385289222002 8
1762364677563 0.007179776672273874 9
1762364677572 0.007098125759512186 10
1762364677580 0.007037789560854435 11
1762364677585 0.006939704529941082 12
1762364677585 0.006856344640254974 13
1762364677601 0.0067863017320632935 14
1762364677601 0.006751888431608677 15
1762364677616 0.0067197890020906925 16
1762364677616 0.006663777865469456 17
1762364677632 0.006679970305413008 18
1762364677632 0.00658409995958209 19
1762364677647 0.006576073821634054 20
1762364677647 0.006573831662535667 21
1762364677663 0.006502869073301554 22
1762364677663 0.0065668197348713875 23
1762364677679 0.006483178120106459 24
1762364677679 0.006404002197086811 25
1762364677694 0.006489361170679331 26
1762364677694 0.0064117396250367165 27
1762364677710 0.0064436024986207485 28
1762364677710 0.006411728914827108 29
1762364677726 0.006419694516807795 30
1762364677726 0.006366173271089792 31
1762364677741 0.006362847052514553 32
1762364677741 0.00634912820532918 33
1762364677757 0.006313661113381386 34
1762364677772 0.006332902703434229 35
1762364677772 0.00620187446475029 36
1762364677788 0.006251942832022905 37
1762364677788 0.006240485701709986 38
1762364677804 0.0062377541325986385 39
1762364677804 0.006107536144554615 40
1762364677819 0.006097062025219202 41
1762364677819 0.006034894846379757 42
1762364677835 0.006000968161970377 43
1762364677835 0.005933417472988367 44
1762364677851 0.00586081575602293 45
1762364677851 0.005840531084686518 46
1762364677866 0.0057631926611065865 47
1762364677866 0.005701918620616198 48
1762364677882 0.005647916812449694 49
1762364677882 0.005655881483107805 50
1762364677900 0.00556939048692584 51
1762364677900 0.005543413106352091 52
1762364677917 0.005549117457121611 53
1762364677917 0.0054798307828605175 54
1762364677934 0.005497902166098356 55
1762364677934 0.005485943518579006 56
1762364677950 0.005458866246044636 57
1762364677950 0.005465826019644737 58
1762364677966 0.0053815473802387714 59
1762364677966 0.00546753266826272 60
1762364677981 0.005391662009060383 61
1762364677981 0.005334049928933382 62
1762364677997 0.005410660058259964 63
1762364677997 0.005316522903740406 64
1762364678017 0.005353553220629692 65
1762364678017 0.005265731830149889 66
1762364678034 0.005269037559628487 67
1762364678034 0.005321669392287731 68
1762364678054 0.0052330344915390015 69
1762364678061 0.0052061076276004314 70
1762364678070 0.005340654868632555 71
1762364678078 0.005217186640948057 72
1762364678083 0.005224817432463169 73
1762364678083 0.00519073661416769 74
1762364678100 0.00516075873747468 75
1762364678100 0.005197964143007994 76
1762364678116 0.0051112305372953415 77
1762364678116 0.005133500322699547 78
1762364678134 0.005126313306391239 79
1762364678134 0.005056596826761961 80
1762364678149 0.005048298742622137 81
1762364678149 0.005098422989249229 82
1762364678167 0.005063996650278568 83
1762364678167 0.005017618648707867 84
1762364678183 0.005062935408204794 85
1762364678183 0.00503523088991642 86
1762364678200 0.004966581705957651 87
1762364678200 0.005071564577519894 88
1762364678217 0.00499651487916708 89
1762364678217 0.005040092393755913 90
1762364678232 0.004945510998368263 91
1762364678232 0.004967898596078157 92
1762364678250 0.004916670732200146 93
1762364678250 0.004964412190020084 94
1762364678266 0.00492246774956584 95
1762364678266 0.004916773643344641 96
1762364678281 0.004877624101936817 97
1762364678281 0.004867462441325188 98
1762364678297 0.004861863795667887 99
1762364678297 0.004827721975743771 100
