1762361951982 0.02320985496044159 1
1762361951999 0.012302090413868427 2
1762361952011 0.011516103520989418 3
1762361952011 0.010990545153617859 4
1762361952027 0.010829632170498371 5
1762361952027 0.010288212448358536 6
1762361952048 0.01058297697454691 7
1762361952056 0.009894062764942646 8
1762361952065 0.01029899064451456 9
1762361952073 0.009981971234083176 10
1762361952076 0.009748118929564953 11
1762361952076 0.009708724915981293 12
1762361952093 0.009552517905831337 13
1762361952093 0.009462526068091393 14
1762361952110 0.009291049093008041 15
1762361952110 0.009725760668516159 16
1762361952126 0.009081501513719559 17
1762361952126 0.008927924558520317 18
1762361952142 0.009125473909080029 19
1762361952142 0.008907749317586422 20
1762361952157 0.008887522853910923 21
1762361952157 0.008662221021950245 22
1762361952176 0.008719934150576591 23
1762361952176 0.008626838214695454 24
1762361952192 0.00855328980833292 25
1762361952192 0.00844986829906702 26
1762361952209 0.008422411046922207 27
1762361952209 0.008350437507033348 28
1762361952226 0.008314057253301144 29
1762361952226 0.00826147012412548 30
1762361952243 0.008199507370591164 31
1762361952243 0.008171717636287212 32
1762361952258 0.00802419614046812 33
1762361952258 0.00797433964908123 34
1762361952274 0.007854027673602104 35
1762361952274 0.0077542709186673164 36
1762361952293 0.007689692545682192 37
1762361952293 0.007667796220630407 38
1762361952308 0.007633339148014784 39
1762361952308 0.007438682951033115 40
1762361952324 0.0075110639445483685 41
1762361952324 0.007465966045856476 42
1762361952340 0.007274584844708443 43
1762361952340 0.007194465026259422 44
1762361952355 0.007169920951128006 45
1762361952355 0.00705850450322032 46
1762361952378 0.007067529484629631 47
1762361952386 0.007055431138724089 48
1762361952395 0.0069196028634905815 49
1762361952402 0.006879846565425396 50
1762361952409 0.006926579400897026 51
1762361952409 0.006821550894528627 52
1762361952425 0.006735946983098984 53
1762361952425 0.006769568659365177 54
1762361952440 0.006962375249713659 55
1762361952440 0.007178214844316244 56
1762361952456 0.006898821331560612 57
1762361952456 0.006741310004144907 58
1762361952471 0.006688726134598255 59
1762361952471 0.00677944952622056 60
1762361952487 0.0066825454123318195 61
1762361952487 0.006850958801805973 62
1762361952503 0.006902641151100397 63
1762361952503 0.006557706743478775 64
1762361952518 0.006523082498461008 65
1762361952534 0.006488940212875605 66
1762361952534 0.00639855582267046 67
1762361952550 0.00645808782428503 68
1762361952550 0.006644604727625847 69
1762361952565 0.006518443580716848 70
1762361952565 0.006538814399391413 71
1762361952581 0.006423290353268385 72
1762361952581 0.006548429373651743 73
1762361952596 0.006490953732281923 74
1762361952605 0.0064037335105240345 75
1762361952605 0.006361075211316347 76
1762361952621 0.00640195794403553 77
1762361952621 0.006674878299236298 78
1762361952636 0.006436864845454693 79
1762361952636 0.006457213778048754 80
1762361952652 0.006431995425373316 81
1762361952652 0.006510225124657154 82
1762361952668 0.007045353762805462 83
1762361952668 0.007758714724332094 84
1762361952683 0.006683771498501301 85
1762361952683 0.006684848107397556 86
1762361952699 0.006437941454350948 87
