1762519870677 4.999999873689376e-05 1
1762519870708 0.00029749999521300197 2
1762519870732 0.0005450000171549618 3
1762519870763 0.0007924999808892608 4
1762519870778 0.0010400000028312206 5
1762519870809 0.0012875000247731805 6
1762519870844 0.0015350000467151403 7
1762519870873 0.0017824999522417784 8
1762519870900 0.00203000009059906 9
1762519870922 0.002277499996125698 10
1762519870945 0.002524999901652336 11
1762519870981 0.002772500040009618 12
1762519871008 0.003019999945536256 13
1762519871031 0.0032675000838935375 14
1762519871062 0.0035149999894201756 15
1762519871081 0.0037624998949468136 16
1762519871119 0.004009999800473452 17
1762519871140 0.004257500171661377 18
1762519871174 0.004505000077188015 19
1762519871203 0.004752499982714653 20
1762519871218 0.004999999888241291 21
1762519871274 0.00499826529994607 22
1762519871297 0.004993063863366842 23
1762519871336 0.00498440396040678 24
1762519871359 0.004972298629581928 25
1762519871383 0.004956766963005066 26
1762519871415 0.004937832243740559 27
1762519871434 0.004915524274110794 28
1762519871465 0.004889877047389746 29
1762519871484 0.004860930610448122 30
1762519871526 0.00482872873544693 31
1762519871553 0.004793322179466486 32
1762519871578 0.0047547644935548306 33
1762519871601 0.004713116213679314 34
1762519871637 0.004668440204113722 35
1762519871663 0.004620806779712439 36
1762519871686 0.004570288117974997 37
1762519871718 0.004516962915658951 38
1762519871737 0.004460913594812155 39
1762519871772 0.004402225837111473 40
1762519871799 0.004340990446507931 41
1762519871812 0.004277301486581564 42
1762519871837 0.004211258143186569 43
1762519871869 0.004142961464822292 44
1762519871904 0.004072516690939665 45
1762519871934 0.004000033251941204 46
1762519871947 0.003925621975213289 47
1762519871979 0.0038493978790938854 48
1762519872015 0.0037714785430580378 49
1762519872040 0.0036919843405485153 50
1762519872055 0.00361103774048388 51
1762519872090 0.0035287633072584867 52
1762519872123 0.0034452881664037704 53
1762519872141 0.0033607410732656717 54
1762519872181 0.003275252180173993 55
1762519872215 0.0031889532692730427 56
1762519872243 0.0031019775196909904 57
1762519872264 0.003014459041878581 58
1762519872295 0.0029265328776091337 59
