1762520020659 0.03849588707089424 1
1762520020677 0.024757321923971176 2
1762520020686 0.023543067276477814 3
1762520020695 0.023532334715127945 4
1762520020703 0.023300906643271446 5
1762520020713 0.022933632135391235 6
1762520020721 0.02296178601682186 7
1762520020730 0.023250101134181023 8
1762520020734 0.023114023730158806 9
1762520020746 0.02285553328692913 10
1762520020754 0.023171845823526382 11
1762520020763 0.02268301136791706 12
1762520020771 0.02297879196703434 13
1762520020779 0.023054851219058037 14
1762520020787 0.022640200331807137 15
1762520020796 0.022775260731577873 16
1762520020803 0.022699076682329178 17
1762520020811 0.02299734391272068 18
1762520020813 0.022721586748957634 19
1762520020813 0.022545550018548965 20
1762520020843 0.022871050983667374 21
1762520020859 0.02322959154844284 22
1762520020859 0.022767752408981323 23
1762520020874 0.02253725938498974 24
1762520020874 0.02248847857117653 25
1762520020890 0.022523926571011543 26
1762520020890 0.022479526698589325 27
1762520020906 0.022340092808008194 28
1762520020906 0.021987810730934143 29
1762520020922 0.022353556007146835 30
1762520020922 0.021958069875836372 31
1762520020942 0.022238632664084435 32
1762520020950 0.021789565682411194 33
1762520020956 0.022033914923667908 34
1762520020956 0.02167910896241665 35
1762520020972 0.02171369269490242 36
1762520020972 0.021645812317728996 37
1762520020988 0.02156350575387478 38
1762520020992 0.021564597263932228 39
1762520020992 0.021488076075911522 40
1762520021007 0.021534573286771774 41
1762520021007 0.021301528438925743 42
1762520021023 0.021356280893087387 43
1762520021023 0.021335924044251442 44
1762520021042 0.021158553659915924 45
1762520021042 0.02123412862420082 46
1762520021058 0.02112751081585884 47
1762520021058 0.02108871564269066 48
1762520021073 0.02111855149269104 49
1762520021073 0.020985128358006477 50
1762520021092 0.020946215838193893 51
1762520021100 0.020909374579787254 52
1762520021107 0.020841551944613457 53
1762520021115 0.020798182114958763 54
1762520021123 0.020857885479927063 55
1762520021131 0.020805608481168747 56
1762520021139 0.020741771906614304 57
1762520021146 0.020694436505436897 58
1762520021154 0.02070198394358158 59
1762520021163 0.020697124302387238 60
1762520021171 0.020555658265948296 61
1762520021172 0.020575448870658875 62
1762520021172 0.020542433485388756 63
1762520021194 0.020542189478874207 64
1762520021194 0.020490871742367744 65
1762520021210 0.020420683547854424 66
1762520021220 0.020513322204351425 67
1762520021228 0.02052750438451767 68
1762520021234 0.02044614776968956 69
1762520021234 0.0203064177185297 70
1762520021253 0.02039017155766487 71
1762520021259 0.020348388701677322 72
1762520021259 0.02026251144707203 73
1762520021277 0.020284896716475487 74
1762520021285 0.0202766302973032 75
1762520021293 0.02028666064143181 76
1762520021301 0.02025885321199894 77
1762520021307 0.020176004618406296 78
1762520021307 0.020153945311903954 79
1762520021322 0.02023378759622574 80
1762520021322 0.02021142654120922 81
1762520021338 0.020148394629359245 82
1762520021345 0.02020239271223545 83
1762520021345 0.020255424082279205 84
1762520021363 0.02011144533753395 85
1762520021372 0.020158637315034866 86
1762520021376 0.020078478381037712 87
1762520021376 0.020096424967050552 88
1762520021395 0.020042192190885544 89
1762520021395 0.02007320336997509 90
1762520021411 0.02000313624739647 91
1762520021411 0.019897382706403732 92
1762520021426 0.01991504244506359 93
1762520021436 0.019918637350201607 94
1762520021443 0.01993965543806553 95
1762520021451 0.01992815174162388 96
1762520021459 0.01991700381040573 97
1762520021467 0.019882934167981148 98
1762520021473 0.01990760676562786 99
1762520021473 0.01993211731314659 100
