1762521283293 0.02489403262734413 1
1762521283302 0.016813911497592926 2
1762521283311 0.01656145602464676 3
1762521283321 0.01643502525985241 4
1762521283330 0.016330529004335403 5
1762521283339 0.01625826582312584 6
1762521283349 0.016203386709094048 7
1762521283356 0.016152402386069298 8
1762521283364 0.016086651012301445 9
1762521283364 0.016096383333206177 10
1762521283383 0.0160591471940279 11
1762521283391 0.01590597815811634 12
1762521283399 0.015858978033065796 13
1762521283407 0.015820015221834183 14
1762521283416 0.015853360295295715 15
1762521283425 0.015772229060530663 16
1762521283434 0.015776777639985085 17
1762521283443 0.015727628022432327 18
1762521283452 0.015762370079755783 19
1762521283462 0.01572139374911785 20
1762521283472 0.015728557482361794 21
1762521283482 0.015611071139574051 22
1762521283492 0.015625156462192535 23
1762521283501 0.015616368502378464 24
1762521283512 0.01565651223063469 25
1762521283522 0.015649626031517982 26
1762521283532 0.015641480684280396 27
1762521283542 0.015688316896557808 28
1762521283552 0.015585657209157944 29
1762521283560 0.015670757740736008 30
1762521283564 0.01556172501295805 31
1762521283564 0.015651410445570946 32
1762521283581 0.015601870603859425 33
1762521283592 0.015603996813297272 34
1762521283599 0.015578212216496468 35
1762521283599 0.015620673075318336 36
1762521283621 0.015537079423666 37
1762521283629 0.015570168383419514 38
1762521283640 0.015548264607787132 39
1762521283648 0.015532122924923897 40
1762521283649 0.015524785034358501 41
1762521283664 0.015479679219424725 42
1762521283664 0.015462731011211872 43
1762521283684 0.015298854559659958 44
1762521283692 0.015077220275998116 45
1762521283701 0.013829557225108147 46
1762521283709 0.012276898138225079 47
1762521283720 0.012228353880345821 48
1762521283728 0.011750469915568829 49
1762521283734 0.011578801088035107 50
1762521283744 0.011456281878054142 51
1762521283754 0.011394156143069267 52
1762521283762 0.01127372682094574 53
1762521283772 0.011140959337353706 54
1762521283780 0.010943539440631866 55
1762521283783 0.010677170008420944 56
1762521283797 0.010502481833100319 57
1762521283797 0.010650855489075184 58
1762521283815 0.010206877253949642 59
1762521283815 0.01013136375695467 60
1762521283834 0.009854097850620747 61
1762521283842 0.00980275496840477 62
1762521283850 0.009760876186192036 63
1762521283850 0.009514749981462955 64
1762521283870 0.009446145966649055 65
1762521283879 0.009535313583910465 66
1762521283889 0.009421235881745815 67
1762521283898 0.009325316175818443 68
1762521283907 0.009248344227671623 69
1762521283917 0.009191088378429413 70
1762521283918 0.009105739183723927 71
1762521283936 0.009006055071949959 72
1762521283944 0.00897542480379343 73
1762521283953 0.008971148170530796 74
1762521283961 0.008853934705257416 75
1762521283971 0.008879069238901138 76
1762521283979 0.008786119520664215 77
1762521283988 0.009010870940983295 78
1762521283996 0.008892341516911983 79
1762521284007 0.008731434121727943 80
1762521284016 0.00869040098041296 81
1762521284024 0.00862062256783247 82
1762521284033 0.008584490045905113 83
1762521284041 0.008605105802416801 84
1762521284050 0.00856483168900013 85
1762521284058 0.008532056584954262 86
1762521284067 0.008526280522346497 87
1762521284075 0.008429959416389465 88
1762521284084 0.008485354483127594 89
1762521284092 0.008451779372990131 90
1762521284101 0.008377431891858578 91
1762521284110 0.008427446708083153 92
1762521284119 0.008304653689265251 93
1762521284127 0.008382233791053295 94
1762521284135 0.00830484926700592 95
1762521284145 0.008360556326806545 96
1762521284155 0.008242608979344368 97
1762521284164 0.008366645313799381 98
1762521284173 0.00829196348786354 99
1762521284189 0.008264132775366306 100
