1762519870656 0.14377278089523315 1
1762519870682 0.12812338769435883 2
1762519870717 0.11942118406295776 3
1762519870732 0.11449813842773438 4
1762519870763 0.111342653632164 5
1762519870793 0.11000185459852219 6
1762519870825 0.1101166158914566 7
1762519870853 0.10946466028690338 8
1762519870879 0.1088370606303215 9
1762519870907 0.10879906266927719 10
1762519870929 0.10902873426675797 11
1762519870960 0.10888580232858658 12
1762519870988 0.10939769446849823 13
1762519871016 0.10928959399461746 14
1762519871031 0.10992221534252167 15
1762519871062 0.11046458035707474 16
1762519871096 0.11056789010763168 17
1762519871126 0.11055130511522293 18
1762519871140 0.11123959720134735 19
1762519871182 0.11143900454044342 20
1762519871203 0.11277461051940918 21
1762519871232 0.11349822580814362 22
1762519871284 0.11693061888217926 23
1762519871316 0.11772850155830383 24
1762519871344 0.11136312037706375 25
1762519871359 0.11205291748046875 26
1762519871383 0.11521849036216736 27
1762519871415 0.11135338991880417 28
1762519871449 0.11163148283958435 29
1762519871465 0.11112163215875626 30
1762519871500 0.11120424419641495 31
1762519871534 0.1117737740278244 32
1762519871561 0.11163705587387085 33
1762519871585 0.11152207106351852 34
1762519871618 0.11089438945055008 35
1762519871644 0.11091630905866623 36
1762519871663 0.11055543273687363 37
1762519871686 0.11044398695230484 38
1762519871718 0.11076902598142624 39
1762519871752 0.11072029173374176 40
1762519871780 0.10990592837333679 41
1762519871806 0.11003366857767105 42
1762519871828 0.10991405695676804 43
1762519871853 0.11003533750772476 44
1762519871884 0.10943304002285004 45
1762519871904 0.109576515853405 46
1762519871941 0.10940747708082199 47
1762519871963 0.10933370143175125 48
1762519871989 0.10908614844083786 49
1762519872023 0.10893666744232178 50
1762519872040 0.10897110402584076 51
1762519872071 0.10885682702064514 52
1762519872090 0.10919546335935593 53
1762519872131 0.10876864939928055 54
1762519872161 0.10870357602834702 55
1762519872181 0.10859762132167816 56
1762519872219 0.10834138840436935 57
1762519872250 0.10850364714860916 58
1762519872264 0.1085154190659523 59
