1762519870656 0.0392453633248806 1
1762519870682 0.030925694853067398 2
1762519870721 0.026804422959685326 3
1762519870747 0.024965452030301094 4
1762519870763 0.02374078705906868 5
1762519870793 0.023179439827799797 6
1762519870828 0.02328108809888363 7
1762519870857 0.023059071972966194 8
1762519870879 0.022790562361478806 9
1762519870911 0.022691959515213966 10
1762519870929 0.022715266793966293 11
1762519870960 0.02265375293791294 12
1762519870992 0.022822465747594833 13
1762519871020 0.022755559533834457 14
1762519871046 0.02285054698586464 15
1762519871062 0.023022379726171494 16
1762519871096 0.023083068430423737 17
1762519871130 0.023006854578852654 18
1762519871156 0.023190448060631752 19
1762519871186 0.02316729724407196 20
1762519871203 0.023732656612992287 21
1762519871232 0.024069564417004585 22
1762519871289 0.025524521246552467 23
1762519871320 0.025882689282298088 24
1762519871348 0.02303968369960785 25
1762519871375 0.02341734617948532 26
1762519871399 0.024508722126483917 27
1762519871415 0.023223672062158585 28
1762519871449 0.023333033546805382 29
1762519871481 0.023135729134082794 30
1762519871500 0.02318798005580902 31
1762519871538 0.023474249988794327 32
1762519871565 0.02332223393023014 33
1762519871585 0.02330758608877659 34
1762519871621 0.023007148876786232 35
1762519871647 0.023092612624168396 36
1762519871663 0.022916646674275398 37
1762519871702 0.02293870970606804 38
1762519871718 0.023156799376010895 39
1762519871752 0.023034343495965004 40
1762519871782 0.022762523964047432 41
1762519871810 0.022902101278305054 42
1762519871837 0.022923149168491364 43
1762519871853 0.022955136373639107 44
1762519871888 0.022752130404114723 45
1762519871904 0.022791976109147072 46
1762519871945 0.0228190328925848 47
1762519871963 0.022776372730731964 48
1762519871989 0.02267594262957573 49
1762519872026 0.022632233798503876 50
1762519872040 0.022661663591861725 51
1762519872071 0.02262640930712223 52
1762519872106 0.022792628034949303 53
1762519872135 0.022751232609152794 54
1762519872170 0.022725585848093033 55
1762519872200 0.022725021466612816 56
1762519872219 0.02268252708017826 57
1762519872254 0.022740643471479416 58
1762519872280 0.022803200408816338 59
