1762941504236 9.999999747378752e-06 1
1762941504270 5.949999831500463e-05 2
1762941504304 0.00010900000052060932 3
1762941504337 0.0001584999990882352 4
1762941504370 0.00020799999765586108 5
1762941504403 0.0002575000107754022 6
1762941504441 0.00030700000934302807 7
1762941504474 0.00035650000791065395 8
1762941504508 0.00040600000647827983 9
1762941504542 0.0004555000050459057 10
1762941504574 0.0005050000036135316 11
1762941504604 0.000554499973077327 12
1762941504648 0.0006040000007487833 13
1762941504670 0.0006535000284202397 14
1762941504704 0.0007029999978840351 15
1762941504758 0.0007525000255554914 16
1762941504791 0.0008019999950192869 17
1762941504826 0.0008515000226907432 18
1762941504858 0.0009009999921545386 19
1762941504890 0.000950500019825995 20
1762941504923 0.0010000000474974513 21
1762941504956 0.0009996530134230852 22
1762941504989 0.0009986128425225616 23
1762941505024 0.0009968808153644204 24
1762941505061 0.0009944597259163857 25
1762941505093 0.0009913534158840775 26
1762941505126 0.0009875664254650474 27
1762941505158 0.00098310480825603 28
1762941505187 0.0009779754327610135 29
1762941505218 0.00097218609880656 30
1762941505249 0.0009657457703724504 31
1762941505285 0.0009586644009687006 32
1762941505313 0.0009509529336355627 33
1762941505348 0.0009426231845282018 34
1762941505381 0.0009336880757473409 35
1762941505425 0.0009241613443009555 36
1762941505460 0.0009140576585195959 37
1762941505497 0.0009033926180563867 38
1762941505547 0.0008921826956793666 39
1762941505570 0.0008804451208561659 40
1762941505621 0.0008681980543769896 41
1762941505656 0.0008554603555239737 42
1762941505695 0.000842251640278846 43
1762941505721 0.0008285922813229263 44
1762941505770 0.0008145033498294652 45
1762941505808 0.0008000066154636443 46
1762941505843 0.0007851243717595935 47
1762941505877 0.0007698795525357127 48
1762941505904 0.0007542957318946719 49
1762941505937 0.0007383968913927674 50
1762941505970 0.0007222075364552438 51
1762941506018 0.0007057526963762939 52
1762941506054 0.0006890576332807541 53
1762941506089 0.00067214819137007 54
1762941506123 0.0006550503894686699 55
1762941506157 0.0006377906538546085 56
1762941506187 0.0006203955272212625 57
1762941506230 0.0006028918433003128 58
1762941506270 0.0005853066104464233 59
1762941506304 0.0005676668952219188 60
1762941506337 0.0005499999970197678 61
1762941506386 0.0005323330988176167 62
