1762941660403 0.03564223274588585 1
1762941660414 0.029681993648409843 2
1762941660424 0.029124557971954346 3
1762941660434 0.028738874942064285 4
1762941660444 0.028678037226200104 5
1762941660453 0.028569603338837624 6
1762941660460 0.028554728254675865 7
1762941660460 0.028495745733380318 8
1762941660476 0.028294380754232407 9
1762941660476 0.027896344661712646 10
1762941660491 0.026965010911226273 11
1762941660491 0.02635764144361019 12
1762941660507 0.026036832481622696 13
1762941660523 0.025854913517832756 14
1762941660523 0.02570214681327343 15
1762941660538 0.025607530027627945 16
1762941660538 0.02545238472521305 17
1762941660554 0.024990135803818703 18
1762941660554 0.02492917887866497 19
1762941660570 0.024836666882038116 20
1762941660585 0.024824561551213264 21
1762941660585 0.024779275059700012 22
1762941660601 0.024768894538283348 23
1762941660601 0.024737441912293434 24
1762941660616 0.024744456633925438 25
1762941660616 0.024716952815651894 26
