1762941504202 0.7682313323020935 1
1762941504243 0.6100842356681824 2
1762941504270 0.46365776658058167 3
1762941504304 0.3593086898326874 4
1762941504337 0.28822770714759827 5
1762941504370 0.24138879776000977 6
1762941504403 0.20875683426856995 7
1762941504446 0.19056962430477142 8
1762941504478 0.1827041059732437 9
1762941504512 0.17512992024421692 10
1762941504546 0.16823022067546844 11
1762941504574 0.16087190806865692 12
1762941504618 0.15297703444957733 13
1762941504654 0.14650055766105652 14
1762941504687 0.14232411980628967 15
1762941504720 0.13768456876277924 16
1762941504762 0.13455863296985626 17
1762941504796 0.13268804550170898 18
1762941504830 0.12875549495220184 19
1762941504863 0.1268433779478073 20
1762941504895 0.12593306601047516 21
1762941504927 0.12492834776639938 22
1762941504961 0.12273333221673965 23
1762941504994 0.12299732863903046 24
1762941505028 0.12046660482883453 25
1762941505064 0.12092150747776031 26
1762941505098 0.11989901214838028 27
1762941505131 0.11927859485149384 28
1762941505163 0.11944548040628433 29
1762941505187 0.11900559067726135 30
1762941505218 0.11880770325660706 31
1762941505249 0.11802269518375397 32
1762941505289 0.11726998537778854 33
1762941505313 0.11749318987131119 34
1762941505353 0.11723215878009796 35
1762941505386 0.11712303757667542 36
1762941505430 0.11689761281013489 37
1762941505464 0.1160978227853775 38
1762941505503 0.11628315597772598 39
1762941505552 0.11578663438558578 40
1762941505586 0.11638003587722778 41
1762941505626 0.11592038720846176 42
1762941505656 0.11597099155187607 43
1762941505704 0.11515753716230392 44
1762941505737 0.11505243182182312 45
1762941505770 0.11546026915311813 46
1762941505813 0.11466970294713974 47
1762941505848 0.11449235677719116 48
1762941505882 0.11462768912315369 49
1762941505918 0.1152564138174057 50
1762941505955 0.11488687247037888 51
1762941505989 0.1142529845237732 52
1762941506020 0.11412161588668823 53
1762941506054 0.11442268639802933 54
1762941506089 0.11461365967988968 55
1762941506123 0.1142696738243103 56
1762941506157 0.1144910529255867 57
1762941506187 0.1139691174030304 58
1762941506236 0.11402623355388641 59
1762941506270 0.11382104456424713 60
1762941506304 0.1139187440276146 61
1762941506354 0.1134723350405693 62
