1762941559886 0.04847012087702751 1
1762941559886 0.02976621873676777 2
1762941559908 0.02899305336177349 3
1762941559923 0.0288704764097929 4
1762941559933 0.028808685019612312 5
1762941559945 0.028787318617105484 6
1762941559955 0.028787927702069283 7
1762941559964 0.028778452426195145 8
1762941559972 0.028784777969121933 9
1762941559972 0.02877851203083992 10
1762941559992 0.028772743418812752 11
1762941560001 0.02876712754368782 12
1762941560010 0.028780082240700722 13
1762941560014 0.02877023071050644 14
1762941560014 0.028763270005583763 15
1762941560030 0.028763988986611366 16
1762941560046 0.02875940315425396 17
1762941560046 0.028761418536305428 18
1762941560061 0.028755847364664078 19
1762941560061 0.028759652748703957 20
1762941560077 0.0287616103887558 21
1762941560077 0.028759494423866272 22
1762941560093 0.028758622705936432 23
1762941560108 0.028759852051734924 24
1762941560108 0.02875952050089836 25
1762941560124 0.02876090444624424 26
1762941560124 0.028758715838193893 27
1762941560139 0.028759293258190155 28
