1762941504213 0.9661592841148376 1
1762941504252 0.6122341752052307 2
1762941504287 0.3532479703426361 3
1762941504324 0.21248959004878998 4
1762941504353 0.13526377081871033 5
1762941504387 0.09482861310243607 6
1762941504424 0.07061755657196045 7
1762941504452 0.05828898027539253 8
1762941504488 0.053483277559280396 9
1762941504522 0.04925413802266121 10
1762941504553 0.04535193741321564 11
1762941504587 0.04160810261964798 12
1762941504620 0.037767667323350906 13
1762941504656 0.03521648794412613 14
1762941504687 0.03369782865047455 15
1762941504720 0.031852837651968 16
1762941504772 0.030742304399609566 17
1762941504806 0.03012028895318508 18
1762941504840 0.028740881010890007 19
1762941504872 0.027972018346190453 20
1762941504904 0.02770274132490158 21
1762941504936 0.027330780401825905 22
1762941504970 0.026631347835063934 23
1762941505004 0.02679852768778801 24
1762941505039 0.026027096435427666 25
1762941505074 0.026144210249185562 26
1762941505107 0.025899378582835197 27
1762941505135 0.025513941422104836 28
1762941505172 0.02562941424548626 29
1762941505203 0.025625158101320267 30
1762941505234 0.025367192924022675 31
1762941505267 0.02532609924674034 32
1762941505297 0.025011103600263596 33
1762941505329 0.0251266248524189 34
1762941505362 0.025178873911499977 35
1762941505404 0.024981476366519928 36
1762941505438 0.025055192410945892 37
1762941505476 0.024648282676935196 38
1762941505513 0.024840015918016434 39
1762941505556 0.024797160178422928 40
1762941505586 0.02469741739332676 41
1762941505636 0.024840598925948143 42
1762941505673 0.024685760959982872 43
1762941505704 0.024449676275253296 44
1762941505737 0.024514654651284218 45
1762941505787 0.024576956406235695 46
1762941505823 0.024385828524827957 47
1762941505857 0.02431011199951172 48
1762941505892 0.024466969072818756 49
1762941505929 0.024483561515808105 50
1762941505958 0.02457335591316223 51
1762941505991 0.02423127554357052 52
1762941506020 0.024285560473799706 53
1762941506068 0.024282116442918777 54
1762941506104 0.024515224620699883 55
1762941506137 0.02439022809267044 56
1762941506170 0.024347670376300812 57
1762941506206 0.02423238381743431 58
1762941506246 0.02420809119939804 59
1762941506287 0.024180572479963303 60
1762941506327 0.024287858977913857 61
1762941506354 0.024154188111424446 62
