1762885113524 9.999999747378752e-05 1
1762885113550 0.0005949999904260039 2
1762885113587 0.0010900000343099236 3
1762885113615 0.0015849999617785215 4
1762885113637 0.0020800000056624413 5
1762885113676 0.002575000049546361 6
1762885113705 0.0030700000934302807 7
1762885113734 0.0035649999044835567 8
1762885113762 0.00406000018119812 9
1762885113778 0.004554999992251396 10
1762885113809 0.005049999803304672 11
1762885113848 0.005545000080019236 12
1762885113871 0.006039999891072512 13
1762885113903 0.006535000167787075 14
1762885113918 0.007029999978840351 15
1762885113950 0.007524999789893627 16
1762885113990 0.008019999600946903 17
1762885114014 0.008515000343322754 18
1762885114045 0.00901000015437603 19
1762885114077 0.009504999965429306 20
1762885114105 0.009999999776482582 21
