1762885113483 0.17883214354515076 1
1762885113528 0.12571470439434052 2
1762885113550 0.11416308581829071 3
1762885113591 0.11034783720970154 4
1762885113619 0.1078137755393982 5
1762885113637 0.10670702159404755 6
1762885113680 0.10627055913209915 7
1762885113709 0.10562168806791306 8
1762885113738 0.1050855740904808 9
1762885113762 0.10400684922933578 10
1762885113793 0.10358293354511261 11
1762885113809 0.1032242700457573 12
1762885113852 0.10341312736272812 13
1762885113871 0.10282344371080399 14
1762885113903 0.103240966796875 15
1762885113934 0.10329627990722656 16
1762885113965 0.10328952968120575 17
1762885113994 0.10293901711702347 18
1762885114014 0.10341230779886246 19
1762885114045 0.10377340018749237 20
1762885114081 0.10391276329755783 21
1762885396881 0.024994490668177605 1
1762885396890 0.02330952137708664 2
1762885396899 0.022913558408617973 3
1762885396907 0.022215284407138824 4
1762885396916 0.02244468405842781 5
1762885396916 0.0221314188092947 6
1762885396931 0.022199086844921112 7
1762885396931 0.021355316042900085 8
1762885396953 0.02108398824930191 9
1762885396961 0.020946670323610306 10
1762885396969 0.0199336688965559 11
1762885396977 0.020936032757163048 12
1762885396985 0.019441764801740646 13
1762885396993 0.01912650279700756 14
1762885396996 0.018959373235702515 15
1762885396996 0.0185495987534523 16
1762885397017 0.018624821677803993 17
1762885397025 0.01922423765063286 18
1762885397026 0.018592672422528267 19
1762885397026 0.01781516708433628 20
1762885397041 0.017743470147252083 21
1762885397057 0.01762561872601509 22
1762885397057 0.017551535740494728 23
1762885397073 0.017350874841213226 24
1762885397073 0.017145799472928047 25
1762885397088 0.016674300655722618 26
1762885397104 0.016652828082442284 27
1762885397127 0.016371222212910652 28
1762885397137 0.01603655330836773 29
1762885397146 0.015650752931833267 30
1762885397155 0.015381802804768085 31
1762885397164 0.015329786576330662 32
1762885397165 0.01503957249224186 33
1762885397180 0.014571084640920162 34
1762885397189 0.014179650694131851 35
1762885397197 0.013993672095239162 36
1762885397205 0.013823997229337692 37
1762885397214 0.013691136613488197 38
1762885397222 0.013580920174717903 39
1762885397231 0.013516341336071491 40
1762885397239 0.013318400830030441 41
1762885397247 0.01323706191033125 42
1762885397255 0.013133193366229534 43
1762885397263 0.013044113293290138 44
1762885397263 0.012749874964356422 45
1762885397279 0.01277089025825262 46
1762885397279 0.0127432681620121 47
1762885397295 0.012579549103975296 48
1762885397295 0.012471484951674938 49
1762885397310 0.012330093421041965 50
1762885397310 0.012240605428814888 51
1762885397326 0.012215736322104931 52
1762885397326 0.012091397307813168 53
1762885397345 0.011766635812819004 54
1762885397353 0.01173415221273899 55
1762885397361 0.011757049709558487 56
1762885397369 0.011622074991464615 57
1762885397377 0.011576677672564983 58
1762885397385 0.011415494605898857 59
1762885397385 0.011285409331321716 60
1762885397401 0.01128327939659357 61
1762885397401 0.011274652555584908 62
1762885397416 0.011193874292075634 63
1762885397416 0.011132456362247467 64
1762885397434 0.011097930371761322 65
1762885397442 0.011064558289945126 66
1762885397450 0.011004566214978695 67
1762885397458 0.010985336266458035 68
1762885397467 0.010885888710618019 69
1762885397475 0.010781995952129364 70
1762885397479 0.010798303410410881 71
1762885397479 0.010675311088562012 72
1762885397495 0.010784471407532692 73
1762885397495 0.010690049268305302 74
1762885397511 0.01063890103250742 75
1762885397511 0.010589366778731346 76
1762885397526 0.010504833422601223 77
1762885397526 0.010406297631561756 78
1762885397548 0.010373138822615147 79
1762885397556 0.010444599203765392 80
1762885397564 0.010351701639592648 81
1762885397572 0.010426601395010948 82
1762885397573 0.010329135693609715 83
1762885397573 0.010288833640515804 84
1762885397589 0.010246357880532742 85
1762885397589 0.01023862138390541 86
1762885397604 0.010223240591585636 87
1762885397620 0.010050619021058083 88
1762885397620 0.010200689546763897 89
1762885397636 0.010090229101479053 90
1762885397636 0.010128401219844818 91
1762885397652 0.010011427104473114 92
1762885397656 0.010069685988128185 93
1762885397670 0.009963852353394032 94
1762885397679 0.009946257807314396 95
1762885397688 0.009980951435863972 96
1762885397696 0.009856170043349266 97
1762885397697 0.009949896484613419 98
1762885397697 0.009768354706466198 99
1762885397712 0.00982270110398531 100
1762887297122 0.01404809020459652 1
1762887297140 0.013026485219597816 2
1762887297153 0.012830991297960281 3
1762887297161 0.012790783308446407 4
1762887297170 0.012754954397678375 5
1762887297180 0.012669960968196392 6
1762887297180 0.012647394090890884 7
1762887297199 0.012596797198057175 8
1762887297207 0.012551759369671345 9
1762887297217 0.012498448602855206 10
1762887297226 0.01245032250881195 11
1762887297233 0.012424190528690815 12
1762887297233 0.012373643927276134 13
1762887297252 0.012341441586613655 14
1762887297260 0.012331215664744377 15
1762887297268 0.01227512676268816 16
1762887297276 0.012256569229066372 17
1762887297278 0.012261238880455494 18
1762887297278 0.012257063761353493 19
1762887297293 0.012191916815936565 20
1762887297293 0.012130023911595345 21
1762887297309 0.01206145528703928 22
1762887297325 0.011896233074367046 23
1762887297325 0.011693084612488747 24
1762887297340 0.010868140496313572 25
1762887297340 0.010428921319544315 26
1762887297356 0.010146509855985641 27
1762887297356 0.009975416585803032 28
1762887297372 0.009911810979247093 29
1762887297372 0.009759156964719296 30
1762887297387 0.009767374955117702 31
1762887297387 0.009723574854433537 32
1762887297403 0.009493387304246426 33
1762887297403 0.00952074769884348 34
1762887297418 0.00942609179764986 35
1762887297418 0.009446891956031322 36
1762887297439 0.009257912635803223 37
1762887297447 0.009233135730028152 38
1762887297456 0.009200014173984528 39
1762887297464 0.009236694313585758 40
1762887297472 0.009104656986892223 41
1762887297477 0.009063513949513435 42
1762887297477 0.00895531103014946 43
1762887297493 0.00882990937680006 44
1762887297508 0.008949181996285915 45
1762887297508 0.00874535832554102 46
1762887297524 0.008769799955189228 47
1762887297524 0.008628429844975471 48
1762887297541 0.008649466559290886 49
1762887297550 0.008576818741858006 50
1762887297558 0.00861591286957264 51
1762887297560 0.008480139076709747 52
1762887297560 0.008458645083010197 53
1762887297583 0.008428567089140415 54
1762887297591 0.00846325047314167 55
1762887297599 0.008350871503353119 56
1762887297608 0.008364292792975903 57
1762887297610 0.008344010449945927 58
1762887297610 0.008287115953862667 59
1762887297626 0.008258114568889141 60
1762887297626 0.008161194622516632 61
1762887297651 0.008270387537777424 62
1762887297659 0.00817963108420372 63
1762887297668 0.008158102631568909 64
1762887297676 0.008133335039019585 65
1762887297686 0.008169879205524921 66
1762887297694 0.008126748725771904 67
1762887297700 0.008051070384681225 68
1762887297700 0.007975399494171143 69
1762887297716 0.00798537116497755 70
1762887297716 0.008018095046281815 71
1762887297731 0.008052553981542587 72
1762887297731 0.007916071452200413 73
1762887297747 0.007831772789359093 74
1762887297747 0.00786380935460329 75
1762887297769 0.007821115665137768 76
1762887297777 0.007795914076268673 77
1762887297786 0.007829052396118641 78
1762887297794 0.007753247395157814 79
1762887297802 0.007764147128909826 80
1762887297810 0.0077151041477918625 81
1762887297811 0.007761255372315645 82
1762887297811 0.007651808205991983 83
1762887297827 0.007709160912781954 84
1762887297842 0.0076774368062615395 85
1762887297842 0.007707864511758089 86
1762887297858 0.007605994585901499 87
1762887297858 0.007561481092125177 88
1762887297875 0.007792423013597727 89
1762887297883 0.007589904125779867 90
1762887297888 0.007682014722377062 91
1762887297888 0.007644829340279102 92
1762887297904 0.007859902456402779 93
1762887297904 0.0075914631597697735 94
1762887297919 0.007535759825259447 95
1762887297919 0.007635899353772402 96
1762887297935 0.007534319069236517 97
