1762885113500 0.17883214354515076 1
1762885113534 0.12571470439434052 2
1762885113567 0.11416308581829071 3
1762885113595 0.11034783720970154 4
1762885113623 0.1078137755393982 5
1762885113637 0.10670702159404755 6
1762885113685 0.10627055913209915 7
1762885113713 0.10562168806791306 8
1762885113742 0.1050855740904808 9
1762885113762 0.10400684922933578 10
1762885113793 0.10358293354511261 11
1762885113828 0.1032242700457573 12
1762885113856 0.10341312736272812 13
1762885113871 0.10282344371080399 14
1762885113903 0.103240966796875 15
1762885113934 0.10329627990722656 16
1762885113970 0.10328952968120575 17
1762885113998 0.10293901711702347 18
1762885114014 0.10341230779886246 19
1762885114045 0.10377340018749237 20
1762885114085 0.10391276329755783 21
