1762885113505 0.05579720810055733 1
1762885113534 0.029787197709083557 2
1762885113571 0.024688970297574997 3
1762885113599 0.023147549480199814 4
1762885113627 0.02195226587355137 5
1762885113658 0.02156604640185833 6
1762885113689 0.021451426669955254 7
1762885113718 0.02127528004348278 8
1762885113747 0.020953042432665825 9
1762885113762 0.020631467923521996 10
1762885113793 0.02021230012178421 11
1762885113832 0.020070863887667656 12
1762885113856 0.02006937749683857 13
1762885113887 0.019890744239091873 14
1762885113903 0.020041057839989662 15
1762885113934 0.020004088059067726 16
1762885113974 0.019920986145734787 17
1762885113998 0.01975635625422001 18
1762885114029 0.020018920302391052 19
1762885114045 0.020105142146348953 20
1762885114089 0.020122746005654335 21
