1762280582860 0.02632378786802292 1
1762280582880 0.009849514812231064 2
1762280582890 0.009285898879170418 3
1762280582893 0.008852859027683735 4
1762280582904 0.008572074584662914 5
1762280582904 0.008302485570311546 6
1762280582926 0.008172467350959778 7
1762280582934 0.008054351434111595 8
1762280582942 0.007963820360600948 9
1762280582950 0.007860543206334114 10
1762280582958 0.007803854066878557 11
1762280582966 0.007756927981972694 12
1762280582970 0.007724172901362181 13
1762280582970 0.007723398972302675 14
1762280582986 0.007705157157033682 15
1762280582986 0.0076256017200648785 16
1762280583005 0.007750766817480326 17
1762280583013 0.007619136478751898 18
1762280583021 0.007492115255445242 19
1762280583029 0.0074258120730519295 20
1762280583036 0.007508403155952692 21
1762280583044 0.007455735933035612 22
1762280583052 0.007432305254042149 23
1762280583060 0.007367566227912903 24
1762280583067 0.007446425035595894 25
1762280583075 0.007361144758760929 26
1762280583079 0.00730280252173543 27
1762280583079 0.007287061773240566 28
1762280583095 0.007349254097789526 29
1762280583095 0.007215798832476139 30
1762280583115 0.00723758339881897 31
1762280583123 0.0072983745485544205 32
1762280583131 0.007040964439511299 33
1762280583136 0.007009455934166908 34
1762280583136 0.0069347466342151165 35
1762280583151 0.006965986918658018 36
1762280583151 0.006888885051012039 37
1762280583167 0.006865669973194599 38
1762280583167 0.006786259822547436 39
1762280583183 0.006856149062514305 40
1762280583183 0.006681624799966812 41
1762280583198 0.0065987627021968365 42
1762280583198 0.006629440933465958 43
1762280583214 0.006609410513192415 44
1762280583214 0.006528446916490793 45
1762280583232 0.006424118764698505 46
1762280583240 0.006524443160742521 47
1762280583248 0.006336080376058817 48
1762280583256 0.006441288627684116 49
1762280583264 0.006311689503490925 50
1762280583272 0.006330285686999559 51
1762280583280 0.006259455345571041 52
1762280583286 0.006270014680922031 53
1762280583286 0.006208336446434259 54
1762280583301 0.006235026754438877 55
1762280583301 0.006114151328802109 56
1762280583317 0.00614191172644496 57
1762280583317 0.006117056589573622 58
1762280583333 0.006170736625790596 59
1762280583333 0.006129950284957886 60
1762280583349 0.0061522857286036015 61
1762280583357 0.006111161317676306 62
1762280583366 0.0061343517154455185 63
1762280583374 0.005999282468110323 64
1762280583376 0.0061074490658938885 65
1762280583376 0.0060266111977398396 66
1762280583391 0.006068990100175142 67
1762280583391 0.006034339778125286 68
1762280583407 0.006072163116186857 69
1762280583423 0.0059933969751000404 70
1762280583423 0.0060384455136954784 71
1762280583438 0.005994824226945639 72
1762280583438 0.0059877061285078526 73
1762280583454 0.005980943329632282 74
1762280583454 0.005921967793256044 75
1762280583469 0.005922119133174419 76
1762280583469 0.0058819083496928215 77
1762280583485 0.005908960476517677 78
1762280583485 0.005832982715219259 79
1762280583501 0.005921633914113045 80
1762280583501 0.005813085939735174 81
1762280583516 0.005889924243092537 82
1762280583526 0.005744146648794413 83
1762280583534 0.005831390153616667 84
1762280583542 0.005720419809222221 85
1762280583550 0.005777853075414896 86
1762280583553 0.005702838767319918 87
1762280583553 0.00572259072214365 88
1762280583574 0.00581040745601058 89
1762280583582 0.005769848823547363 90
1762280583590 0.0057270401157438755 91
1762280583598 0.005721380468457937 92
1762280583603 0.005653416737914085 93
1762280583603 0.005688291974365711 94
1762280583618 0.005673401523381472 95
1762280583618 0.0056496672332286835 96
1762280583634 0.005604262929409742 97
1762280583634 0.005579330027103424 98
1762280583652 0.005598533898591995 99
1762280583660 0.005546411499381065 100
