1762279629126 0.02297103777527809 1
1762279629143 0.012896531261503696 2
1762279629152 0.011876237578690052 3
1762279629160 0.011374090798199177 4
1762279629169 0.011112318374216557 5
1762279629177 0.010976353660225868 6
1762279629185 0.010937701910734177 7
1762279629194 0.010715197771787643 8
1762279629202 0.01064301747828722 9
1762279629211 0.010548068210482597 10
1762279629219 0.010370622389018536 11
1762279629227 0.010457802563905716 12
1762279629234 0.010165669023990631 13
1762279629242 0.010031409561634064 14
1762279629244 0.00995607115328312 15
1762279629244 0.00978169310837984 16
1762279629260 0.00972609780728817 17
1762279629260 0.009518621489405632 18
1762279629283 0.009615477174520493 19
1762279629291 0.009327670559287071 20
1762279629291 0.009172716177999973 21
1762279629306 0.009207888506352901 22
1762279629306 0.009107003919780254 23
1762279629322 0.008978529833257198 24
1762279629322 0.008814414031803608 25
1762279629341 0.008764168247580528 26
1762279629348 0.00869560707360506 27
1762279629356 0.008666093461215496 28
1762279629360 0.008619346655905247 29
1762279629360 0.008592008613049984 30
1762279629376 0.008613750338554382 31
1762279629376 0.008556533604860306 32
1762279629392 0.008596823550760746 33
1762279629392 0.008597923442721367 34
1762279629411 0.00852340366691351 35
1762279629420 0.008644690737128258 36
1762279629427 0.00853938888758421 37
1762279629432 0.008472062647342682 38
1762279629432 0.00839316938072443 39
1762279629454 0.008414451964199543 40
1762279629463 0.008513695560395718 41
1762279629471 0.008367437869310379 42
1762279629479 0.00829402357339859 43
1762279629486 0.008285004645586014 44
1762279629494 0.00824553519487381 45
1762279629495 0.008283702656626701 46
1762279629495 0.008206631056964397 47
1762279629510 0.008222605101764202 48
