1762268799805 4.999999873689376e-05 1
1762268799837 0.00029749999521300197 2
1762268799867 0.0005450000171549618 3
1762268799902 0.0007924999808892608 4
1762268799936 0.0010400000028312206 5
1762268799980 0.0012875000247731805 6
1762268800008 0.0015350000467151403 7
1762268800054 0.0017824999522417784 8
1762268800077 0.00203000009059906 9
1762268800116 0.002277499996125698 10
1762268800148 0.002524999901652336 11
1762268800180 0.002772500040009618 12
1762268800200 0.003019999945536256 13
1762268800244 0.0032675000838935375 14
1762268800259 0.0035149999894201756 15
1762268800306 0.0037624998949468136 16
1762268800336 0.004009999800473452 17
1762268800367 0.004257500171661377 18
1762268800427 0.004505000077188015 19
1762268800480 0.004752499982714653 20
1762268800541 0.004999999888241291 21
1762268800602 0.00499826529994607 22
1762268800634 0.004993063863366842 23
1762268800681 0.00498440396040678 24
1762268800712 0.004972298629581928 25
1762268800743 0.004956766963005066 26
1762268800793 0.004937832243740559 27
1762268800821 0.004915524274110794 28
1762268800837 0.004889877047389746 29
1762268800880 0.004860930610448122 30
1762268800905 0.00482872873544693 31
1762268800937 0.004793322179466486 32
1762268800971 0.0047547644935548306 33
1762268801002 0.004713116213679314 34
1762268801034 0.004668440204113722 35
1762268801087 0.004620806779712439 36
1762268801132 0.004570288117974997 37
1762268801165 0.004516962915658951 38
1762268801197 0.004460913594812155 39
1762268801212 0.004402225837111473 40
1762268801243 0.004340990446507931 41
1762268801290 0.004277301486581564 42
