1762268799776 0.3667711615562439 1
1762268799810 0.21412716805934906 2
1762268799841 0.15076324343681335 3
1762268799872 0.12018696218729019 4
1762268799903 0.10321608185768127 5
1762268799943 0.08967483043670654 6
1762268799986 0.08242680877447128 7
1762268800008 0.07840845733880997 8
1762268800059 0.07071661204099655 9
1762268800077 0.06834111362695694 10
1762268800117 0.06375128030776978 11
1762268800155 0.06645948439836502 12
1762268800185 0.061596792191267014 13
1762268800218 0.062102995812892914 14
1762268800244 0.06160277500748634 15
1762268800281 0.05954284965991974 16
1762268800321 0.059221915900707245 17
1762268800352 0.061433397233486176 18
1762268800383 0.06325190514326096 19
1762268800435 0.06371074914932251 20
1762268800492 0.06314500421285629 21
1762268800549 0.06192363426089287 22
1762268800607 0.06124505773186684 23
1762268800634 0.06042502820491791 24
1762268800681 0.06019103154540062 25
1762268800712 0.06135644018650055 26
1762268800763 0.05967939272522926 27
1762268800797 0.06154073774814606 28
1762268800821 0.056873682886362076 29
1762268800853 0.05908501520752907 30
1762268800885 0.05883042886853218 31
1762268800905 0.05801519751548767 32
1762268800952 0.059876635670661926 33
1762268800971 0.0583893358707428 34
1762268801018 0.05735505744814873 35
1762268801054 0.05851496011018753 36
1762268801087 0.05854880064725876 37
1762268801138 0.055596549063920975 38
1762268801167 0.05517753213644028 39
1762268801202 0.05390257388353348 40
1762268801227 0.05375630408525467 41
1762268801258 0.05427372083067894 42
