1762268799781 0.3667711615562439 1
1762268799815 0.21412716805934906 2
1762268799845 0.15076324343681335 3
1762268799876 0.12018696218729019 4
1762268799903 0.10321608185768127 5
1762268799951 0.08967483043670654 6
1762268799993 0.08242680877447128 7
1762268800023 0.07840845733880997 8
1762268800062 0.07071661204099655 9
1762268800096 0.06834111362695694 10
1762268800117 0.06375128030776978 11
1762268800160 0.06645948439836502 12
1762268800185 0.061596792191267014 13
1762268800225 0.062102995812892914 14
1762268800244 0.06160277500748634 15
1762268800287 0.05954284965991974 16
1762268800327 0.059221915900707245 17
1762268800352 0.061433397233486176 18
1762268800388 0.06325190514326096 19
1762268800443 0.06371074914932251 20
1762268800498 0.06314500421285629 21
1762268800558 0.06192363426089287 22
1762268800611 0.06124505773186684 23
1762268800634 0.06042502820491791 24
1762268800681 0.06019103154540062 25
1762268800728 0.06135644018650055 26
1762268800769 0.05967939272522926 27
1762268800801 0.06154073774814606 28
1762268800821 0.056873682886362076 29
1762268800857 0.05908501520752907 30
1762268800889 0.05883042886853218 31
1762268800921 0.05801519751548767 32
1762268800952 0.059876635670661926 33
1762268800987 0.0583893358707428 34
1762268801018 0.05735505744814873 35
1762268801061 0.05851496011018753 36
1762268801087 0.05854880064725876 37
1762268801142 0.055596549063920975 38
1762268801167 0.05517753213644028 39
1762268801206 0.05390257388353348 40
1762268801227 0.05375630408525467 41
1762268801258 0.05427372083067894 42
