1762268799786 0.21380877494812012 1
1762268799819 0.0762784332036972 2
1762268799849 0.038741257041692734 3
1762268799880 0.024938153102993965 4
1762268799903 0.01911037042737007 5
1762268799958 0.015358656644821167 6
1762268799998 0.013193582184612751 7
1762268800030 0.011824605986475945 8
1762268800068 0.010013020597398281 9
1762268800100 0.009353364817798138 10
1762268800117 0.008442645892500877 11
1762268800164 0.008814690634608269 12
1762268800185 0.008062981069087982 13
1762268800228 0.00803356897085905 14
1762268800244 0.007860946469008923 15
1762268800291 0.007621925324201584 16
1762268800331 0.00755414180457592 17
1762268800352 0.007968397811055183 18
1762268800393 0.008220459334552288 19
1762268800449 0.00833052210509777 20
1762268800508 0.008300633169710636 21
1762268800562 0.008030163124203682 22
1762268800615 0.007870674133300781 23
1762268800650 0.007796400226652622 24
1762268800696 0.007853698916733265 25
1762268800728 0.007857474498450756 26
1762268800775 0.0076181464828550816 27
1762268800805 0.008196240290999413 28
1762268800821 0.0071059525944292545 29
1762268800861 0.0077202641405165195 30
1762268800893 0.007584735285490751 31
1762268800921 0.007247597444802523 32
1762268800952 0.007943447679281235 33
1762268800987 0.007511920761317015 34
1762268801018 0.007144037634134293 35
1762268801067 0.007547341287136078 36
1762268801103 0.007455180399119854 37
1762268801147 0.006974506191909313 38
1762268801167 0.006917624268680811 39
1762268801210 0.006812225095927715 40
1762268801227 0.006699127145111561 41
1762268801258 0.006789534352719784 42
