1762259962789 9.999999747378752e-06 1
1762259962812 5.949999831500463e-05 2
1762259962835 0.00010900000052060932 3
1762259962855 0.0001584999990882352 4
1762259962871 0.00020799999765586108 5
1762259962902 0.0002575000107754022 6
1762259962918 0.00030700000934302807 7
1762259962933 0.00035650000791065395 8
1762259962964 0.00040600000647827983 9
1762259962980 0.0004555000050459057 10
1762259963012 0.0005050000036135316 11
1762259963027 0.000554499973077327 12
1762259963057 0.0006040000007487833 13
1762259963080 0.0006535000284202397 14
1762259963102 0.0007029999978840351 15
1762259963121 0.0007525000255554914 16
1762259963137 0.0008019999950192869 17
1762259963169 0.0008515000226907432 18
1762259963184 0.0009009999921545386 19
1762259963200 0.000950500019825995 20
1762259963230 0.0010000000474974513 21
1762259963245 0.0009996530134230852 22
1762259963276 0.0009986128425225616 23
1762259963301 0.0009968808153644204 24
1762259963325 0.0009944597259163857 25
1762259963339 0.0009913534158840775 26
1762259963371 0.0009875664254650474 27
1762259963393 0.00098310480825603 28
1762259963402 0.0009779754327610135 29
1762259963437 0.00097218609880656 30
1762259963449 0.0009657457703724504 31
1762259963480 0.0009586644009687006 32
1762259963502 0.0009509529336355627 33
1762259963524 0.0009426231845282018 34
1762259963546 0.0009336880757473409 35
1762259963559 0.0009241613443009555 36
1762259963592 0.0009140576585195959 37
1762259963614 0.0009033926180563867 38
1762259963633 0.0008921826956793666 39
1762259963649 0.0008804451208561659 40
1762259963680 0.0008681980543769896 41
1762259963695 0.0008554603555239737 42
1762259963725 0.000842251640278846 43
1762259963746 0.0008285922813229263 44
1762259963769 0.0008145033498294652 45
1762259963777 0.0008000066154636443 46
1762259963808 0.0007851243717595935 47
1762259963837 0.0007698795525357127 48
1762259963855 0.0007542957318946719 49
1762259963881 0.0007383968913927674 50
1762259963902 0.0007222075364552438 51
1762259963924 0.0007057526963762939 52
1762259963947 0.0006890576332807541 53
1762259963969 0.00067214819137007 54
1762259963991 0.0006550503894686699 55
1762259964013 0.0006377906538546085 56
1762259964035 0.0006203955272212625 57
1762259964057 0.0006028918433003128 58
1762259964079 0.0005853066104464233 59
