1762259962750 0.37290239334106445 1
1762259962793 0.33802199363708496 2
1762259962816 0.2715844511985779 3
1762259962838 0.22021126747131348 4
1762259962855 0.1856907457113266 5
1762259962871 0.16217973828315735 6
1762259962902 0.14434023201465607 7
1762259962918 0.13315947353839874 8
1762259962949 0.12381535768508911 9
1762259962964 0.119328573346138 10
1762259962980 0.11201033741235733 11
1762259963015 0.10393951833248138 12
1762259963027 0.09965629875659943 13
1762259963061 0.0948372632265091 14
1762259963083 0.09216704219579697 15
1762259963105 0.08828859031200409 16
1762259963121 0.0844559445977211 17
1762259963137 0.08248697966337204 18
1762259963172 0.07885876297950745 19
1762259963184 0.07769161462783813 20
1762259963216 0.07613599300384521 21
1762259963230 0.07461436092853546 22
1762259963245 0.07182096689939499 23
1762259963276 0.07004918903112411 24
1762259963304 0.06947476416826248 25
1762259963328 0.06998573243618011 26
1762259963339 0.0681959018111229 27
1762259963374 0.06770352274179459 28
1762259963396 0.06614617258310318 29
1762259963418 0.06742162257432938 30
1762259963440 0.06615158170461655 31
1762259963449 0.0656953677535057 32
1762259963480 0.0647553876042366 33
1762259963506 0.06426504254341125 34
1762259963528 0.06496132910251617 35
1762259963549 0.06454523652791977 36
1762259963559 0.06515514850616455 37
1762259963595 0.06397968530654907 38
1762259963617 0.06342096626758575 39
1762259963633 0.06311947107315063 40
1762259963649 0.06270694732666016 41
1762259963680 0.06321610510349274 42
1762259963695 0.062203072011470795 43
1762259963728 0.06378616392612457 44
1762259963746 0.06281634420156479 45
1762259963773 0.06262015551328659 46
1762259963793 0.06229172274470329 47
1762259963808 0.062086522579193115 48
1762259963839 0.06182005628943443 49
1762259963855 0.06100207567214966 50
1762259963885 0.06191349774599075 51
1762259963902 0.06122281774878502 52
1762259963928 0.060169387608766556 53
1762259963949 0.06008443981409073 54
1762259963972 0.060896165668964386 55
1762259963994 0.060790300369262695 56
1762259964016 0.06097991764545441 57
1762259964038 0.06051693111658096 58
1762259964060 0.05958530306816101 59
