1762260644037 0.03963033854961395 1
1762260644037 0.012571761384606361 2
1762260644057 0.008897707797586918 3
1762260644064 0.007634345442056656 4
1762260644071 0.007199293002486229 5
1762260644078 0.0068885888904333115 6
1762260644085 0.006749661173671484 7
1762260644092 0.006674191448837519 8
1762260644098 0.006572428159415722 9
1762260644105 0.006521979812532663 10
1762260644112 0.00647816713899374 11
1762260644118 0.006393808871507645 12
1762260644125 0.006374938879162073 13
1762260644131 0.006362183019518852 14
1762260644138 0.006267117336392403 15
1762260644138 0.0062987604178488255 16
1762260644138 0.006196282804012299 17
1762260644154 0.006205356679856777 18
1762260644154 0.006170223467051983 19
1762260644170 0.006128571927547455 20
1762260644170 0.006090017966926098 21
1762260644170 0.006066002417355776 22
1762260644185 0.0060324473306536674 23
1762260644185 0.005976976826786995 24
1762260644201 0.006008682772517204 25
1762260644208 0.0059685613960027695 26
1762260644214 0.0059015159495174885 27
1762260644220 0.005890203174203634 28
1762260644224 0.005899542942643166 29
1762260644224 0.005803436506539583 30
1762260644224 0.00583020830526948 31
1762260644245 0.005776141304522753 32
1762260644252 0.005702493712306023 33
1762260644256 0.0057407645508646965 34
1762260644256 0.0056624156422913074 35
1762260644256 0.005666118580847979 36
1762260644272 0.005603794939815998 37
1762260644272 0.005618513096123934 38
1762260644287 0.005568442400544882 39
1762260644287 0.005563739221543074 40
1762260644287 0.005515659227967262 41
1762260644303 0.005567066837102175 42
1762260644303 0.005446173716336489 43
1762260644322 0.005490228999406099 44
1762260644328 0.005383130628615618 45
1762260644334 0.005438660271465778 46
1762260644340 0.005355427972972393 47
1762260644347 0.005369359161704779 48
1762260644350 0.005244306288659573 49
1762260644350 0.0052207293920218945 50
1762260644366 0.00519078504294157 51
1762260644366 0.0051455628126859665 52
1762260644366 0.0051398263312876225 53
1762260644381 0.005096136126667261 54
1762260644381 0.005015381146222353 55
1762260644397 0.005069202743470669 56
1762260644397 0.005016414914280176 57
1762260644397 0.004942871630191803 58
1762260644412 0.004946900997310877 59
1762260644412 0.004869316704571247 60
1762260644428 0.004888805560767651 61
1762260644434 0.004845730494707823 62
1762260644441 0.004832637961953878 63
1762260644447 0.004792296793311834 64
1762260644453 0.0048022884875535965 65
1762260644459 0.0047368332743644714 66
1762260644459 0.004716227296739817 67
1762260644459 0.004663309082388878 68
1762260644475 0.004638205748051405 69
1762260644475 0.004607398994266987 70
1762260644491 0.0045733400620520115 71
1762260644491 0.004526548087596893 72
1762260644491 0.004502859897911549 73
1762260644506 0.004479369148612022 74
1762260644506 0.0044327713549137115 75
1762260644523 0.004381910432130098 76
1762260644529 0.00437579583376646 77
1762260644535 0.004334012046456337 78
1762260644542 0.004292420111596584 79
1762260644548 0.004275254439562559 80
1762260644553 0.004303366411477327 81
1762260644553 0.004225419834256172 82
1762260644553 0.004222583957016468 83
1762260644569 0.0041173598729074 84
1762260644569 0.004130559973418713 85
1762260644584 0.004107154905796051 86
1762260644595 0.004070214927196503 87
1762260644601 0.004002863075584173 88
1762260644608 0.003997346851974726 89
1762260644614 0.003972429782152176 90
1762260644620 0.003912889398634434 91
1762260644622 0.003892040578648448 92
1762260644622 0.003900691634044051 93
1762260644638 0.0038733973633497953 94
1762260644638 0.0038038846105337143 95
1762260644638 0.0038677132688462734 96
1762260644653 0.003776582656428218 97
1762260644653 0.0038302724715322256 98
1762260644669 0.003699354827404022 99
1762260644669 0.0036638835445046425 100
