1762260254421 0.07006073743104935 1
1762260254441 0.020487872883677483 2
1762260254443 0.011365143582224846 3
1762260254455 0.00895739160478115 4
1762260254455 0.00799656007438898 5
1762260254455 0.007506418041884899 6
1762260254477 0.007222445216029882 7
1762260254483 0.007040186785161495 8
1762260254490 0.006954795215278864 9
1762260254496 0.006892660167068243 10
1762260254503 0.006836422719061375 11
1762260254505 0.0067689442075788975 12
1762260254505 0.0067719630897045135 13
1762260254523 0.006724845618009567 14
1762260254529 0.006714848801493645 15
1762260254536 0.006720660720020533 16
1762260254540 0.006695458199828863 17
1762260254540 0.006678875535726547 18
1762260254556 0.0066397604532539845 19
1762260254556 0.0066296933218836784 20
1762260254556 0.006597717292606831 21
1762260254572 0.006622374523431063 22
1762260254572 0.0065428102388978004 23
1762260254588 0.006496415939182043 24
1762260254595 0.006547418422996998 25
1762260254601 0.006557760760188103 26
1762260254607 0.006534412503242493 27
1762260254614 0.006518442649394274 28
1762260254620 0.006506490986794233 29
1762260254626 0.0065320935100317 30
1762260254633 0.00649034371599555 31
1762260254635 0.006489048711955547 32
1762260254635 0.0064350878819823265 33
1762260254651 0.0065092360600829124 34
1762260254651 0.006452974863350391 35
1762260254651 0.00647625932469964 36
1762260254666 0.006489265244454145 37
1762260254666 0.006472193636000156 38
1762260254683 0.006411230191588402 39
1762260254689 0.006429582368582487 40
1762260254695 0.006432321388274431 41
1762260254702 0.006426723208278418 42
1762260254708 0.006441776640713215 43
1762260254712 0.0064115626737475395 44
1762260254712 0.006403286475688219 45
1762260254712 0.00640126783400774 46
1762260254734 0.006424287334084511 47
1762260254740 0.006429602857679129 48
1762260254743 0.006399406120181084 49
1762260254743 0.006411841604858637 50
1762260254759 0.006377268582582474 51
1762260254759 0.006402585189789534 52
1762260254759 0.006380070000886917 53
1762260254777 0.006382031366229057 54
1762260254784 0.006351354997605085 55
1762260254790 0.006394985597580671 56
1762260254796 0.00633842870593071 57
1762260254802 0.006377540994435549 58
1762260254809 0.006367865018546581 59
1762260254815 0.0063895233906805515 60
1762260254821 0.006398723926395178 61
1762260254821 0.006370199844241142 62
1762260254821 0.006343754008412361 63
1762260254842 0.006343537010252476 64
1762260254849 0.006340148393064737 65
1762260254853 0.00634731724858284 66
1762260254853 0.006363656371831894 67
1762260254853 0.006332468707114458 68
1762260254869 0.006336629390716553 69
1762260254869 0.006357148755341768 70
1762260254884 0.006315466482192278 71
1762260254884 0.006334299221634865 72
1762260254900 0.006335036363452673 73
1762260254900 0.00632339296862483 74
1762260254900 0.006322945933789015 75
1762260254919 0.006295083090662956 76
1762260254925 0.006301799789071083 77
1762260254932 0.006289023905992508 78
1762260254932 0.006308345589786768 79
1762260254932 0.0063210842199623585 80
1762260254951 0.006296185776591301 81
1762260254957 0.006321112159639597 82
1762260254962 0.006285799667239189 83
1762260254962 0.006295766215771437 84
1762260254962 0.0062768119387328625 85
1762260254977 0.006296494044363499 86
1762260254977 0.006291791796684265 87
1762260254993 0.006298200227320194 88
1762260254993 0.00628014886751771 89
1762260255009 0.006292507518082857 90
1762260255009 0.0062787821516394615 91
1762260255009 0.006256100721657276 92
1762260255024 0.006258510518819094 93
1762260255024 0.006265365984290838 94
1762260255040 0.006256654858589172 95
1762260255047 0.006255109328776598 96
1762260255053 0.00623982772231102 97
1762260255059 0.006248122546821833 98
1762260255065 0.006246543955057859 99
1762260255071 0.006226418539881706 100
