1762259962773 0.21957102417945862 1
1762259962799 0.1807665228843689 2
1762259962822 0.1175149604678154 3
1762259962844 0.07841276377439499 4
1762259962855 0.055485840886831284 5
1762259962890 0.04243737459182739 6
1762259962902 0.033636171370744705 7
1762259962933 0.028781777247786522 8
1762259962955 0.024816447868943214 9
1762259962964 0.023059742525219917 10
1762259962995 0.020514367148280144 11
1762259963021 0.018265550956130028 12
1762259963044 0.01711028441786766 13
1762259963067 0.015751268714666367 14
1762259963084 0.014871379360556602 15
1762259963112 0.01391643937677145 16
1762259963121 0.012944012880325317 17
1762259963152 0.012381298467516899 18
1762259963178 0.01143586728721857 19
1762259963200 0.011226893402636051 20
1762259963222 0.010874609462916851 21
1762259963230 0.010448990389704704 22
1762259963261 0.009918023832142353 23
1762259963276 0.009536849334836006 24
1762259963312 0.009395196102559566 25
1762259963334 0.009571320377290249 26
1762259963355 0.00916461180895567 27
1762259963381 0.009095048531889915 28
1762259963402 0.00880647636950016 29
1762259963418 0.008994758129119873 30
1762259963446 0.008801338262856007 31
1762259963465 0.008741631172597408 32
1762259963480 0.008523693308234215 33
1762259963512 0.008408199064433575 34
1762259963534 0.008594974875450134 35
1762259963556 0.008471997454762459 36
1762259963574 0.008682938292622566 37
1762259963602 0.008464897982776165 38
1762259963617 0.008347134105861187 39
1762259963633 0.00830403994768858 40
1762259963664 0.008144908584654331 41
1762259963680 0.00828829687088728 42
1762259963712 0.008096410892903805 43
1762259963730 0.008417561650276184 44
1762259963746 0.008186797611415386 45
1762259963777 0.008257662877440453 46
1762259963793 0.008165012113749981 47
1762259963824 0.008161483332514763 48
1762259963839 0.008102969266474247 49
1762259963855 0.00790124386548996 50
1762259963887 0.008019685745239258 51
1762259963902 0.007978344336152077 52
1762259963934 0.0078074135817587376 53
1762259963949 0.007824281230568886 54
1762259963978 0.007920444011688232 55
1762259964000 0.007981717586517334 56
1762259964022 0.008012508973479271 57
1762259964044 0.007988499477505684 58
1762259964066 0.007816363126039505 59
