1762943960063 9.999999747378752e-06 1
1762943960108 5.949999831500463e-05 2
1762943960127 0.00010900000052060932 3
1762943960159 0.0001584999990882352 4
1762943960185 0.00020799999765586108 5
1762943960217 0.0002575000107754022 6
1762943960248 0.00030700000934302807 7
1762943960279 0.00035650000791065395 8
1762943960310 0.00040600000647827983 9
1762943960342 0.0004555000050459057 10
1762943960382 0.0005050000036135316 11
1762943960404 0.000554499973077327 12
1762943960436 0.0006040000007487833 13
1762943960471 0.0006535000284202397 14
1762943960504 0.0007029999978840351 15
