1762944053095 0.10625940561294556 1
1762944053107 0.040843281894922256 2
1762944053119 0.03641509264707565 3
1762944053122 0.03359149023890495 4
1762944053133 0.03310062736272812 5
1762944053149 0.031365081667900085 6
1762944053159 0.03248637542128563 7
1762944053168 0.0316629484295845 8
1762944053177 0.030700499191880226 9
1762944053183 0.03094760701060295 10
1762944053183 0.029921386390924454 11
1762944053199 0.029407113790512085 12
1762944053214 0.029760530218482018 13
1762944053214 0.030131498351693153 14
1762944053230 0.03062054142355919 15
1762944053246 0.02917790412902832 16
1762944053246 0.029585346579551697 17
1762944053261 0.029508965089917183 18
1762944053277 0.029421702027320862 19
1762944053277 0.028439218178391457 20
1762944053293 0.028151998296380043 21
1762944053293 0.02860630862414837 22
1762944053308 0.028819305822253227 23
1762944053327 0.028242873027920723 24
1762944053337 0.027494318783283234 25
1762944053341 0.02931702323257923 26
1762944053341 0.0287424698472023 27
1762944053357 0.027455607429146767 28
1762944053372 0.02754177711904049 29
1762944053372 0.026735320687294006 30
1762944053388 0.02789212390780449 31
1762944053404 0.026176853105425835 32
1762944053404 0.025961797684431076 33
1762944053424 0.026604127138853073 34
1762944053434 0.025380777195096016 35
1762944053444 0.02643490768969059 36
1762944053451 0.025275753811001778 37
1762944053451 0.0254039466381073 38
1762944053466 0.024721043184399605 39
1762944053466 0.024040445685386658 40
1762944053482 0.024603528901934624 41
1762944053497 0.024219004437327385 42
1762944053497 0.0251453947275877 43
1762944053513 0.024119898676872253 44
1762944053513 0.023473400622606277 45
1762944053529 0.023971686139702797 46
1762944053544 0.024348793551325798 47
1762944053560 0.023694753646850586 48
1762944053571 0.023426193743944168 49
1762944053583 0.02381827123463154 50
1762944053591 0.02368186227977276 51
1762944053591 0.0240838211029768 52
1762944053607 0.023764297366142273 53
1762944053622 0.02353546768426895 54
1762944053622 0.023352105170488358 55
1762944053638 0.023767367005348206 56
1762944053655 0.023149928078055382 57
1762944053664 0.02411906234920025 58
1762944053670 0.023347793146967888 59
1762944053670 0.023465793579816818 60
1762944053686 0.023353908210992813 61
1762944053686 0.023534487932920456 62
1762944053701 0.02402227185666561 63
1762944053717 0.02469119429588318 64
1762944053732 0.02454683743417263 65
1762944053752 0.02313658595085144 66
1762944053762 0.02319152280688286 67
1762944053771 0.02358200214803219 68
1762944053779 0.022860081866383553 69
1762944053779 0.023930726572871208 70
1762944053795 0.024066509678959846 71
1762944053795 0.02437778003513813 72
1762944053810 0.024794433265924454 73
1762944053810 0.02497418038547039 74
1762944053826 0.0246907789260149 75
1762944053842 0.024722231552004814 76
1762944053842 0.02382137067615986 77
1762944053857 0.0247963797301054 78
1762944053857 0.024086743593215942 79
1762944053876 0.023470336571335793 80
1762944053885 0.02253645472228527 81
1762944053888 0.023699486628174782 82
1762944053888 0.02411956526339054 83
1762944053904 0.024275019764900208 84
1762944053919 0.024911735206842422 85
1762944053919 0.02427384816110134 86
1762944053935 0.024104589596390724 87
1762944053951 0.025003347545862198 88
1762944053951 0.024075862020254135 89
1762944053966 0.024265240877866745 90
1762944053966 0.02452203258872032 91
1762944053982 0.02429109811782837 92
1762944053982 0.023980526253581047 93
1762944053998 0.023828795179724693 94
1762944054013 0.02409420907497406 95
1762944054013 0.024661418050527573 96
1762944054029 0.02455654926598072 97
