1762944142263 0.14531147480010986 1
1762944142283 0.03278214856982231 2
1762944142289 0.026322733610868454 3
1762944142289 0.02035747841000557 4
1762944142312 0.018361588940024376 5
1762944142321 0.016933027654886246 6
1762944142330 0.01652919128537178 7
1762944142339 0.016238002106547356 8
1762944142348 0.015416191890835762 9
1762944142358 0.014346949756145477 10
1762944142367 0.014078927226364613 11
1762944142376 0.014418616890907288 12
1762944142385 0.01377294771373272 13
1762944142388 0.013796030543744564 14
1762944142388 0.013005068525671959 15
1762944142404 0.012750433757901192 16
1762944142419 0.013627294450998306 17
1762944142419 0.01219224277883768 18
1762944142438 0.011957225389778614 19
1762944142447 0.01230356004089117 20
1762944142450 0.012247445993125439 21
1762944142450 0.012441073544323444 22
1762944142466 0.011447691358625889 23
1762944142481 0.011204428039491177 24
1762944142481 0.01084299385547638 25
1762944142497 0.011660689488053322 26
1762944142497 0.010662413202226162 27
1762944142513 0.011766706593334675 28
1762944142513 0.01080463919788599 29
1762944142528 0.011299224570393562 30
1762944142528 0.010771420784294605 31
1762944142544 0.011137301102280617 32
1762944142560 0.010362677276134491 33
1762944142560 0.010198527947068214 34
1762944142579 0.009869544766843319 35
1762944142589 0.010352039709687233 36
1762944142598 0.010569669306278229 37
1762944142607 0.010469692759215832 38
1762944142616 0.009748325683176517 39
1762944142621 0.01048619206994772 40
1762944142621 0.011681556701660156 41
1762944142636 0.010782548226416111 42
1762944142652 0.011086399666965008 43
1762944142661 0.010825718753039837 44
1762944142669 0.010654544457793236 45
1762944142669 0.011085142381489277 46
1762944142685 0.011189866811037064 47
1762944142685 0.011571130715310574 48
1762944142700 0.01119188405573368 49
1762944142700 0.011090013198554516 50
1762944142716 0.010925281792879105 51
1762944142732 0.011072967201471329 52
1762944142732 0.011133023537695408 53
1762944142748 0.010663874447345734 54
1762944142757 0.010727736167609692 55
1762944142766 0.010994494892656803 56
1762944142775 0.010465855710208416 57
1762944142778 0.010623868554830551 58
1762944142778 0.010678575374186039 59
1762944142794 0.010486320592463017 60
1762944142810 0.010481382720172405 61
1762944142810 0.01048647053539753 62
1762944142825 0.010713030584156513 63
1762944142825 0.010978175327181816 64
1762944142841 0.01098280306905508 65
1762944142857 0.010567279532551765 66
1762944142857 0.01055389828979969 67
1762944142872 0.010460468009114265 68
1762944142872 0.010536247864365578 69
1762944142888 0.011082300916314125 70
1762944142888 0.010844108648598194 71
1762944142903 0.010336460545659065 72
1762944142903 0.010685809887945652 73
1762944142919 0.010941054672002792 74
1762944142935 0.010866589844226837 75
1762944142935 0.010330072604119778 76
1762944142950 0.01121364627033472 77
1762944142950 0.011501356028020382 78
1762944142966 0.0112872663885355 79
1762944142966 0.01100702490657568 80
1762944142982 0.010444515384733677 81
1762944142997 0.010842323303222656 82
1762944142997 0.010943344794213772 83
1762944143013 0.010358771309256554 84
1762944143013 0.010422766208648682 85
1762944143028 0.009952419437468052 86
1762944143028 0.010739199817180634 87
1762944143044 0.011121178045868874 88
1762944143044 0.011053952388465405 89
1762944143060 0.010998130775988102 90
1762944143076 0.010971932671964169 91
1762944143087 0.01067658793181181 92
1762944143096 0.010801322758197784 93
1762944143105 0.010533761233091354 94
1762944143114 0.010577975772321224 95
1762944143121 0.010452387854456902 96
1762944143121 0.010272159241139889 97
1762944143142 0.010783347301185131 98
1762944143150 0.010583211667835712 99
1762944143159 0.01041356660425663 100
