1762943960045 0.8357661962509155 1
1762943960082 0.7064985036849976 2
1762943960112 0.5876026153564453 3
1762943960143 0.5140922665596008 4
1762943960159 0.48666372895240784 5
1762943960201 0.439704567193985 6
1762943960232 0.39505407214164734 7
1762943960263 0.3622390031814575 8
1762943960295 0.3288567066192627 9
1762943960310 0.2970975935459137 10
1762943960342 0.2558961808681488 11
1762943960386 0.24454404413700104 12
1762943960404 0.2252340465784073 13
1762943960436 0.21011926233768463 14
1762943960478 0.2015644609928131 15
