1762943960052 1.0853327512741089 1
1762943960091 0.7901320457458496 2
1762943960112 0.5356910824775696 3
1762943960143 0.4231882095336914 4
1762943960181 0.37425097823143005 5
1762943960201 0.3048691749572754 6
1762943960232 0.24885545670986176 7
1762943960263 0.21036511659622192 8
1762943960295 0.17155057191848755 9
1762943960326 0.1417732685804367 10
1762943960357 0.1044294610619545 11
1762943960394 0.09390605241060257 12
1762943960420 0.08114421367645264 13
1762943960451 0.07050023227930069 14
1762943960479 0.06420755386352539 15
