1762416662420 0.024698104709386826 1
1762416669883 0.008116122335195541 2
1762416670641 0.007263231556862593 3
1762416671381 0.006698956247419119 4
1762416672315 0.006601760629564524 5
1762416672714 0.006043621338903904 6
1762416675495 0.005950537975877523 7
1762416678746 0.005893277004361153 8
1762416679980 0.005747164599597454 9
1762416681249 0.005313597619533539 10
1762416694759 0.005113296210765839 11
1762416695056 0.005049272906035185 12
1762416696485 0.004960390739142895 13
1762416697919 0.004965412896126509 14
1762416699498 0.004817594308406115 15
1762416699873 0.0048250057734549046 16
1762416703185 0.004781004507094622 17
1762416706183 0.004794297739863396 18
1762416707713 0.004768904764205217 19
1762416709520 0.004885804373770952 20
