1762894262277 9.999999747378752e-05 1
1762894262322 0.0005949999904260039 2
1762894262351 0.0010900000343099236 3
1762894262367 0.0015849999617785215 4
1762894262399 0.0020800000056624413 5
1762894262436 0.002575000049546361 6
1762894262466 0.0030700000934302807 7
1762894262485 0.0035649999044835567 8
1762894262516 0.00406000018119812 9
1762894262551 0.004554999992251396 10
1762894262574 0.005049999803304672 11
1762894262611 0.005545000080019236 12
1762894262635 0.006039999891072512 13
1762894262667 0.006535000167787075 14
1762894262695 0.007029999978840351 15
1762894262725 0.007524999789893627 16
1762894262753 0.008019999600946903 17
1762894262777 0.008515000343322754 18
1762894262808 0.00901000015437603 19
