1762894262255 0.16680321097373962 1
1762894262291 0.11599086225032806 2
1762894262327 0.10394027084112167 3
1762894262352 0.10069256275892258 4
1762894262383 0.09923402965068817 5
1762894262399 0.09758982062339783 6
1762894262440 0.09565872699022293 7
1762894262471 0.09515022486448288 8
1762894262485 0.09455731511116028 9
1762894262516 0.09499504417181015 10
1762894262555 0.09402632713317871 11
1762894262574 0.09375125169754028 12
1762894262615 0.0943005308508873 13
1762894262635 0.09418070316314697 14
1762894262671 0.09349632263183594 15
1762894262700 0.09527694433927536 16
1762894262729 0.09429451823234558 17
1762894262757 0.0936775729060173 18
1762894262777 0.09370270371437073 19
1762894511918 0.021691948175430298 1
1762894511927 0.018919412046670914 2
1762894511937 0.018031038343906403 3
1762894511946 0.01774298958480358 4
1762894511950 0.017277367413043976 5
1762894511950 0.01696634478867054 6
1762894511966 0.017103424295783043 7
1762894511982 0.01628563366830349 8
1762894511990 0.01569114252924919 9
1762894511999 0.015756798908114433 10
1762894512007 0.015085467137396336 11
1762894512015 0.014518365263938904 12
1762894512016 0.014092773199081421 13
1762894512016 0.013455876149237156 14
1762894512031 0.01355584803968668 15
1762894512047 0.012532144784927368 16
1762894512047 0.012208075262606144 17
1762894512064 0.01203163992613554 18
1762894512073 0.011728118173778057 19
1762894512082 0.011107029393315315 20
1762894512082 0.011140956543385983 21
1762894512099 0.010844171978533268 22
1762894512109 0.01073248777538538 23
1762894512118 0.010546994395554066 24
1762894512126 0.010764130391180515 25
1762894512134 0.010303258895874023 26
1762894512142 0.010253949090838432 27
1762894512148 0.010174068622291088 28
1762894512148 0.010257532820105553 29
1762894512164 0.009919087402522564 30
1762894512164 0.01029281411319971 31
1762894512179 0.009699678048491478 32
1762894512179 0.00995598267763853 33
1762894512195 0.009911805391311646 34
1762894512195 0.009459500201046467 35
1762894512217 0.009551700204610825 36
1762894512225 0.009338483214378357 37
1762894512234 0.009025857783854008 38
1762894512242 0.009078235365450382 39
1762894512250 0.009136495180428028 40
1762894512258 0.008655400015413761 41
1762894512264 0.008902458474040031 42
1762894512264 0.008513757027685642 43
1762894512280 0.008658246137201786 44
1762894512280 0.008489631116390228 45
1762894512295 0.0083271199837327 46
1762894512295 0.008415321819484234 47
1762894512316 0.008016059175133705 48
1762895265770 0.014546084217727184 1
1762895265786 0.011900192126631737 2
1762895265792 0.011652347631752491 3
1762895265806 0.011342762969434261 4
1762895265810 0.011126045137643814 5
1762895265822 0.011023742146790028 6
1762895265822 0.010969389230012894 7
1762895265838 0.010799741372466087 8
1762895265838 0.01062545832246542 9
1762895265861 0.01050462294369936 10
1762895265869 0.009892589412629604 11
1762895265878 0.009791646152734756 12
1762895265887 0.009331041015684605 13
1762895265887 0.00916595384478569 14
1762895265902 0.008961272425949574 15
1762895265902 0.0089934803545475 16
1762895265918 0.008791737258434296 17
1762895265918 0.008671538904309273 18
1762895265935 0.008624687790870667 19
1762895265943 0.008512713015079498 20
1762895265951 0.008440575562417507 21
1762895265953 0.008385486900806427 22
1762895265953 0.008425544016063213 23
1762895265968 0.008369806222617626 24
1762895265984 0.008314766921103 25
1762895265984 0.00819774903357029 26
1762895266000 0.008245803415775299 27
1762895266000 0.008186199702322483 28
1762895266015 0.008175571449100971 29
1762895266015 0.008168713189661503 30
1762895266031 0.008110946044325829 31
1762895266031 0.008052108809351921 32
1762895266046 0.008069416508078575 33
1762895266046 0.008108377456665039 34
1762895266066 0.008064696565270424 35
1762895266075 0.008032836019992828 36
1762895266084 0.007928845472633839 37
1762895266093 0.007961058989167213 38
1762895266103 0.007894447073340416 39
1762895266111 0.007834948599338531 40
1762895266120 0.007870255038142204 41
1762895266128 0.00787347462028265 42
1762895266137 0.007812749594449997 43
1762895266145 0.007757576182484627 44
1762895266146 0.007738466840237379 45
1762895266146 0.007729113567620516 46
1762895266162 0.0077298302203416824 47
1762895266178 0.007711638230830431 48
1762895266178 0.007629880215972662 49
1762895266193 0.0076335943304002285 50
1762895266193 0.0075801280327141285 51
1762895266209 0.007600158918648958 52
1762895266209 0.007554131094366312 53
1762895266225 0.00759787717834115 54
1762895266225 0.007511429488658905 55
1762895266243 0.007538752630352974 56
1762895266251 0.007456522434949875 57
1762895266261 0.007488519884645939 58
1762895266269 0.007471201941370964 59
1762895266278 0.007440388668328524 60
1762895266286 0.007419729605317116 61
1762895266293 0.007372306194156408 62
1762895266302 0.007349372375756502 63
1762895266304 0.007399069145321846 64
1762895266304 0.0073720295913517475 65
1762895266320 0.007314204704016447 66
1762895266336 0.007351402193307877 67
1762895266336 0.007340325508266687 68
1762895266351 0.007313873618841171 69
1762895266351 0.00725138233974576 70
1762895266367 0.007258276455104351 71
1762895266367 0.0072867851704359055 72
1762895266382 0.007190973963588476 73
1762895266382 0.0072215949185192585 74
1762895266401 0.0072075556963682175 75
1762895266409 0.007184136193245649 76
1762895266411 0.007171806879341602 77
1762895266411 0.007123541086912155 78
1762895266427 0.007148710545152426 79
1762895266427 0.0071221631951630116 80
1762895266443 0.0071309274062514305 81
1762895266443 0.007094523403793573 82
1762895266458 0.00711752288043499 83
1762895266474 0.007059814408421516 84
1762895266474 0.007075810804963112 85
1762895266490 0.007040849886834621 86
1762895266498 0.007034216541796923 87
1762895266507 0.006996471434831619 88
1762895266515 0.006992966867983341 89
1762895266521 0.006994494237005711 90
1762895266521 0.006956563331186771 91
1762895266536 0.006926009897142649 92
1762895266536 0.006888259202241898 93
1762895266556 0.006971450988203287 94
1762895266564 0.006929801777005196 95
1762895266572 0.0068773566745221615 96
1762895266580 0.006860347464680672 97
1762895266588 0.006911146454513073 98
1762895266606 0.006826893426477909 99
1762895266615 0.006816267501562834 100
