1762894262257 0.16680321097373962 1
1762894262298 0.11599086225032806 2
1762894262331 0.10394027084112167 3
1762894262352 0.10069256275892258 4
1762894262383 0.09923402965068817 5
1762894262414 0.09758982062339783 6
1762894262444 0.09565872699022293 7
1762894262475 0.09515022486448288 8
1762894262500 0.09455731511116028 9
1762894262516 0.09499504417181015 10
1762894262558 0.09402632713317871 11
1762894262574 0.09375125169754028 12
1762894262619 0.0943005308508873 13
1762894262635 0.09418070316314697 14
1762894262675 0.09349632263183594 15
1762894262704 0.09527694433927536 16
1762894262733 0.09429451823234558 17
1762894262761 0.0936775729060173 18
1762894262777 0.09370270371437073 19
