1762894262257 0.05017480626702309 1
1762894262305 0.02595529705286026 2
1762894262335 0.020509077236056328 3
1762894262352 0.01927128992974758 4
1762894262383 0.01869302988052368 5
1762894262414 0.018211765214800835 6
1762894262449 0.017603114247322083 7
1762894262479 0.01744198054075241 8
1762894262500 0.0171061884611845 9
1762894262535 0.017183953896164894 10
1762894262558 0.016992656514048576 11
1762894262593 0.01681213267147541 12
1762894262623 0.016970597207546234 13
1762894262651 0.016855992376804352 14
1762894262679 0.016812674701213837 15
1762894262708 0.01720442809164524 16
1762894262737 0.017029445618391037 17
1762894262766 0.01677905209362507 18
1762894262793 0.016751935705542564 19
