1762332303412 0.016767354682087898 1
1762332303422 0.01128156017512083 2
1762332303430 0.010727682150900364 3
1762332303438 0.01056953240185976 4
1762332303446 0.010503497906029224 5
1762332303447 0.010252760723233223 6
1762332303447 0.009980539791285992 7
1762332303463 0.009989258833229542 8
1762332303463 0.009921155869960785 9
1762332303479 0.009964631870388985 10
1762332303479 0.009943030774593353 11
1762332303501 0.009779359214007854 12
1762332303508 0.009781934320926666 13
1762332303516 0.009801346808671951 14
1762332303524 0.00975768268108368 15
1762332303524 0.009845644235610962 16
1762332303540 0.009719778783619404 17
1762332303548 0.009618137963116169 18
1762332303554 0.009545143693685532 19
1762332303554 0.009711083956062794 20
1762332303570 0.009472984820604324 21
1762332303570 0.00967628974467516 22
1762332303586 0.009690748527646065 23
1762332303586 0.00912899523973465 24
1762332303601 0.009444795548915863 25
1762332303601 0.00921876821666956 26
1762332303619 0.009122492745518684 27
1762332303628 0.009032770060002804 28
1762332303636 0.008907902985811234 29
1762332303644 0.00885613914579153 30
1762332303653 0.008990061469376087 31
1762332303661 0.008745942264795303 32
1762332303663 0.008721115998923779 33
1762332303663 0.008314836770296097 34
1762332303679 0.008529521524906158 35
1762332303679 0.008349877782166004 36
1762332303695 0.008165131323039532 37
1762332303695 0.008166077546775341 38
1762332303710 0.00796686951071024 39
1762332303710 0.007957727648317814 40
1762332303726 0.007806720677763224 41
1762332303726 0.008227935060858727 42
1762332303748 0.007902665995061398 43
1762332303756 0.007791958283632994 44
1762332303764 0.007636973634362221 45
1762332303772 0.007786243688315153 46
1762332303780 0.0077022891491651535 47
1762332303788 0.0073088849894702435 48
1762332303795 0.007383028976619244 49
1762332303803 0.007303935009986162 50
1762332303811 0.007430835627019405 51
1762332303819 0.007326912600547075 52
1762332303827 0.007164897862821817 53
1762332303835 0.007239019963890314 54
1762332303843 0.007187672425061464 55
1762332303850 0.007191336248070002 56
1762332303858 0.007231550756841898 57
1762332303866 0.007070521824061871 58
1762332303874 0.007058208342641592 59
1762332303882 0.006883287336677313 60
1762332303883 0.006888529751449823 61
1762332303883 0.0067713516764342785 62
1762332303899 0.006688106805086136 63
1762332303899 0.006651297211647034 64
1762332303915 0.006791028659790754 65
1762332303915 0.006755969487130642 66
1762332303930 0.006923474371433258 67
1762332303930 0.00693859439343214 68
1762332303953 0.006832373794168234 69
1762332303961 0.006514443084597588 70
1762332303961 0.0065330383367836475 71
1762332303977 0.00647397618740797 72
1762332303985 0.006447059102356434 73
1762332303992 0.006805821787565947 74
1762332303992 0.006451607681810856 75
1762332304007 0.0066153001971542835 76
1762332304007 0.007284226361662149 77
1762332304023 0.00680846581235528 78
1762332304023 0.006754421163350344 79
1762332304039 0.006463267374783754 80
1762332304039 0.00645157415419817 81
1762332304055 0.006371129769831896 82
1762332304062 0.006475556641817093 83
1762332304071 0.006346401292830706 84
1762332304071 0.006257588975131512 85
1762332304086 0.006273385137319565 86
1762332304094 0.006754565052688122 87
1762332304101 0.006572742946445942 88
1762332304101 0.006683580577373505 89
1762332304117 0.006314681842923164 90
1762332304117 0.006262841168791056 91
1762332304133 0.006428697146475315 92
1762332304133 0.006270614918321371 93
