1762334642285 0.03267403319478035 1
1762334642294 0.008511337451636791 2
1762334642305 0.008101142942905426 3
1762334642310 0.007865618914365768 4
1762334642321 0.007703718263655901 5
1762334642321 0.0075679621659219265 6
1762334642341 0.007479789666831493 7
1762334642350 0.007375579793006182 8
1762334642357 0.007297230884432793 9
1762334642365 0.0072268894873559475 10
1762334642373 0.007168014068156481 11
1762334642381 0.007090867962688208 12
1762334642389 0.00704964529722929 13
1762334642397 0.007001145277172327 14
1762334642397 0.006959564983844757 15
1762334642413 0.006941560190171003 16
1762334642413 0.006959662772715092 17
1762334642429 0.00688130734488368 18
1762334642429 0.0068525951355695724 19
1762334642444 0.006825645919889212 20
1762334642452 0.00683986023068428 21
1762334642459 0.006773857865482569 22
1762334642459 0.006772832479327917 23
1762334642475 0.006755985785275698 24
1762334642475 0.006750467699021101 25
1762334642492 0.006707687862217426 26
1762334642500 0.00669757230207324 27
1762334642507 0.006697008851915598 28
1762334642507 0.00665436452254653 29
1762334642522 0.006631966680288315 30
1762334642522 0.006647233385592699 31
1762334642539 0.006598221603780985 32
1762334642547 0.006580076180398464 33
1762334642555 0.00657020416110754 34
1762334642563 0.006552505772560835 35
1762334642569 0.006553471554070711 36
1762334642569 0.006538029760122299 37
1762334642587 0.006521190050989389 38
1762334642595 0.0065110186114907265 39
1762334642603 0.006469540297985077 40
1762334642610 0.006446946877986193 41
1762334642619 0.006426300387829542 42
1762334642627 0.006375422701239586 43
1762334642636 0.006329251453280449 44
1762334642643 0.006324256770312786 45
1762334642651 0.006265940144658089 46
1762334642653 0.00621352344751358 47
1762334642653 0.006214644759893417 48
1762334642675 0.006166759878396988 49
1762334642683 0.00613486859947443 50
1762334642691 0.006105207838118076 51
1762334642698 0.006087374407798052 52
1762334642706 0.006103809457272291 53
1762334642714 0.005977364722639322 54
1762334642722 0.005909930448979139 55
1762334642726 0.005886416882276535 56
1762334642726 0.00583638995885849 57
1762334642742 0.0057996842078864574 58
1762334642742 0.005796668119728565 59
1762334642758 0.005697593558579683 60
1762334642758 0.005701967515051365 61
1762334642777 0.005622439086437225 62
1762334642785 0.005587283056229353 63
1762334642788 0.005531792063266039 64
1762334642788 0.0054892441257834435 65
1762334642803 0.005484444554895163 66
1762334642803 0.005399155896157026 67
1762334642819 0.005327081307768822 68
1762334642819 0.005352091044187546 69
1762334642835 0.005315734539180994 70
1762334642835 0.005307857878506184 71
1762334642851 0.005293734837323427 72
1762334642851 0.0052452003583312035 73
1762334642873 0.0052279820665717125 74
1762334642881 0.005106581375002861 75
1762334642889 0.005263491999357939 76
1762334642897 0.005192786920815706 77
1762334642904 0.00508245499804616 78
1762334642912 0.0050765941850841045 79
1762334642920 0.0050732893869280815 80
1762334642928 0.005063745658844709 81
1762334642936 0.005049085710197687 82
1762334642943 0.00500864814966917 83
1762334642944 0.005020455922931433 84
1762334642944 0.005059758201241493 85
1762334642960 0.004970701411366463 86
1762334642960 0.0049393814988434315 87
1762334642976 0.00493651581928134 88
1762334642976 0.004873596131801605 89
1762334642998 0.004841225687414408 90
1762334643005 0.004838048480451107 91
1762334643007 0.004773316904902458 92
1762334643007 0.0047879633493721485 93
1762334643029 0.004781312309205532 94
1762334643037 0.004754423629492521 95
1762334643045 0.00476659182459116 96
1762334643053 0.004739644471555948 97
1762334643053 0.004713208880275488 98
1762334643069 0.004694701638072729 99
1762334643069 0.0047118086367845535 100
