1762252748570 9.999999747378752e-06 1
1762252748600 5.949999831500463e-05 2
1762252748626 0.00010900000052060932 3
1762252748652 0.0001584999990882352 4
1762252748676 0.00020799999765586108 5
1762252748703 0.0002575000107754022 6
1762252748724 0.00030700000934302807 7
1762252748753 0.00035650000791065395 8
1762252748779 0.00040600000647827983 9
1762252748803 0.0004555000050459057 10
1762252748824 0.0005050000036135316 11
1762252748853 0.000554499973077327 12
1762252748880 0.0006040000007487833 13
1762252748903 0.0006535000284202397 14
1762252748923 0.0007029999978840351 15
1762252748958 0.0007525000255554914 16
1762252748983 0.0008019999950192869 17
1762252749009 0.0008515000226907432 18
1762252749034 0.0009009999921545386 19
1762252749053 0.000950500019825995 20
1762252749084 0.0010000000474974513 21
1762252749104 0.0009996530134230852 22
1762252749133 0.0009986128425225616 23
1762252749154 0.0009968808153644204 24
1762252749183 0.0009944597259163857 25
1762252749210 0.0009913534158840775 26
1762252749245 0.0009875664254650474 27
1762252749280 0.00098310480825603 28
1762252749317 0.0009779754327610135 29
1762252749348 0.00097218609880656 30
1762252749381 0.0009657457703724504 31
1762252749408 0.0009586644009687006 32
1762252749438 0.0009509529336355627 33
1762252749469 0.0009426231845282018 34
1762252749502 0.0009336880757473409 35
1762252749531 0.0009241613443009555 36
1762252749559 0.0009140576585195959 37
1762252749594 0.0009033926180563867 38
1762252749622 0.0008921826956793666 39
1762252749650 0.0008804451208561659 40
1762252749676 0.0008681980543769896 41
1762252749707 0.0008554603555239737 42
1762252749734 0.000842251640278846 43
1762252749764 0.0008285922813229263 44
1762252749791 0.0008145033498294652 45
1762252749821 0.0008000066154636443 46
1762252749853 0.0007851243717595935 47
1762252749879 0.0007698795525357127 48
1762252749914 0.0007542957318946719 49
1762252749945 0.0007383968913927674 50
1762252749979 0.0007222075364552438 51
1762252750013 0.0007057526963762939 52
1762252750045 0.0006890576332807541 53
1762252750073 0.00067214819137007 54
1762252750103 0.0006550503894686699 55
1762252750131 0.0006377906538546085 56
1762252750158 0.0006203955272212625 57
1762252750184 0.0006028918433003128 58
1762252750222 0.0005853066104464233 59
1762252750258 0.0005676668952219188 60
1762252750296 0.0005499999970197678 61
1762252750332 0.0005323330988176167 62
1762252750363 0.0005146933835931122 63
1762252750395 0.0004971081507392228 64
1762252750425 0.0004796044959221035 65
1762252750457 0.00046220936928875744 66
1762252750503 0.0004449495754670352 67
1762252750537 0.00042785180266946554 68
1762252750569 0.00041094236075878143 69
1762252750599 0.0003942473267670721 70
1762252750633 0.0003777924575842917 71
1762252750664 0.00036160313175059855 72
1762252750696 0.0003457042621448636 73
1762252750724 0.0003301204415038228 74
1762252750763 0.0003148756513837725 75
1762252750792 0.0002999934076797217 76
1762252750813 0.00028549664421007037 77
1762252750853 0.00027140771271660924 78
1762252750877 0.00025774838286451995 79
1762252750893 0.0002445396676193923 80
1762252750931 0.00023180195421446115 81
1762252750946 0.00021955487318336964 82
1762252750986 0.00020781731291208416 83
1762252751014 0.0001966073759831488 84
1762252751039 0.0001859423500718549 85
1762252751055 0.00017583867884241045 86
1762252751086 0.00016631193284410983 87
1762252751122 0.00015737679495941848 88
1762252751160 0.00014904706040397286 89
1762252751190 0.00014133557851891965 90
1762252751220 0.00013425420911516994 91
1762252751248 0.00012781389523297548 92
1762252751280 0.00012202456855447963 93
1762252751296 0.00011689514212775975 94
1762252751336 0.00011243353219470009 95
1762252751365 0.00010864662181120366 96
1762252751394 0.00010554024629527703 97
1762252751411 0.00010311919322703034 98
1762252751445 0.00010138720244867727 99
1762252751473 0.00010034693696070462 100
