1762252976127 0.021028056740760803 1
1762252976131 0.009824508801102638 2
1762252976131 0.008016749285161495 3
1762252976151 0.007150059565901756 4
1762252976158 0.006729551125317812 5
1762252976166 0.006438464391976595 6
1762252976174 0.006286646239459515 7
1762252976178 0.0062085711397230625 8
1762252976178 0.006155259907245636 9
1762252976197 0.006117403041571379 10
1762252976205 0.006125628482550383 11
1762252976213 0.00611259788274765 12
1762252976220 0.006095093209296465 13
1762252976227 0.006098753772675991 14
1762252976235 0.006065379362553358 15
1762252976242 0.006061992142349482 16
1762252976249 0.0060254307463765144 17
1762252976257 0.005999370012432337 18
1762252976264 0.006009078584611416 19
1762252976272 0.0060162656009197235 20
1762252976280 0.0060094138607382774 21
1762252976288 0.005995104089379311 22
1762252976301 0.005989468190819025 23
1762252976310 0.005984465591609478 24
1762252976319 0.00600114231929183 25
1762252976329 0.005972853396087885 26
1762252976337 0.005980832036584616 27
1762252976345 0.0059522236697375774 28
1762252976349 0.005991174373775721 29
1762252976362 0.005995224229991436 30
1762252976370 0.00597041193395853 31
1762252976379 0.0059549883008003235 32
1762252976379 0.005975321400910616 33
1762252976396 0.005951189901679754 34
1762252976403 0.0059662749990820885 35
1762252976410 0.005975118838250637 36
1762252976418 0.005948019213974476 37
1762252976425 0.005968558136373758 38
1762252976433 0.005958561319857836 39
1762252976440 0.005927398335188627 40
1762252976447 0.005941732786595821 41
1762252976455 0.005946467164903879 42
1762252976458 0.005932210478931665 43
1762252976458 0.005952932871878147 44
1762252976477 0.005931898485869169 45
1762252976484 0.0059593841433525085 46
1762252976491 0.005942729767411947 47
1762252976491 0.005916179623454809 48
1762252976491 0.005912257824093103 49
1762252976506 0.0059270104393363 50
1762252976506 0.005937589798122644 51
1762252976522 0.0059209163300693035 52
1762252976522 0.005916241556406021 53
1762252976538 0.005923396907746792 54
1762252976538 0.005936159752309322 55
1762252976555 0.005926457233726978 56
1762252976563 0.005903060548007488 57
1762252976567 0.005911155603826046 58
1762252976567 0.00591222895309329 59
1762252976585 0.00590521190315485 60
1762252976592 0.0058893198147416115 61
1762252976599 0.005897719878703356 62
1762252976599 0.005888887215405703 63
1762252976599 0.00588605459779501 64
1762252976615 0.005898869130760431 65
1762252976615 0.005879198666661978 66
1762252976631 0.0059003378264606 67
1762252976631 0.00588622409850359 68
1762252976646 0.005856028757989407 69
1762252976646 0.005833900533616543 70
1762252976664 0.005885993596166372 71
1762252976672 0.005856537260115147 72
1762252976677 0.005863458849489689 73
1762252976677 0.005844982340931892 74
1762252976694 0.00584469735622406 75
1762252976701 0.005816006567329168 76
1762252976708 0.005798358004540205 77
1762252976708 0.005838025361299515 78
1762252976708 0.0057884505949914455 79
1762252976730 0.005827611777931452 80
1762252976737 0.005825207103043795 81
1762252976745 0.005793632008135319 82
1762252976752 0.0058283149264752865 83
1762252976759 0.005786120891571045 84
1762252976766 0.0058263144455850124 85
1762252976773 0.005795626901090145 86
1762252976781 0.005773777607828379 87
1762252976787 0.005806509405374527 88
1762252976787 0.005779435858130455 89
1762252976802 0.005782350432127714 90
1762252976811 0.005753747653216124 91
1762252976818 0.005801122635602951 92
1762252976825 0.00576660456135869 93
1762252976832 0.005771023686975241 94
1762252976840 0.005762950982898474 95
1762252976847 0.005762603133916855 96
1762252976855 0.00576992891728878 97
1762252976862 0.0057558659464120865 98
1762252976870 0.00574970617890358 99
1762252976878 0.0057562850415706635 100
