1762252748549 0.3563455045223236 1
1762252748580 0.29022863507270813 2
1762252748607 0.239839568734169 3
1762252748633 0.18864373862743378 4
1762252748660 0.1423180103302002 5
1762252748683 0.1305149346590042 6
1762252748703 0.11766868084669113 7
1762252748734 0.10778340697288513 8
1762252748754 0.1012975350022316 9
1762252748787 0.09116218984127045 10
1762252748803 0.0814242735505104 11
1762252748833 0.07651788741350174 12
1762252748853 0.07049545645713806 13
1762252748887 0.06971454620361328 14
1762252748903 0.08434226363897324 15
1762252748933 0.07565806061029434 16
1762252748964 0.06545595824718475 17
1762252748983 0.06563214957714081 18
1762252749016 0.061854250729084015 19
1762252749034 0.059793621301651 20
1762252749066 0.05743495374917984 21
1762252749091 0.056286681443452835 22
1762252749114 0.05536387488245964 23
1762252749143 0.053746435791254044 24
1762252749169 0.05329110100865364 25
1762252749193 0.05185495689511299 26
1762252749221 0.05206139013171196 27
1762252749253 0.05058649182319641 28
1762252749293 0.04986314848065376 29
1762252749327 0.05018999055027962 30
1762252749359 0.050550736486911774 31
1762252749388 0.05077158287167549 32
1762252749417 0.04935692623257637 33
1762252749447 0.04866053909063339 34
1762252749479 0.04828279837965965 35
1762252749510 0.047664858400821686 36
1762252749539 0.047627754509449005 37
1762252749568 0.04743107035756111 38
1762252749602 0.04730658233165741 39
1762252749630 0.04754969850182533 40
1762252749657 0.0475911870598793 41
1762252749684 0.0472346656024456 42
1762252749715 0.046467967331409454 43
1762252749745 0.04678383097052574 44
1762252749772 0.046526093035936356 45
1762252749801 0.046931471675634384 46
1762252749830 0.0462297722697258 47
1762252749861 0.04644612967967987 48
1762252749884 0.0455702468752861 49
1762252749914 0.045981697738170624 50
1762252749954 0.04576331749558449 51
1762252749994 0.04520658776164055 52
1762252750024 0.04471360519528389 53
1762252750053 0.04497505724430084 54
1762252750084 0.04502192512154579 55
1762252750111 0.045040857046842575 56
1762252750139 0.04483449459075928 57
1762252750166 0.04431016370654106 58
1762252750200 0.044281501322984695 59
1762252750230 0.044434804469347 60
1762252750271 0.04417984187602997 61
1762252750304 0.044330235570669174 62
1762252750338 0.04391796514391899 63
1762252750371 0.04360801354050636 64
1762252750403 0.04377851262688637 65
1762252750434 0.0435037687420845 66
1762252750469 0.043286897242069244 67
1762252750516 0.04309142380952835 68
1762252750545 0.043381478637456894 69
1762252750577 0.04288118705153465 70
1762252750608 0.042824313044548035 71
1762252750644 0.04302460700273514 72
1762252750674 0.04307570308446884 73
1762252750708 0.04314146935939789 74
1762252750742 0.04303271695971489 75
1762252750773 0.04273468255996704 76
1762252750798 0.04269162565469742 77
1762252750834 0.04253731295466423 78
1762252750861 0.04264011234045029 79
1762252750877 0.04237349331378937 80
1762252750915 0.04228819161653519 81
1762252750931 0.042407188564538956 82
1762252750962 0.042369529604911804 83
1762252750995 0.04273675009608269 84
1762252751022 0.042191196233034134 85
1762252751039 0.0422276072204113 86
1762252751070 0.04216809198260307 87
1762252751104 0.0420977957546711 88
1762252751136 0.04236619919538498 89
1762252751170 0.04216484725475311 90
1762252751198 0.04233093932271004 91
1762252751228 0.04207976162433624 92
1762252751257 0.042123567312955856 93
1762252751292 0.0419912114739418 94
1762252751311 0.04242224991321564 95
1762252751336 0.042140860110521317 96
1762252751373 0.041818924248218536 97
1762252751395 0.0421520471572876 98
1762252751430 0.04187575355172157 99
1762252751445 0.0417083241045475 100
