1762252748553 0.18974006175994873 1
1762252748584 0.1252971589565277 2
1762252748612 0.09250588715076447 3
1762252748633 0.06058168038725853 4
1762252748664 0.03223994001746178 5
1762252748688 0.027084985747933388 6
1762252748713 0.02225680463016033 7
1762252748734 0.0192482341080904 8
1762252748764 0.017089830711483955 9
1762252748789 0.014218582771718502 10
1762252748814 0.012047852389514446 11
1762252748833 0.010954276658594608 12
1762252748863 0.009546666406095028 13
1762252748891 0.009430046193301678 14
1762252748913 0.013312009163200855 15
1762252748933 0.010787061415612698 16
1762252748964 0.008693203330039978 17
1762252748995 0.00879630632698536 18
1762252749020 0.007995465770363808 19
1762252749043 0.007709917612373829 20
1762252749070 0.007265245541930199 21
1762252749096 0.007113664411008358 22
1762252749114 0.006988544017076492 23
1762252749143 0.0068611325696110725 24
1762252749173 0.006712267640978098 25
1762252749197 0.006555014289915562 26
1762252749228 0.006553687155246735 27
1762252749255 0.006274254061281681 28
1762252749298 0.006231021136045456 29
1762252749331 0.00630925502628088 30
1762252749363 0.006330137141048908 31
1762252749392 0.00632039038464427 32
1762252749421 0.006215267349034548 33
1762252749452 0.006120928097516298 34
1762252749484 0.006058960687369108 35
1762252749514 0.005971938371658325 36
1762252749543 0.0059923334047198296 37
1762252749573 0.0059480443596839905 38
1762252749606 0.0059927827678620815 39
1762252749634 0.005924001801759005 40
1762252749662 0.0059789083898067474 41
1762252749688 0.005931877996772528 42
1762252749719 0.005866364575922489 43
1762252749749 0.005896066781133413 44
1762252749776 0.00584393460303545 45
1762252749805 0.005861848127096891 46
1762252749836 0.005847142543643713 47
1762252749863 0.005843437276780605 48
1762252749896 0.0057060900144279 49
1762252749924 0.005782896652817726 50
1762252749958 0.005735002923756838 51
1762252749996 0.005708949640393257 52
1762252750028 0.005628090351819992 53
1762252750053 0.005680229514837265 54
1762252750087 0.0056322901509702206 55
1762252750115 0.005663237534463406 56
1762252750142 0.005709669552743435 57
1762252750171 0.005584469996392727 58
1762252750203 0.005586168263107538 59
1762252750234 0.005572654772549868 60
1762252750274 0.00558196846395731 61
1762252750308 0.005589273292571306 62
1762252750347 0.005546094849705696 63
1762252750376 0.0055319988168776035 64
1762252750407 0.005553312599658966 65
1762252750439 0.005507201422005892 66
1762252750476 0.005494229029864073 67
1762252750520 0.005458852741867304 68
1762252750545 0.0055284579284489155 69
1762252750582 0.005438145715743303 70
1762252750613 0.005469667725265026 71
1762252750645 0.005506180226802826 72
1762252750680 0.005487838760018349 73
1762252750714 0.005510763730853796 74
1762252750746 0.005509715527296066 75
1762252750777 0.005405602045357227 76
1762252750798 0.0054651182144880295 77
1762252750837 0.0054842927493155 78
1762252750861 0.005479223560541868 79
1762252750893 0.005402171518653631 80
1762252750919 0.0054298341274261475 81
1762252750931 0.005467105656862259 82
1762252750962 0.00543591333553195 83
1762252750998 0.00549990963190794 84
1762252751025 0.005407458636909723 85
1762252751039 0.005410467740148306 86
1762252751070 0.00540544418618083 87
1762252751107 0.005419076420366764 88
1762252751143 0.0054590278305113316 89
1762252751174 0.005414746236056089 90
1762252751203 0.005475747864693403 91
1762252751232 0.005433190613985062 92
1762252751262 0.005459167994558811 93
1762252751296 0.0054579833522439 94
1762252751311 0.0055120550096035 95
1762252751336 0.005409848410636187 96
1762252751378 0.005409054923802614 97
1762252751395 0.0054437462240457535 98
1762252751434 0.005414584651589394 99
1762252751445 0.0053748879581689835 100
