1762264176056 9.999999747378752e-06 1
1762264176080 5.949999831500463e-05 2
1762264176099 0.00010900000052060932 3
1762264176126 0.0001584999990882352 4
1762264176148 0.00020799999765586108 5
1762264176167 0.0002575000107754022 6
1762264176183 0.00030700000934302807 7
1762264176216 0.00035650000791065395 8
1762264176229 0.00040600000647827983 9
1762264176261 0.0004555000050459057 10
1762264176284 0.0005050000036135316 11
1762264176300 0.000554499973077327 12
1762264176334 0.0006040000007487833 13
1762264176362 0.0006535000284202397 14
1762264176401 0.0007029999978840351 15
1762264176433 0.0007525000255554914 16
1762264176449 0.0008019999950192869 17
1762264176481 0.0008515000226907432 18
1762264176512 0.0009009999921545386 19
1762264176528 0.000950500019825995 20
1762264176578 0.0010000000474974513 21
1762264176604 0.0009996530134230852 22
1762264176620 0.0009986128425225616 23
1762264176651 0.0009968808153644204 24
1762264176667 0.0009944597259163857 25
1762264176698 0.0009913534158840775 26
1762264176713 0.0009875664254650474 27
1762264176748 0.00098310480825603 28
1762264176770 0.0009779754327610135 29
1762264176795 0.00097218609880656 30
1762264176818 0.0009657457703724504 31
1762264176833 0.0009586644009687006 32
1762264176864 0.0009509529336355627 33
1762264176880 0.0009426231845282018 34
1762264176913 0.0009336880757473409 35
1762264176933 0.0009241613443009555 36
1762264176948 0.0009140576585195959 37
1762264176982 0.0009033926180563867 38
1762264176995 0.0008921826956793666 39
1762264177029 0.0008804451208561659 40
1762264177053 0.0008681980543769896 41
1762264177080 0.0008554603555239737 42
1762264177106 0.000842251640278846 43
1762264177130 0.0008285922813229263 44
1762264177151 0.0008145033498294652 45
1762264177175 0.0008000066154636443 46
1762264177198 0.0007851243717595935 47
1762264177225 0.0007698795525357127 48
1762264177246 0.0007542957318946719 49
1762264177262 0.0007383968913927674 50
1762264177277 0.0007222075364552438 51
1762264177315 0.0007057526963762939 52
1762264177323 0.0006890576332807541 53
1762264177363 0.00067214819137007 54
1762264177384 0.0006550503894686699 55
1762264177411 0.0006377906538546085 56
1762264177433 0.0006203955272212625 57
1762264177465 0.0006028918433003128 58
1762264177480 0.0005853066104464233 59
1762264177517 0.0005676668952219188 60
1762264177541 0.0005499999970197678 61
1762264177566 0.0005323330988176167 62
1762264177589 0.0005146933835931122 63
1762264177616 0.0004971081507392228 64
1762264177632 0.0004796044959221035 65
1762264177665 0.00046220936928875744 66
1762264177683 0.0004449495754670352 67
1762264177698 0.00042785180266946554 68
1762264177730 0.00041094236075878143 69
1762264177754 0.0003942473267670721 70
1762264177777 0.0003777924575842917 71
1762264177792 0.00036160313175059855 72
1762264177839 0.0003457042621448636 73
1762264177870 0.0003301204415038228 74
1762264177903 0.0003148756513837725 75
1762264177918 0.0002999934076797217 76
1762264177934 0.00028549664421007037 77
1762264177971 0.00027140771271660924 78
1762264177979 0.00025774838286451995 79
1762264178011 0.0002445396676193923 80
1762264178027 0.00023180195421446115 81
1762264178060 0.00021955487318336964 82
1762264178083 0.00020781731291208416 83
1762264178107 0.0001966073759831488 84
1762264178120 0.0001859423500718549 85
1762264178151 0.00017583867884241045 86
1762264178175 0.00016631193284410983 87
1762264178198 0.00015737679495941848 88
1762264178220 0.00014904706040397286 89
1762264178229 0.00014133557851891965 90
1762264178260 0.00013425420911516994 91
1762264178276 0.00012781389523297548 92
1762264178307 0.00012202456855447963 93
1762264178323 0.00011689514212775975 94
1762264178338 0.00011243353219470009 95
1762264178370 0.00010864662181120366 96
1762264178399 0.00010554024629527703 97
