1762264176031 0.3718513548374176 1
1762264176060 0.33667874336242676 2
1762264176084 0.27419164776802063 3
1762264176099 0.2144361287355423 4
1762264176129 0.17952129244804382 5
1762264176152 0.1610630452632904 6
1762264176167 0.14251679182052612 7
1762264176183 0.13549873232841492 8
1762264176219 0.12763214111328125 9
1762264176229 0.12079321593046188 10
1762264176261 0.11576955765485764 11
1762264176288 0.11286504566669464 12
1762264176300 0.10773729532957077 13
1762264176338 0.10352808982133865 14
1762264176368 0.09761417657136917 15
1762264176401 0.09549728035926819 16
1762264176437 0.09076081961393356 17
1762264176466 0.08734438568353653 18
1762264176481 0.0833720937371254 19
1762264176512 0.08064671605825424 20
1762264176547 0.07800934463739395 21
1762264176583 0.07892092317342758 22
1762264176604 0.07568671554327011 23
1762264176635 0.07531040161848068 24
1762264176651 0.07417671382427216 25
1762264176682 0.07437736541032791 26
1762264176698 0.07287314534187317 27
1762264176713 0.07258440554141998 28
1762264176751 0.07272723317146301 29
1762264176774 0.07150224596261978 30
1762264176798 0.07157717645168304 31
1762264176821 0.07164271920919418 32
1762264176849 0.07091745734214783 33
1762264176864 0.07015252113342285 34
1762264176880 0.07046730816364288 35
1762264176916 0.07016043365001678 36
1762264176933 0.07042152434587479 37
1762264176948 0.07000606507062912 38
1762264176986 0.06812300533056259 39
1762264176995 0.06899867951869965 40
1762264177032 0.06906118243932724 41
1762264177057 0.0679720938205719 42
1762264177083 0.06767579913139343 43
1762264177110 0.06901863217353821 44
1762264177133 0.06776805222034454 45
1762264177151 0.067583829164505 46
1762264177179 0.06825613230466843 47
1762264177202 0.06743636727333069 48
1762264177228 0.0675436332821846 49
1762264177246 0.06658807396888733 50
1762264177262 0.06694243848323822 51
1762264177293 0.06653617322444916 52
1762264177318 0.06657758355140686 53
1762264177342 0.06508642435073853 54
1762264177366 0.06486161053180695 55
1762264177384 0.06470195949077606 56
1762264177416 0.06398116052150726 57
1762264177433 0.06477586925029755 58
1762264177465 0.06397847086191177 59
1762264177496 0.0636775866150856 60
1762264177521 0.06364265829324722 61
1762264177542 0.06334291398525238 62
1762264177570 0.0630720779299736 63
1762264177589 0.0628882646560669 64
1762264177616 0.06286066770553589 65
1762264177632 0.061803530901670456 66
1762264177667 0.06228606030344963 67
1762264177683 0.061838358640670776 68
1762264177698 0.061865754425525665 69
1762264177730 0.06202089786529541 70
1762264177758 0.061211347579956055 71
1762264177780 0.06062987074255943 72
1762264177808 0.061239492148160934 73
1762264177839 0.06104669347405434 74
1762264177884 0.06007368490099907 75
1762264177906 0.060176655650138855 76
1762264177918 0.060354288667440414 77
1762264177950 0.0599222369492054 78
1762264177974 0.060073692351579666 79
1762264177997 0.060640402138233185 80
1762264178011 0.06030835583806038 81
1762264178027 0.0598573163151741 82
1762264178063 0.05940626189112663 83
1762264178086 0.05981992930173874 84
1762264178111 0.05933380499482155 85
1762264178120 0.059168774634599686 86
1762264178151 0.05944649502635002 87
1762264178178 0.05939396098256111 88
1762264178201 0.059363313019275665 89
1762264178223 0.0592203214764595 90
1762264178245 0.05928028002381325 91
1762264178260 0.059603672474622726 92
1762264178276 0.059090957045555115 93
1762264178307 0.05913297086954117 94
1762264178323 0.05851588398218155 95
1762264178354 0.0587492473423481 96
1762264178370 0.0588604211807251 97
