1762264546784 0.05904288962483406 1
1762264546805 0.01790025271475315 2
1762264546807 0.011147861368954182 3
1762264546819 0.009086360223591328 4
1762264546819 0.008193990215659142 5
1762264546834 0.007806111127138138 6
1762264546842 0.0074993339367210865 7
1762264546849 0.007394006010144949 8
1762264546857 0.007276523858308792 9
1762264546864 0.007240154780447483 10
1762264546868 0.007184869144111872 11
1762264546868 0.00714070163667202 12
1762264546885 0.0071283867582678795 13
1762264546892 0.00710594467818737 14
1762264546899 0.007080419920384884 15
1762264546907 0.007080455310642719 16
1762264546914 0.007098769303411245 17
1762264546914 0.007070833817124367 18
1762264546961 0.007058200426399708 19
1762264546977 0.0070763020776212215 20
1762264546992 0.0070607950910925865 21
1762264546992 0.007028236519545317 22
1762264547008 0.007059422321617603 23
1762264547023 0.007055880036205053 24
1762264547039 0.007041006349027157 25
1762264547039 0.007023965008556843 26
1762264547055 0.007031682878732681 27
1762264547070 0.00702388770878315 28
1762264547070 0.007009210996329784 29
1762264547092 0.006967044435441494 30
1762264547098 0.006987748201936483 31
1762264547102 0.0069830832071602345 32
1762264547102 0.006967642810195684 33
1762264547118 0.006949427537620068 34
1762264547118 0.006941447965800762 35
1762264547118 0.006934440229088068 36
1762264547133 0.00694049708545208 37
1762264547133 0.006945980247110128 38
1762264547149 0.006925744935870171 39
1762264547149 0.006914165336638689 40
1762264547149 0.006920167710632086 41
1762264547165 0.006923258770257235 42
1762264547165 0.0069086626172065735 43
1762264547180 0.006930899806320667 44
1762264547180 0.006889942567795515 45
1762264547196 0.006891795899719 46
1762264547203 0.006888595875352621 47
1762264547209 0.006893022917211056 48
1762264547211 0.006852920167148113 49
1762264547211 0.006834522821009159 50
1762264547227 0.006842616479843855 51
1762264547227 0.0068375361151993275 52
1762264547243 0.006830571684986353 53
1762264547249 0.00683116028085351 54
1762264547256 0.006827500183135271 55
1762264547258 0.006821827497333288 56
1762264547258 0.006799479480832815 57
1762264547273 0.006816672161221504 58
1762264547273 0.0068185036070644855 59
1762264547289 0.006802976597100496 60
1762264547296 0.00681862561032176 61
1762264547302 0.006797321606427431 62
1762264547309 0.006788122002035379 63
1762264547315 0.006798352114856243 64
1762264547321 0.006792581174522638 65
1762264547321 0.006786728277802467 66
1762264547321 0.0067719449289143085 67
1762264547337 0.006807488389313221 68
1762264547337 0.006777578499168158 69
1762264547356 0.006783092860132456 70
1762264547363 0.00679761404171586 71
1762264547370 0.006769883446395397 72
1762264547376 0.006779003422707319 73
1762264547383 0.0067542134784162045 74
1762264547390 0.0067480336874723434 75
1762264547396 0.00674145482480526 76
1762264547404 0.006740647833794355 77
1762264547414 0.006719473283737898 78
1762264547421 0.006747866049408913 79
1762264547429 0.006733871065080166 80
1762264547431 0.0067213973961770535 81
1762264547446 0.006739339791238308 82
1762264547446 0.006711697205901146 83
1762264547462 0.006704139988869429 84
1762264547462 0.006721637677401304 85
1762264547462 0.006694088689982891 86
1762264547478 0.006672422401607037 87
1762264547478 0.00668037123978138 88
1762264547493 0.006663138512521982 89
1762264547493 0.006688916590064764 90
1762264547509 0.006689921487122774 91
1762264547509 0.006659248843789101 92
1762264547530 0.006654701195657253 93
1762264547537 0.006647754926234484 94
1762264547539 0.006646372843533754 95
1762264547539 0.006621317006647587 96
1762264547554 0.006640767678618431 97
1762264547554 0.006619027815759182 98
1762264547570 0.0066041285172104836 99
1762264547570 0.006602214649319649 100
