1762265551473 0.025415904819965363 1
1762265551481 0.010665242560207844 2
1762265551487 0.008423814550042152 3
1762265551487 0.007534983102232218 4
1762265551504 0.007083405740559101 5
1762265551512 0.006828944198787212 6
1762265551518 0.006687271874397993 7
1762265551525 0.006584858521819115 8
1762265551532 0.006528585217893124 9
1762265551537 0.006447597406804562 10
1762265551537 0.006437218282371759 11
1762265551537 0.00639624148607254 12
1762265551557 0.006364332977682352 13
1762265551564 0.006346127483993769 14
1762265551570 0.006329334806650877 15
1762265551577 0.006264456547796726 16
1762265551583 0.00627377163618803 17
1762265551590 0.00621527386829257 18
1762265551595 0.006196692585945129 19
1762265551595 0.00614608358591795 20
1762265551595 0.006118340417742729 21
1762265551615 0.0061393496580421925 22
1762265551622 0.006086490582674742 23
1762265551625 0.006050022318959236 24
1762265551625 0.006035765167325735 25
1762265551641 0.005988388787955046 26
1762265551641 0.005959441419690847 27
1762265551656 0.005972693674266338 28
1762265551662 0.005940081086009741 29
1762265551669 0.005927480291575193 30
1762265551676 0.005899724550545216 31
1762265551682 0.005919171031564474 32
1762265551688 0.005858822260051966 33
1762265551688 0.005838684272021055 34
1762265551688 0.005824137944728136 35
1762265551703 0.005813059862703085 36
1762265551703 0.005756672006100416 37
1762265551721 0.00580070074647665 38
1762265551727 0.005785337183624506 39
1762265551734 0.005757959093898535 40
1762265551735 0.005762771237641573 41
1762265551735 0.00571444071829319 42
1762265551751 0.005750195123255253 43
1762265551751 0.005680185742676258 44
1762265551751 0.005691126920282841 45
1762265551766 0.005672307685017586 46
1762265551766 0.005686962511390448 47
1762265551786 0.005653148051351309 48
1762265551792 0.0056559364311397076 49
1762265551799 0.0056475382298231125 50
1762265551805 0.00563424127176404 51
1762265551812 0.005599522031843662 52
1762265551812 0.005552974995225668 53
1762265551812 0.005551609210669994 54
1762265551832 0.005521511659026146 55
1762265551838 0.005547256208956242 56
1762265551845 0.0055355653166770935 57
1762265551852 0.005489536561071873 58
1762265551858 0.005500000435858965 59
1762265551865 0.005459790118038654 60
1762265551871 0.005454231519252062 61
1762265551878 0.00543721579015255 62
1762265551885 0.005392557941377163 63
1762265551891 0.00537806237116456 64
1762265551898 0.0053547401912510395 65
1762265551904 0.005362763535231352 66
1762265551911 0.00534002436324954 67
1762265551917 0.005320993717759848 68
1762265551924 0.005294285714626312 69
1762265551931 0.005260862875729799 70
1762265551937 0.0052320389077067375 71
1762265551943 0.00523770647123456 72
1762265551950 0.005221913568675518 73
1762265551956 0.00518581410869956 74
1762265551963 0.005159185267984867 75
1762265551969 0.005118826869875193 76
1762265551969 0.005103926174342632 77
1762265551969 0.005082281772047281 78
1762265551985 0.005046430509537458 79
1762265551985 0.005087265744805336 80
1762265552000 0.0050490605644881725 81
1762265552000 0.005040532909333706 82
1762265552000 0.004974966403096914 83
1762265552016 0.004960374440997839 84
1762265552016 0.005004455801099539 85
1762265552031 0.004941990599036217 86
1762265552031 0.004950548522174358 87
1762265552031 0.004988026339560747 88
1762265552052 0.004947341978549957 89
1762265552059 0.004856126382946968 90
1762265552063 0.004827871918678284 91
1762265552063 0.004802521783858538 92
1762265552063 0.004767043981701136 93
1762265552079 0.004764827899634838 94
1762265552079 0.004774605389684439 95
1762265552095 0.0047011724673211575 96
1762265552095 0.004737301729619503 97
1762265552110 0.00475200405344367 98
1762265552110 0.004689026158303022 99
1762265552110 0.0046624960377812386 100
