1762264176037 0.21523208916187286 1
1762264176067 0.1756681352853775 2
1762264176090 0.12008912861347198 3
1762264176099 0.07450346648693085 4
1762264176135 0.052425190806388855 5
1762264176158 0.04207316413521767 6
1762264176167 0.03307788074016571 7
1762264176199 0.029761696234345436 8
1762264176226 0.02645193599164486 9
1762264176245 0.023680873215198517 10
1762264176271 0.021992305293679237 11
1762264176294 0.020912202075123787 12
1762264176317 0.019177863374352455 13
1762264176338 0.017769942060112953 14
1762264176370 0.016160205006599426 15
1762264176401 0.015567594207823277 16
1762264176445 0.01429210789501667 17
1762264176474 0.013568650931119919 18
1762264176496 0.012552738189697266 19
1762264176528 0.011947245337069035 20
1762264176556 0.011258669197559357 21
1762264176588 0.011530513875186443 22
1762264176604 0.010814023204147816 23
1762264176635 0.010742908343672752 24
1762264176667 0.010476750321686268 25
1762264176682 0.010377665981650352 26
1762264176698 0.010232598520815372 27
1762264176729 0.010023906826972961 28
1762264176757 0.010058829560875893 29
1762264176777 0.009823945350944996 30
1762264176805 0.009902849793434143 31
1762264176827 0.009828448295593262 32
1762264176849 0.009764403104782104 33
1762264176864 0.009626281447708607 34
1762264176900 0.00957024097442627 35
1762264176917 0.009569671005010605 36
1762264176933 0.009645462967455387 37
1762264176964 0.009498861618340015 38
1762264176992 0.00920306146144867 39
1762264177010 0.009370220825076103 40
1762264177038 0.009366770274937153 41
1762264177065 0.009149880148470402 42
1762264177090 0.009085352532565594 43
1762264177117 0.00934542901813984 44
1762264177135 0.009167135693132877 45
1762264177151 0.00897193606942892 46
1762264177185 0.009269880130887032 47
1762264177209 0.009036391973495483 48
1762264177235 0.009086516685783863 49
1762264177246 0.008915544487535954 50
1762264177277 0.009041152894496918 51
1762264177293 0.008947307243943214 52
1762264177323 0.008935538120567799 53
1762264177349 0.008747034706175327 54
1762264177373 0.008636415004730225 55
1762264177384 0.008607177063822746 56
1762264177417 0.008453554473817348 57
1762264177451 0.008654364384710789 58
1762264177465 0.008454886265099049 59
1762264177496 0.008370555005967617 60
1762264177528 0.008462036028504372 61
1762264177542 0.008345519192516804 62
1762264177579 0.008329782634973526 63
1762264177601 0.008312801830470562 64
1762264177616 0.008350749500095844 65
1762264177651 0.008155259303748608 66
1762264177667 0.008153889328241348 67
1762264177683 0.008121378719806671 68
1762264177714 0.0081644207239151 69
1762264177730 0.008189884014427662 70
1762264177760 0.008113819174468517 71
1762264177792 0.007969312369823456 72
1762264177808 0.008107449859380722 73
1762264177861 0.00809138361364603 74
1762264177890 0.007826697081327438 75
1762264177913 0.007924898527562618 76
1762264177934 0.007981771603226662 77
1762264177950 0.007873956114053726 78
1762264177979 0.007940461859107018 79
1762264178003 0.008104881271719933 80
1762264178011 0.007987900637090206 81
1762264178043 0.007959502749145031 82
1762264178070 0.007825116626918316 83
1762264178093 0.007964462973177433 84
1762264178118 0.007829725742340088 85
1762264178135 0.007848058827221394 86
1762264178151 0.00795129593461752 87
1762264178185 0.007883957587182522 88
1762264178207 0.007858311757445335 89
1762264178229 0.007849465124309063 90
1762264178245 0.007861105725169182 91
1762264178260 0.007931574247777462 92
1762264178291 0.007821439765393734 93
1762264178307 0.007847119122743607 94
1762264178338 0.007749179843813181 95
1762264178354 0.0077985492534935474 96
1762264178386 0.007834580726921558 97
