1762527991510 4.999999873689376e-05 1
1762527991541 0.00029749999521300197 2
1762527991574 0.0005450000171549618 3
1762527991606 0.0007924999808892608 4
1762527991635 0.0010400000028312206 5
1762527991663 0.0012875000247731805 6
1762527991691 0.0015350000467151403 7
1762527991708 0.0017824999522417784 8
1762527991742 0.00203000009059906 9
1762527991776 0.002277499996125698 10
1762527991804 0.002524999901652336 11
1762527991833 0.002772500040009618 12
1762527991874 0.003019999945536256 13
1762527991908 0.0032675000838935375 14
1762527991936 0.0035149999894201756 15
1762527991966 0.0037624998949468136 16
1762527991998 0.004009999800473452 17
1762527992026 0.004257500171661377 18
1762527992059 0.004505000077188015 19
1762527992088 0.004752499982714653 20
1762527992118 0.004999999888241291 21
1762527992148 0.00499826529994607 22
1762527992174 0.004993063863366842 23
1762527992201 0.00498440396040678 24
1762527992231 0.004972298629581928 25
1762527992260 0.004956766963005066 26
1762527992289 0.004937832243740559 27
1762527992319 0.004915524274110794 28
1762527992350 0.004889877047389746 29
1762527992379 0.004860930610448122 30
1762527992409 0.00482872873544693 31
1762527992437 0.004793322179466486 32
1762527992460 0.0047547644935548306 33
1762527992494 0.004713116213679314 34
1762527992523 0.004668440204113722 35
1762527992560 0.004620806779712439 36
