1762528186417 0.011294178664684296 1
1762528186451 0.006049655843526125 2
1762528186461 0.005604482255876064 3
1762528186470 0.005354687571525574 4
1762528186479 0.005215643905103207 5
1762528186487 0.005141974426805973 6
1762528186494 0.0050962092354893684 7
1762528186503 0.005051831714808941 8
1762528186511 0.005013355053961277 9
1762528186517 0.00496990280225873 10
1762528186517 0.004952802322804928 11
1762528186534 0.004937492311000824 12
1762528186542 0.004915281664580107 13
1762528186550 0.004897517152130604 14
1762528186559 0.004891504067927599 15
1762528186567 0.004877434577792883 16
1762528186575 0.004877415951341391 17
1762528186583 0.004842196591198444 18
1762528186584 0.004844272043555975 19
1762528186584 0.004848194774240255 20
1762528186599 0.004821480717509985 21
1762528186599 0.004829986486583948 22
1762528186622 0.004806028679013252 23
1762528186623 0.00480534927919507 24
1762528186623 0.004802142269909382 25
1762528186639 0.004781832452863455 26
1762528186650 0.004770523868501186 27
1762528186650 0.00477755069732666 28
1762528186665 0.004761111922562122 29
1762528186665 0.004766639322042465 30
1762528186688 0.004754115827381611 31
1762528186696 0.004757541231811047 32
1762528186704 0.004733551759272814 33
1762528186712 0.004746603779494762 34
1762528186717 0.004716542083770037 35
1762528186717 0.0047060828655958176 36
1762528186736 0.0047294083051383495 37
1762528186745 0.004688371904194355 38
1762528186752 0.00467175105586648 39
1762528186760 0.004703706130385399 40
1762528186768 0.00468495674431324 41
1762528186776 0.004671180155128241 42
1762528186780 0.004640665370970964 43
1762528186780 0.00462717330083251 44
1762528186795 0.004656507167965174 45
1762528186801 0.00462761614471674 46
1762528186801 0.004618353210389614 47
1762528186823 0.004624048713594675 48
1762528186831 0.004606264177709818 49
1762528186839 0.004568719770759344 50
1762528186842 0.004565547686070204 51
1762528186851 0.004601374734193087 52
1762528186851 0.004572409670799971 53
1762528186867 0.004566210322082043 54
1762528186867 0.004553277511149645 55
1762528186883 0.004537870176136494 56
1762528186883 0.004528175573796034 57
1762528186901 0.004555771127343178 58
1762528186909 0.00454426696524024 59
1762528186917 0.004466632381081581 60
1762528186926 0.004487099125981331 61
1762528186934 0.004474360030144453 62
1762528186942 0.004494409542530775 63
1762528186949 0.0044690268114209175 64
1762528186954 0.0044441563077270985 65
1762528186954 0.004455446731299162 66
1762528186973 0.004448771011084318 67
1762528186981 0.004406964872032404 68
1762528186990 0.004392822273075581 69
1762528186998 0.004417468328028917 70
1762528187006 0.004348427057266235 71
1762528187014 0.004409274086356163 72
1762528187022 0.004400144796818495 73
1762528187030 0.004310866352170706 74
1762528187034 0.004347195848822594 75
1762528187034 0.004337129648774862 76
1762528187053 0.004346179310232401 77
1762528187060 0.00434052012860775 78
1762528187060 0.004357787314802408 79
1762528187076 0.004292442928999662 80
1762528187076 0.004311924800276756 81
1762528187092 0.004305010661482811 82
1762528187092 0.004357227124273777 83
1762528187105 0.004307214170694351 84
1762528187105 0.0042509338818490505 85
1762528187120 0.004225036595016718 86
1762528187120 0.004225009121000767 87
1762528187136 0.004210309125483036 88
1762528187136 0.0043511828407645226 89
1762528187155 0.004328879062086344 90
1762528187155 0.0042608072981238365 91
1762528187171 0.004178013652563095 92
1762528187171 0.004167049657553434 93
1762528187186 0.0041578360833227634 94
1762528187194 0.004174554720520973 95
1762528187202 0.004166947212070227 96
1762528187209 0.00421883212402463 97
1762528187217 0.004209273494780064 98
1762528187225 0.004254652187228203 99
1762528187233 0.004139292053878307 100
