1762527991482 0.17844659090042114 1
1762527991510 0.13317684829235077 2
1762527991546 0.10662751644849777 3
1762527991579 0.09594876319169998 4
1762527991610 0.08796171098947525 5
1762527991639 0.07961965352296829 6
1762527991667 0.07208514958620071 7
1762527991696 0.06779097765684128 8
1762527991725 0.0666428804397583 9
1762527991752 0.06440608203411102 10
1762527991780 0.06602630019187927 11
1762527991809 0.06434039771556854 12
1762527991838 0.06225843355059624 13
1762527991874 0.06442844867706299 14
1762527991913 0.06136896461248398 15
1762527991941 0.06291955709457397 16
1762527991970 0.06079776585102081 17
1762527992002 0.06502476334571838 18
1762527992026 0.06627710163593292 19
1762527992063 0.06343527138233185 20
1762527992093 0.06437629461288452 21
1762527992122 0.06084493547677994 22
1762527992151 0.06342075765132904 23
1762527992179 0.06256169825792313 24
1762527992207 0.06156399846076965 25
1762527992235 0.060828715562820435 26
1762527992264 0.06307728588581085 27
1762527992293 0.06290768086910248 28
1762527992323 0.06005140393972397 29
1762527992354 0.05978180468082428 30
1762527992383 0.057205215096473694 31
1762527992414 0.06017308682203293 32
1762527992441 0.05737992376089096 33
1762527992460 0.06094469130039215 34
1762527992498 0.06071821227669716 35
1762527992531 0.05744281783699989 36
