1762528375756 0.013053427450358868 1
1762528375769 0.006889097858220339 2
1762528375779 0.0059180050157010555 3
1762528375794 0.0054062651470303535 4
1762528375805 0.0050702267326414585 5
1762528375814 0.004850380122661591 6
1762528375824 0.004678834695369005 7
1762528375838 0.004485149402171373 8
1762528375848 0.0043997629545629025 9
1762528375857 0.0043108812533319 10
1762528375866 0.0042364937253296375 11
1762528375875 0.004179148003458977 12
1762528375884 0.004128688480705023 13
1762528375893 0.004055921453982592 14
1762528375902 0.003997355233877897 15
1762528375911 0.003935691900551319 16
1762528375919 0.003928770776838064 17
1762528375927 0.0038711538072675467 18
1762528375936 0.0038537427317351103 19
1762528375948 0.00376700097694993 20
1762528375957 0.003750075353309512 21
1762528375965 0.003719997126609087 22
1762528375974 0.0036748480051755905 23
1762528375983 0.003650996368378401 24
1762528375992 0.0035994367208331823 25
1762528376001 0.003569886554032564 26
1762528376009 0.0035372579004615545 27
1762528376017 0.0035661153960973024 28
1762528376026 0.0035647081676870584 29
1762528376035 0.003488866612315178 30
1762528376044 0.0034727680031210184 31
1762528376053 0.0034361265134066343 32
1762528376062 0.0033823035191744566 33
1762528376071 0.003398455446586013 34
1762528376080 0.0033704745583236217 35
1762528376089 0.0033125169575214386 36
1762528376099 0.0033018740359693766 37
1762528376107 0.003308667568489909 38
1762528376116 0.003258720738813281 39
1762528376125 0.0032051827292889357 40
1762528376133 0.0031820773147046566 41
1762528376142 0.0031577227637171745 42
1762528376151 0.0031262608245015144 43
1762528376159 0.003100439440459013 44
1762528376168 0.0030523876193910837 45
1762528376179 0.0030327686108648777 46
1762528376189 0.003008664585649967 47
1762528376197 0.0029976118821650743 48
1762528376206 0.0029291771352291107 49
1762528376215 0.0029270737431943417 50
1762528376224 0.0029375609010457993 51
1762528376232 0.0029201151337474585 52
1762528376241 0.002876731101423502 53
1762528376250 0.002905624220147729 54
1762528376259 0.002866806462407112 55
1762528376267 0.002822496695443988 56
1762528376276 0.0028341372963041067 57
1762528376284 0.002807586919516325 58
1762528376294 0.0028075696900486946 59
1762528376304 0.002761380048468709 60
1762528376313 0.00274086301214993 61
1762528376321 0.002715136157348752 62
1762528376330 0.0027417929377406836 63
1762528376338 0.0026977723464369774 64
1762528376347 0.002686204854398966 65
1762528376355 0.002695488277822733 66
1762528376368 0.0026559950783848763 67
1762528376398 0.0026596523821353912 68
1762528376416 0.002607810776680708 69
1762528376420 0.002628312911838293 70
1762528376436 0.002623907523229718 71
1762528376452 0.0026019795332103968 72
1762528376456 0.0025940844789147377 73
1762528376456 0.00252490839920938 74
1762528376471 0.0025722843129187822 75
1762528376484 0.0025539067573845387 76
1762528376493 0.0025176224298775196 77
1762528376502 0.0025347506161779165 78
1762528376513 0.0025237661320716143 79
1762528376522 0.002495421562343836 80
1762528376531 0.0024820223916321993 81
1762528376540 0.0024984742049127817 82
1762528376548 0.002459094859659672 83
1762528376557 0.0024731371086090803 84
1762528376565 0.0024759729858487844 85
1762528376575 0.0024498978164047003 86
1762528376584 0.002441409742459655 87
1762528376595 0.0024297169875353575 88
1762528376605 0.002410309622064233 89
1762528376613 0.002402868354693055 90
1762528376622 0.002406200161203742 91
1762528376633 0.002394075272604823 92
1762528376642 0.0023926603607833385 93
1762528376651 0.0023593250662088394 94
1762528376660 0.0023441456723958254 95
1762528376670 0.002360760699957609 96
1762528376679 0.002354998607188463 97
1762528376688 0.0023480725940316916 98
1762528376697 0.0023068170994520187 99
1762528376706 0.0023214067332446575 100
