1762527991482 0.17844659090042114 1
1762527991510 0.13317684829235077 2
1762527991549 0.10662751644849777 3
1762527991584 0.09594876319169998 4
1762527991613 0.08796171098947525 5
1762527991644 0.07961965352296829 6
1762527991671 0.07208514958620071 7
1762527991700 0.06779097765684128 8
1762527991729 0.0666428804397583 9
1762527991757 0.06440608203411102 10
1762527991784 0.06602630019187927 11
1762527991811 0.06434039771556854 12
1762527991845 0.06225843355059624 13
1762527991874 0.06442844867706299 14
1762527991916 0.06136896461248398 15
1762527991945 0.06291955709457397 16
1762527991977 0.06079776585102081 17
1762527992006 0.06502476334571838 18
1762527992026 0.06627710163593292 19
1762527992068 0.06343527138233185 20
1762527992098 0.06437629461288452 21
1762527992127 0.06084493547677994 22
1762527992156 0.06342075765132904 23
1762527992183 0.06256169825792313 24
1762527992211 0.06156399846076965 25
1762527992241 0.060828715562820435 26
1762527992268 0.06307728588581085 27
1762527992297 0.06290768086910248 28
1762527992328 0.06005140393972397 29
1762527992359 0.05978180468082428 30
1762527992387 0.057205215096473694 31
1762527992418 0.06017308682203293 32
1762527992445 0.05737992376089096 33
1762527992475 0.06094469130039215 34
1762527992502 0.06071821227669716 35
1762527992537 0.05744281783699989 36
