1762527991492 0.054270461201667786 1
1762527991525 0.031304143369197845 2
1762527991553 0.020559770986437798 3
1762527991588 0.01676107570528984 4
1762527991613 0.014544188976287842 5
1762527991648 0.012274167500436306 6
1762527991675 0.010548214428126812 7
1762527991703 0.009556489065289497 8
1762527991733 0.009601227939128876 9
1762527991761 0.008731188252568245 10
1762527991788 0.008996186777949333 11
1762527991811 0.008683491498231888 12
1762527991854 0.008131587877869606 13
1762527991892 0.008905531838536263 14
1762527991920 0.008076940663158894 15
1762527991949 0.008552633225917816 16
1762527991977 0.007977176457643509 17
1762527992010 0.009191755205392838 18
1762527992040 0.009809541516005993 19
1762527992072 0.009011464193463326 20
1762527992102 0.009620318189263344 21
1762527992127 0.007893833331763744 22
1762527992159 0.009107179008424282 23
1762527992186 0.008281988091766834 24
1762527992215 0.008382709696888924 25
1762527992245 0.008285287767648697 26
1762527992272 0.00928930938243866 27
1762527992302 0.008341135457158089 28
1762527992333 0.007803237996995449 29
1762527992359 0.008003422990441322 30
1762527992391 0.007361568510532379 31
1762527992422 0.007960207760334015 32
1762527992449 0.007521862629801035 33
1762527992479 0.008786223828792572 34
1762527992506 0.007965355180203915 35
1762527992542 0.00729795265942812 36
