1762178817281 0.09970836341381073 1
1762178817303 0.02409316785633564 2
1762178817311 0.019609669223427773 3
1762178817319 0.01860898919403553 4
1762178817319 0.018425140529870987 5
1762178817335 0.017988458275794983 6
1762178817342 0.017734739929437637 7
1762178817349 0.017614752054214478 8
1762178817355 0.018582984805107117 9
1762178817362 0.017280805855989456 10
1762178817368 0.01742667704820633 11
1762178817375 0.01674215868115425 12
1762178817383 0.016876637935638428 13
1762178817389 0.01693987473845482 14
1762178817396 0.01679329015314579 15
1762178817404 0.01631845533847809 16
1762178817411 0.016464561223983765 17
1762178817418 0.01627136766910553 18
1762178817422 0.016040556132793427 19
1762178817422 0.01599525660276413 20
1762178817438 0.015783242881298065 21
1762178817445 0.01581672951579094 22
1762178817452 0.015728116035461426 23
1762178817458 0.015650328248739243 24
1762178817464 0.015594717115163803 25
1762178817464 0.015408455394208431 26
1762178817464 0.015422327443957329 27
1762178817485 0.015298684127628803 28
1762178817491 0.01533424574881792 29
1762178817501 0.015217346139252186 30
1762178817508 0.015135190449655056 31
1762178817516 0.015028877183794975 32
1762178817523 0.014964703470468521 33
1762178817529 0.014861549250781536 34
1762178817536 0.014847448095679283 35
1762178817543 0.014987423084676266 36
1762178817548 0.01465161144733429 37
1762178817548 0.014646374620497227 38
1762178817548 0.01462519634515047 39
1762178817564 0.01456639263778925 40
1762178817564 0.014447465538978577 41
1762178817580 0.014396891929209232 42
1762178817580 0.014313356950879097 43
1762178817595 0.014408969320356846 44
1762178817604 0.014269033446907997 45
1762178817611 0.014343412593007088 46
1762178817614 0.01417037658393383 47
1762178817614 0.01423350814729929 48
1762178817630 0.014149867929518223 49
1762178817630 0.014000939205288887 50
1762178817646 0.014047968201339245 51
1762178817646 0.01406397856771946 52
1762178817646 0.013802522793412209 53
1762178817665 0.013989942148327827 54
1762178817672 0.013811620883643627 55
1762178817679 0.013790570199489594 56
1762178817686 0.013904604129493237 57
1762178817692 0.013875887729227543 58
1762178817699 0.0136572839692235 59
1762178817705 0.013598726131021976 60
1762178817713 0.013690568506717682 61
1762178817720 0.013850986026227474 62
1762178817726 0.013782837428152561 63
1762178817734 0.013692876324057579 64
1762178817755 0.013644338585436344 65
1762178817762 0.013461505994200706 66
1762178817769 0.013433132320642471 67
1762178817776 0.013548694550991058 68
1762178817781 0.013476924039423466 69
1762178817781 0.013444902375340462 70
1762178817781 0.013326619751751423 71
1762178817797 0.013405528850853443 72
1762178817797 0.01337403804063797 73
1762178817813 0.013263599947094917 74
1762178817813 0.013341628015041351 75
1762178817813 0.013337367214262486 76
1762178817834 0.01318482868373394 77
1762178817841 0.013181808404624462 78
1762178817843 0.013194131664931774 79
1762178817843 0.013188927434384823 80
1762178817859 0.013236986473202705 81
1762178817859 0.013203384354710579 82
1762178817859 0.013171549886465073 83
1762178817880 0.013058116659522057 84
1762178817887 0.013143266551196575 85
1762178817894 0.013107663951814175 86
1762178817900 0.012967294082045555 87
1762178817906 0.013008316978812218 88
1762178817913 0.013057631440460682 89
1762178817915 0.013002469204366207 90
1762178817915 0.013002070598304272 91
1762178817931 0.01289754081517458 92
1762178817931 0.01297031994909048 93
1762178817931 0.01293976791203022 94
1762178817953 0.012998812831938267 95
1762178817959 0.012782247737050056 96
1762178817965 0.012842311523854733 97
1762178817965 0.012914680875837803 98
1762178817965 0.012951426208019257 99
1762178817980 0.012946725822985172 100
