1762179013056 0.04807873070240021 1
1762179013061 0.020209042355418205 2
1762179013061 0.014159792102873325 3
1762179013080 0.011169717647135258 4
1762179013084 0.009668238461017609 5
1762179013096 0.00883474200963974 6
1762179013103 0.008153572678565979 7
1762179013111 0.007763861678540707 8
1762179013118 0.007292109541594982 9
1762179013126 0.00692753167822957 10
1762179013136 0.006772962864488363 11
1762179013145 0.006469696760177612 12
1762179013145 0.006273774895817041 13
1762179013163 0.006156999617815018 14
1762179013171 0.005917612463235855 15
1762179013183 0.005765205714851618 16
1762179013194 0.005699902772903442 17
1762179013200 0.005637291353195906 18
1762179013212 0.005508847068995237 19
1762179013215 0.005402263253927231 20
1762179013225 0.005407003220170736 21
1762179013225 0.005282131023705006 22
1762179013242 0.0051424093544483185 23
1762179013242 0.005147099960595369 24
1762179013256 0.005070324055850506 25
1762179013266 0.004981363657861948 26
1762179013273 0.005079973954707384 27
1762179013275 0.004948401357978582 28
1762179013275 0.004856338258832693 29
1762179013296 0.004774201195687056 30
1762179013304 0.0046997517347335815 31
1762179013309 0.004637355916202068 32
1762179013309 0.004563537891954184 33
1762179013328 0.00457368791103363 34
1762179013366 0.004546547308564186 35
1762179013379 0.004404387436807156 36
1762179013392 0.004403986502438784 37
1762179013405 0.0044161854311823845 38
1762179013416 0.004311956465244293 39
1762179013424 0.004284848924726248 40
1762179013432 0.004213208798319101 41
1762179013439 0.004212095867842436 42
1762179013445 0.004113624803721905 43
1762179013445 0.004046275746077299 44
1762179013462 0.004112595692276955 45
1762179013468 0.004046147223562002 46
1762179013476 0.0040253158658742905 47
1762179013483 0.003939456772059202 48
1762179013491 0.0039490582421422005 49
1762179013498 0.003909147344529629 50
1762179013505 0.0038692704401910305 51
1762179013513 0.0038722092285752296 52
1762179013520 0.0038209129124879837 53
1762179013527 0.0038062462117522955 54
1762179013534 0.0038052829913794994 55
1762179013543 0.0037231259047985077 56
1762179013550 0.0036708598490804434 57
1762179013556 0.003631433704867959 58
1762179013564 0.003604729427024722 59
1762179013571 0.0036738214548677206 60
1762179013578 0.0035966394934803247 61
1762179013585 0.0036096875555813313 62
1762179013593 0.0035510642919689417 63
1762179013600 0.0034699023235589266 64
1762179013608 0.00347212259657681 65
1762179013616 0.003452849108725786 66
1762179013623 0.0034779775887727737 67
1762179013630 0.003464018227532506 68
1762179013636 0.003417678875848651 69
1762179013644 0.003342876909300685 70
1762179013651 0.0033140245359390974 71
1762179013657 0.0032799718901515007 72
1762179013657 0.00326915574260056 73
1762179013657 0.003267938271164894 74
1762179013673 0.003197216894477606 75
1762179013685 0.0032266327179968357 76
1762179013692 0.0031418753787875175 77
1762179013699 0.0031692369375377893 78
1762179013706 0.0031662248075008392 79
1762179013714 0.0031383116729557514 80
1762179013721 0.0031570885330438614 81
1762179013729 0.003014175221323967 82
1762179013735 0.0031307837925851345 83
1762179013742 0.003016054630279541 84
1762179013749 0.00301127671264112 85
1762179013756 0.0029911098536103964 86
1762179013763 0.003034590044990182 87
1762179013770 0.0029260204173624516 88
1762179013778 0.0029108563903719187 89
1762179013785 0.0028824179898947477 90
1762179013793 0.0029536238871514797 91
1762179013799 0.0028954811859875917 92
1762179013806 0.0028595703188329935 93
1762179013807 0.002795630134642124 94
1762179013807 0.0028591675218194723 95
1762179013823 0.002833980368450284 96
1762179013823 0.002807621844112873 97
1762179013838 0.0027494553942233324 98
1762179013845 0.0027539546135812998 99
1762179013852 0.0027822593692690134 100
