1762290342900 0.03680450841784477 1
1762290342910 0.011740940622985363 2
1762290342920 0.009363241493701935 3
1762290342929 0.007980570197105408 4
1762290342930 0.007098706439137459 5
1762290342946 0.006535876076668501 6
1762290342946 0.006173419766128063 7
1762290342966 0.005855273921042681 8
1762290342974 0.00568263279274106 9
1762290342982 0.005514873191714287 10
1762290342990 0.005422303918749094 11
1762290342998 0.00536375492811203 12
1762290343006 0.005309226922690868 13
1762290343014 0.0052057732827961445 14
1762290343022 0.005183262284845114 15
1762290343030 0.005099874455481768 16
1762290343030 0.005077969282865524 17
1762290343046 0.005034822970628738 18
1762290343054 0.005007009953260422 19
1762290343062 0.004996264353394508 20
1762290343070 0.004873462487012148 21
1762290343079 0.004827131517231464 22
1762290343087 0.004892130848020315 23
1762290343096 0.004725142847746611 24
1762290343104 0.004685705993324518 25
1762290343112 0.004667455330491066 26
1762290343120 0.00467266421765089 27
1762290343128 0.004587013740092516 28
1762290343136 0.004502166993916035 29
1762290343139 0.004507118836045265 30
1762290343139 0.004419007338583469 31
1762290343155 0.004330799449235201 32
1762290343155 0.004262643866240978 33
1762290343170 0.004256280604749918 34
1762290343170 0.004149921238422394 35
1762290343191 0.004142265301197767 36
1762290343199 0.004074223339557648 37
1762290343201 0.003990743774920702 38
1762290343201 0.003972360398620367 39
1762290343217 0.00403487216681242 40
1762290343217 0.003923369571566582 41
1762290343239 0.0038708720821887255 42
1762290343245 0.0038526966236531734 43
1762290343248 0.003760175546631217 44
1762290343248 0.0037626579869538546 45
1762290343263 0.0037023965269327164 46
1762290343263 0.0037163766101002693 47
1762290343279 0.0036705918610095978 48
1762290343279 0.0036285901442170143 49
1762290343302 0.0036418940871953964 50
1762290343310 0.0035945617128163576 51
1762290343318 0.00356306042522192 52
1762290343325 0.0035451953299343586 53
1762290343333 0.0035300517920404673 54
1762290343341 0.003495790995657444 55
1762290343349 0.0035101084504276514 56
1762290343357 0.0034773966763168573 57
1762290343365 0.003508727764710784 58
1762290343373 0.0034639346413314342 59
1762290343382 0.0033832101617008448 60
1762290343389 0.003385769436135888 61
1762290343397 0.0033564448822289705 62
1762290343405 0.0033889422193169594 63
1762290343413 0.003325073514133692 64
1762290343420 0.003325903555378318 65
1762290343420 0.003293513786047697 66
1762290343435 0.0033414026256650686 67
1762290343435 0.0033135199919342995 68
1762290343452 0.0032646998297423124 69
1762290343460 0.003238098230212927 70
1762290343466 0.003220860380679369 71
1762290343466 0.003230114933103323 72
1762290343482 0.003227417590096593 73
1762290343482 0.0031688257586210966 74
1762290343498 0.0031692017801105976 75
1762290343498 0.003122818423435092 76
1762290343514 0.0031716739758849144 77
1762290343522 0.0031498002354055643 78
1762290343531 0.003089174162596464 79
1762290343539 0.003143884241580963 80
1762290343548 0.003071567742154002 81
1762290343556 0.0030625537037849426 82
1762290343564 0.003011667402461171 83
1762290343571 0.0030394913628697395 84
1762290343577 0.003020691452547908 85
1762290343577 0.0029912139289081097 86
1762290343592 0.002935078227892518 87
1762290343592 0.00294694141484797 88
1762290343612 0.002973169321194291 89
1762290343620 0.002927817404270172 90
1762290343628 0.0029319506138563156 91
1762290343636 0.0028539756312966347 92
1762290343644 0.002858772873878479 93
1762290343645 0.0028596767224371433 94
1762290343645 0.0028393606189638376 95
1762290343661 0.002813600702211261 96
1762290343661 0.002808350371196866 97
1762290343683 0.0027386543806642294 98
1762290343685 0.002733260625973344 99
1762290343685 0.0026782287750393152 100
