1762289666441 0.020016631111502647 1
1762289666463 0.009309224784374237 2
1762289666463 0.008804227225482464 3
1762289666483 0.008287555538117886 4
1762289666491 0.007986227981746197 5
1762289666501 0.007781879510730505 6
1762289666510 0.007494301535189152 7
1762289666520 0.007355799432843924 8
1762289666530 0.007241871673613787 9
1762289666540 0.007089585065841675 10
1762289666548 0.007006061729043722 11
1762289666556 0.006929258815944195 12
1762289666561 0.006856061518192291 13
1762289666561 0.006822708062827587 14
1762289666576 0.006742851808667183 15
1762289666576 0.006668889429420233 16
1762289666592 0.006587015464901924 17
1762289666592 0.006527550984174013 18
1762289666607 0.0064928531646728516 19
1762289666607 0.006495990324765444 20
1762289666623 0.006438097916543484 21
1762289666623 0.006534296553581953 22
1762289666639 0.006418582983314991 23
1762289666639 0.006453610025346279 24
1762289666654 0.006377485580742359 25
1762289666654 0.006259647663682699 26
1762289666670 0.00631792051717639 27
1762289666670 0.006275033578276634 28
1762289666686 0.006359259132295847 29
1762289666701 0.006343052256852388 30
1762289666701 0.00624944269657135 31
1762289666717 0.006176916882395744 32
1762289666717 0.006353882607072592 33
1762289666736 0.006322638597339392 34
1762289666743 0.006159678567200899 35
1762289666752 0.006139307748526335 36
1762289666760 0.0060461414977908134 37
1762289666768 0.005960027687251568 38
1762289666770 0.006044683046638966 39
1762289666770 0.005974854342639446 40
1762289666791 0.005960306152701378 41
1762289666799 0.005933972541242838 42
1762289666807 0.005864420905709267 43
1762289666810 0.005918396636843681 44
1762289666810 0.005814066156744957 45
1762289666830 0.00595077546313405 46
1762289666838 0.005850442685186863 47
1762289666846 0.005991025362163782 48
1762289666853 0.005879572592675686 49
1762289666861 0.005771209951490164 50
1762289666869 0.005649331025779247 51
1762289666877 0.005696033593267202 52
1762289666885 0.005621338728815317 53
1762289666893 0.005600455217063427 54
1762289666901 0.005868223961442709 55
1762289666909 0.005799258593469858 56
1762289666917 0.005682716611772776 57
1762289666926 0.005638720467686653 58
1762289666935 0.005547957494854927 59
1762289666943 0.005747604183852673 60
1762289666951 0.005549864377826452 61
1762289666958 0.005561035126447678 62
1762289666966 0.005486427340656519 63
1762289666974 0.005495540797710419 64
1762289666982 0.005555089097470045 65
1762289666988 0.005493911448866129 66
1762289666988 0.00556666636839509 67
1762289667003 0.0054282438941299915 68
1762289667003 0.0054605985060334206 69
1762289667019 0.005450714845210314 70
1762289667019 0.005416453815996647 71
1762289667035 0.005446507595479488 72
1762289667035 0.005472744349390268 73
1762289667050 0.0055403998121619225 74
1762289667050 0.00547788105905056 75
1762289667068 0.005523158237338066 76
1762289667076 0.005419010762125254 77
1762289667084 0.005697392858564854 78
1762289667091 0.005401590373367071 79
1762289667100 0.0053074415773153305 80
1762289667108 0.005428226664662361 81
1762289667116 0.0053972527384757996 82
1762289667124 0.005644174758344889 83
1762289667127 0.006028393749147654 84
1762289667127 0.00577355595305562 85
