1762358674142 0.019889429211616516 1
1762358674163 0.010895482264459133 2
1762358674177 0.009641855955123901 3
1762358674181 0.009052914567291737 4
1762358674192 0.008621402084827423 5
1762358674192 0.008292974904179573 6
1762358674214 0.007920412346720695 7
1762358674221 0.007808445952832699 8
1762358674231 0.0074441684409976006 9
1762358674240 0.007371474523097277 10
1762358674249 0.0072600701823830605 11
1762358674256 0.007500735577195883 12
1762358674258 0.0072876326739788055 13
1762358674273 0.007288817316293716 14
1762358674274 0.0073305885307490826 15
1762358674290 0.007268440444022417 16
1762358674290 0.007249377202242613 17
1762358674307 0.007193427067250013 18
1762358674307 0.007168312091380358 19
1762358674307 0.007152426987886429 20
1762358674323 0.006859005894511938 21
1762358674339 0.006930449046194553 22
1762358674339 0.006713351234793663 23
1762358674354 0.006645046640187502 24
1762358674354 0.006647543981671333 25
1762358674370 0.006605560425668955 26
1762358674370 0.006631793919950724 27
1762358674386 0.00645837327465415 28
1762358674386 0.00640368415042758 29
1762358674401 0.0063643380999565125 30
1762358674401 0.0063417768105864525 31
1762358674417 0.00626336270943284 32
1762358674417 0.006215217057615519 33
1762358674433 0.006151813082396984 34
1762358674433 0.006252873223274946 35
1762358674448 0.006115310825407505 36
1762358674448 0.006436976604163647 37
1762358674464 0.006140417419373989 38
1762358674464 0.006121282000094652 39
1762358674479 0.006135938689112663 40
1762358674479 0.006105401087552309 41
1762358674495 0.006235281936824322 42
1762358674495 0.006305815652012825 43
1762358674511 0.00634736055508256 44
1762358674511 0.006071161013096571 45
1762358674526 0.006055864505469799 46
1762358674542 0.00597723200917244 47
1762358674542 0.005976773798465729 48
1762358674558 0.00595523975789547 49
1762358674558 0.005921519827097654 50
1762358674573 0.00622926838696003 51
1762358674573 0.005910245701670647 52
1762358674589 0.005977660417556763 53
1762358674589 0.005835474468767643 54
1762358674604 0.005979284178465605 55
1762358674604 0.0059210690669715405 56
1762358674620 0.006100812461227179 57
1762358674620 0.0057266391813755035 58
1762358674636 0.00580234220251441 59
1762358674636 0.005775585770606995 60
1762358674651 0.005671792663633823 61
1762358674651 0.006335178390145302 62
1762358674667 0.005682406481355429 63
1762358674667 0.005644094664603472 64
1762358674683 0.005759812891483307 65
1762358674698 0.005492703523486853 66
1762358674698 0.005510413553565741 67
1762358674714 0.005691150669008493 68
1762358674714 0.005478411912918091 69
1762358674729 0.005467063747346401 70
1762358674740 0.005295213311910629 71
1762358674749 0.005356708541512489 72
1762358674757 0.005740258377045393 73
1762358674765 0.00537656107917428 74
1762358674773 0.005841933656483889 75
1762358674774 0.005288869608193636 76
1762358674774 0.005677198525518179 77
1762358674789 0.005254385527223349 78
1762358674805 0.005284015089273453 79
1762358674805 0.005185858346521854 80
1762358674821 0.005229937378317118 81
1762358674821 0.005167766474187374 82
1762358674836 0.005392374005168676 83
1762358674836 0.005110423546284437 84
1762358674852 0.005115165840834379 85
1762358674852 0.005576092749834061 86
1762358674867 0.005210196133702993 87
1762358674867 0.0051167625933885574 88
1762358674883 0.005232906900346279 89
1762358674883 0.005213624332100153 90
1762358674899 0.005092698149383068 91
1762358674899 0.0050749387592077255 92
1762358674914 0.00487841060385108 93
1762358674914 0.005015362054109573 94
1762358674930 0.0047742389142513275 95
1762358674946 0.004995640832930803 96
1762358674958 0.005217681638896465 97
1762358674958 0.004899997729808092 98
1762358674974 0.004763456527143717 99
1762358674974 0.004794877488166094 100
