1762360364813 0.0294494666159153 1
1762360364813 0.008653766475617886 2
1762360364833 0.007812767289578915 3
1762360364833 0.007163315545767546 4
1762360364846 0.0067433807998895645 5
1762360364846 0.006318330764770508 6
1762360364862 0.006073024123907089 7
1762360364880 0.005858907476067543 8
1762360364888 0.005664333235472441 9
1762360364897 0.005532384384423494 10
1762360364905 0.005433952435851097 11
1762360364911 0.005343731492757797 12
1762360364911 0.005299684125930071 13
1762360364928 0.005278926342725754 14
1762360364928 0.00521271675825119 15
1762360364945 0.005179915111511946 16
1762360364945 0.005140149500221014 17
1762360364961 0.0051195742562413216 18
1762360364961 0.0050954390317201614 19
1762360364978 0.0050645433366298676 20
1762360364978 0.0050623128190636635 21
1762360364995 0.005028234329074621 22
1762360365011 0.00501963309943676 23
1762360365026 0.005008040461689234 24
1762360365026 0.005002646241337061 25
1762360365045 0.004982772748917341 26
1762360365045 0.004948592744767666 27
1762360365061 0.0049212160520255566 28
1762360365061 0.004897201433777809 29
1762360365078 0.004880623891949654 30
1762360365078 0.004844659008085728 31
1762360365095 0.00481440918520093 32
1762360365095 0.004765671212226152 33
1762360365111 0.0047131492756307125 34
1762360365111 0.00471134576946497 35
1762360365128 0.004637203179299831 36
1762360365128 0.004615722224116325 37
1762360365144 0.004552838392555714 38
1762360365144 0.00450512208044529 39
1762360365161 0.004463747143745422 40
1762360365161 0.004407687112689018 41
1762360365177 0.004380092490464449 42
1762360365177 0.0043499525636434555 43
1762360365194 0.004370470065623522 44
1762360365194 0.0043353610672056675 45
1762360365210 0.0042956857942044735 46
1762360365211 0.004348770249634981 47
1762360365227 0.004316744860261679 48
1762360365228 0.004319127183407545 49
1762360365228 0.004294943995773792 50
1762360365244 0.004272101446986198 51
1762360365244 0.004255416337400675 52
1762360365261 0.004254125989973545 53
1762360365277 0.00426187738776207 54
1762360365286 0.00422317860648036 55
1762360365295 0.004220937844365835 56
1762360365304 0.00422818074002862 57
1762360365311 0.004233964253216982 58
1762360365311 0.004201267380267382 59
1762360365337 0.004162508063018322 60
1762360365346 0.00419711833819747 61
1762360365365 0.004157344810664654 62
1762360365378 0.004189444240182638 63
1762360365387 0.004130973480641842 64
1762360365396 0.004114914685487747 65
1762360365406 0.004125593695789576 66
1762360365417 0.0040968540124595165 67
1762360365425 0.004072798416018486 68
1762360365435 0.004088593181222677 69
1762360365447 0.004074064549058676 70
1762360365466 0.004065625369548798 71
1762360365480 0.004051222000271082 72
1762360365489 0.004052036441862583 73
1762360365498 0.004036593716591597 74
1762360365509 0.004013515543192625 75
1762360365510 0.004013793542981148 76
1762360365530 0.004021275322884321 77
1762360365538 0.004015722312033176 78
1762360365548 0.004011683631688356 79
1762360365558 0.003970332909375429 80
1762360365568 0.003960787318646908 81
1762360365578 0.003973246086388826 82
1762360365587 0.003962579648941755 83
1762360365596 0.003963787108659744 84
1762360365611 0.004012312274426222 85
1762360365621 0.0039023463614284992 86
1762360365630 0.003917739260941744 87
1762360365638 0.003915721084922552 88
1762360365643 0.0038779783062636852 89
1762360365643 0.003893147222697735 90
1762360365659 0.0039153252728283405 91
1762360365659 0.003879627911373973 92
1762360365674 0.0038628492038697004 93
1762360365674 0.003867523279041052 94
1762360365690 0.003841614816337824 95
1762360365690 0.003824373008683324 96
1762360365706 0.00380259333178401 97
1762360365721 0.003820903832092881 98
1762360365721 0.003828688059002161 99
1762360365737 0.0038031290750950575 100
