1762918810167 9.999999747378752e-05 1
1762918810200 0.0005949999904260039 2
1762918810230 0.0010900000343099236 3
1762918810249 0.0015849999617785215 4
1762918810291 0.0020800000056624413 5
1762918810317 0.002575000049546361 6
1762918810348 0.0030700000934302807 7
1762918810379 0.0035649999044835567 8
1762918810411 0.00406000018119812 9
1762918810441 0.004554999992251396 10
1762918810465 0.005049999803304672 11
1762918810500 0.005545000080019236 12
1762918810522 0.006039999891072512 13
1762918810554 0.006535000167787075 14
1762918810585 0.007029999978840351 15
1762918810616 0.007524999789893627 16
1762918810632 0.008019999600946903 17
1762918810663 0.008515000343322754 18
1762918810707 0.00901000015437603 19
1762918810732 0.009504999965429306 20
1762918810764 0.009999999776482582 21
1762918810796 0.00999653059989214 22
1762918810828 0.009986127726733685 23
1762918810852 0.00996880792081356 24
1762918810883 0.009944597259163857 25
1762918810917 0.009913533926010132 26
1762918810951 0.009875664487481117 27
1762918810982 0.009831048548221588 28
1762918810998 0.009779754094779491 29
1762918811041 0.009721861220896244 30
