1762918810134 0.18332481384277344 1
1762918810173 0.1209099218249321 2
1762918810205 0.11387880891561508 3
1762918810233 0.1125568225979805 4
1762918810249 0.11217683553695679 5
1762918810295 0.11158507317304611 6
1762918810317 0.11080391705036163 7
1762918810348 0.11124948412179947 8
1762918810379 0.11090155690908432 9
1762918810415 0.1084815114736557 10
1762918810446 0.1055850237607956 11
1762918810465 0.10476483404636383 12
1762918810504 0.10180238634347916 13
1762918810522 0.10023218393325806 14
1762918810554 0.09918893128633499 15
1762918810585 0.10157085210084915 16
1762918810616 0.1001872792840004 17
1762918810647 0.09892588108778 18
1762918810683 0.1023746058344841 19
1762918810712 0.09965673834085464 20
1762918810732 0.09943194687366486 21
1762918810764 0.09770186990499496 22
1762918810802 0.0983021929860115 23
1762918810832 0.09826865792274475 24
1762918810852 0.09594463557004929 25
1762918810883 0.09741733223199844 26
1762918810920 0.09748701751232147 27
1762918810956 0.09613998979330063 28
1762918810982 0.09591979533433914 29
1762918811016 0.09599635750055313 30
1762922314860 0.02558714710175991 1
1762922314870 0.021687353029847145 2
1762922314880 0.021221522241830826 3
1762922314888 0.021066518500447273 4
1762922314895 0.020943453535437584 5
1762922314912 0.020839743316173553 6
1762922314912 0.02049514651298523 7
1762922314932 0.01937839575111866 8
1762922314941 0.01897287555038929 9
1762922314950 0.018710285425186157 10
1762922314959 0.018530933186411858 11
1762922314961 0.018104245886206627 12
1762922314961 0.017847940325737 13
1762922314977 0.017584417015314102 14
1762922314994 0.017033636569976807 15
1762922315003 0.016790105029940605 16
1762922315012 0.016184110194444656 17
1762922315021 0.01573660969734192 18
1762922315027 0.01566188782453537 19
1762922315027 0.015178835950791836 20
1762922315043 0.014562447555363178 21
1762922315043 0.014705562964081764 22
1762922315059 0.013980650343000889 23
1762922315059 0.0140707828104496 24
1762922315074 0.013668244704604149 25
1762922315074 0.014142671599984169 26
1762922315090 0.013034991919994354 27
1762922315106 0.013482661917805672 28
1762922315106 0.01278887502849102 29
1762922315122 0.01310467068105936 30
1762922315140 0.012688646093010902 31
1762922315152 0.01242794282734394 32
1762922315161 0.012622254900634289 33
1762922315162 0.01199016347527504 34
1762922315178 0.01247981283813715 35
1762922315178 0.012281076982617378 36
1762922315196 0.01308625191450119 37
1762922315205 0.0122301010414958 38
1762922315214 0.012980950064957142 39
1762922315222 0.011815845966339111 40
1762922315231 0.01170986145734787 41
1762922315240 0.011655367910861969 42
1762922315249 0.01146282535046339 43
1762922315258 0.012225932441651821 44
1762922315264 0.012631034478545189 45
1762922315264 0.011950339190661907 46
1762922315280 0.011967218481004238 47
1762922315280 0.011489485390484333 48
1762922315302 0.011075559072196484 49
1762922315311 0.01112049724906683 50
1762922315320 0.011254549026489258 51
1762922315327 0.011170625686645508 52
1762922315327 0.010937675833702087 53
1762922315343 0.011094542220234871 54
1762922315343 0.011374087072908878 55
1762922315359 0.011071830056607723 56
1762922315359 0.011002302169799805 57
1762922315385 0.01115390658378601 58
1762922315395 0.010733596980571747 59
1762922315404 0.011345261707901955 60
1762922315413 0.010623887181282043 61
1762922315424 0.011085634119808674 62
1762922315433 0.010750426910817623 63
1762922315436 0.010753863491117954 64
1762922315436 0.011923788115382195 65
1762922315452 0.011418122798204422 66
1762922315467 0.01073318999260664 67
1762922315467 0.01045770850032568 68
1762922315483 0.010253341868519783 69
1762922315483 0.010281656868755817 70
1762922315499 0.010779314674437046 71
1762922315499 0.011586364358663559 72
1762922315514 0.011362401768565178 73
1762922315514 0.011635908856987953 74
1762922315538 0.011289184913039207 75
1762922315545 0.011182178743183613 76
1762922315545 0.010410899296402931 77
1762922315561 0.010279228910803795 78
1762922315561 0.010521354153752327 79
1762922315576 0.01005460787564516 80
1762922315576 0.01018557045608759 81
1762922315592 0.009950699284672737 82
1762922315611 0.009836134500801563 83
1762922315620 0.00931603368371725 84
1762922315627 0.010461908765137196 85
1762922315627 0.010427841916680336 86
1762922315645 0.010687335394322872 87
1762922315654 0.009854313917458057 88
1762922315654 0.009753718972206116 89
1762922315671 0.010071605443954468 90
1762922315682 0.011201515793800354 91
1762922315691 0.011844427324831486 92
1762922315700 0.010790947824716568 93
1762922315708 0.010348998941481113 94
1762922315711 0.010634826496243477 95
1762922315711 0.009993907995522022 96
1762922315727 0.00923880748450756 97
1762923142753 0.016773372888565063 1
1762923142758 0.011884900741279125 2
1762923142774 0.0112325269728899 3
1762923142776 0.010650016367435455 4
1762923142789 0.010216109454631805 5
1762923142804 0.009806901216506958 6
1762923142804 0.009364668279886246 7
1762923142826 0.008887484669685364 8
1762923142834 0.008529460057616234 9
1762923142843 0.008259342052042484 10
1762923142852 0.008133457973599434 11
1762923142863 0.008029750548303127 12
1762923142873 0.007841519080102444 13
1762923142882 0.007720084395259619 14
1762923142892 0.007739131338894367 15
1762923142900 0.007681127637624741 16
1762923142909 0.007628869730979204 17
1762923142918 0.007528705056756735 18
1762923142920 0.007434695027768612 19
1762923142920 0.007365476805716753 20
1762923142936 0.0073467399924993515 21
1762923142951 0.007254452910274267 22
1762923142951 0.007308024913072586 23
1762923142970 0.007263625971972942 24
1762923142978 0.007160251494497061 25
1762923142989 0.007178699132055044 26
1762923142997 0.0071031516417860985 27
1762923143006 0.007011858280748129 28
1762923143015 0.007041711360216141 29
1762923143020 0.006974402815103531 30
1762923143020 0.006940415594726801 31
1762923143036 0.006894989404827356 32
1762923143036 0.006904146168380976 33
1762923143051 0.006958837155252695 34
1762923143051 0.006849909666925669 35
1762923143067 0.006862055975943804 36
1762923143084 0.006764571648091078 37
1762923143092 0.006823597010225058 38
1762923143101 0.006746651604771614 39
1762923143102 0.00676283985376358 40
1762923143118 0.006789183709770441 41
1762923143118 0.006755383685231209 42
1762923143133 0.006718441843986511 43
1762923143133 0.006735092494636774 44
1762923143149 0.006731600966304541 45
1762923143149 0.006684011314064264 46
1762923143170 0.006647320929914713 47
1762923143179 0.006652499083429575 48
1762923143188 0.006595579907298088 49
1762923143196 0.006631892174482346 50
1762923143205 0.006625113543123007 51
1762923143214 0.0066455053165555 52
1762923143219 0.0066003696992993355 53
1762923143219 0.006527595687657595 54
1762923143235 0.006546834949404001 55
1762923143235 0.006525797303766012 56
1762923143251 0.0064980159513652325 57
1762923143251 0.006512731313705444 58
1762923143266 0.006652757525444031 59
1762923143266 0.0065425606444478035 60
1762923143282 0.006452012807130814 61
1762923143298 0.006503482349216938 62
1762923143305 0.006458253134042025 63
1762923143305 0.006427553948014975 64
1762923143320 0.006436298601329327 65
1762923143320 0.006389866583049297 66
1762923143336 0.006353913340717554 67
1762923143336 0.006384376902133226 68
1762923143352 0.006378909572958946 69
1762923143370 0.006360366940498352 70
1762923143372 0.006348045542836189 71
1762923143390 0.006330109667032957 72
1762923143398 0.006310685072094202 73
1762923143407 0.00627282727509737 74
1762923143415 0.00632959371432662 75
1762923143420 0.006318667903542519 76
1762923143420 0.0062627303414046764 77
1762923143436 0.00625947117805481 78
1762923143436 0.006241924129426479 79
1762923143451 0.006212947890162468 80
1762923143451 0.006231708452105522 81
1762923143476 0.0061844829469919205 82
1762923143484 0.006143710110336542 83
1762923143486 0.006246812641620636 84
1762923143486 0.006226965691894293 85
1762923143502 0.006220880430191755 86
1762923143518 0.006127634551376104 87
1762923143526 0.006151045206934214 88
1762923143535 0.006118284072726965 89
1762923143544 0.006114188581705093 90
1762923143553 0.006062026601284742 91
1762923143553 0.006116343196481466 92
1762923143568 0.006084320601075888 93
1762923143568 0.0060280910693109035 94
1762923143584 0.005999410524964333 95
1762923143600 0.006040751002728939 96
1762923143600 0.005991930142045021 97
1762923143618 0.006037747487425804 98
1762923143618 0.005959301255643368 99
1762923143633 0.005954666528850794 100
