1762918810139 0.18332481384277344 1
1762918810177 0.1209099218249321 2
1762918810209 0.11387880891561508 3
1762918810233 0.1125568225979805 4
1762918810269 0.11217683553695679 5
1762918810299 0.11158507317304611 6
1762918810317 0.11080391705036163 7
1762918810348 0.11124948412179947 8
1762918810379 0.11090155690908432 9
1762918810420 0.1084815114736557 10
1762918810450 0.1055850237607956 11
1762918810465 0.10476483404636383 12
1762918810507 0.10180238634347916 13
1762918810522 0.10023218393325806 14
1762918810554 0.09918893128633499 15
1762918810585 0.10157085210084915 16
1762918810616 0.1001872792840004 17
1762918810647 0.09892588108778 18
1762918810687 0.1023746058344841 19
1762918810716 0.09965673834085464 20
1762918810732 0.09943194687366486 21
1762918810764 0.09770186990499496 22
1762918810806 0.0983021929860115 23
1762918810836 0.09826865792274475 24
1762918810852 0.09594463557004929 25
1762918810883 0.09741733223199844 26
1762918810920 0.09748701751232147 27
1762918810960 0.09613998979330063 28
1762918810982 0.09591979533433914 29
1762918811020 0.09599635750055313 30
