1762918810139 0.058197420090436935 1
1762918810182 0.028483465313911438 2
1762918810213 0.024754151701927185 3
1762918810233 0.024184376001358032 4
1762918810273 0.02396036684513092 5
1762918810303 0.023520611226558685 6
1762918810332 0.022850805893540382 7
1762918810348 0.02300920896232128 8
1762918810379 0.022739650681614876 9
1762918810424 0.0214429572224617 10
1762918810450 0.020619159564375877 11
1762918810481 0.02003716304898262 12
1762918810507 0.019282503053545952 13
1762918810538 0.018551580607891083 14
1762918810569 0.0180000402033329 15
1762918810601 0.018824540078639984 16
1762918810616 0.018308280035853386 17
1762918810647 0.01770184561610222 18
1762918810691 0.018511196598410606 19
1762918810720 0.017901234328746796 20
1762918810748 0.01744270697236061 21
1762918810779 0.017040975391864777 22
1762918810810 0.017056994140148163 23
1762918810836 0.017204539850354195 24
1762918810867 0.016711704432964325 25
1762918810899 0.016897009685635567 26
1762918810920 0.016847921535372734 27
1762918810964 0.016711274161934853 28
1762918810982 0.016579650342464447 29
1762918811024 0.016648756340146065 30
