1762784491663 4.999999873689376e-05 1
1762784491691 0.00029749999521300197 2
1762784491719 0.0005450000171549618 3
1762784491748 0.0007924999808892608 4
1762784491774 0.0010400000028312206 5
1762784491795 0.0012875000247731805 6
1762784491828 0.0015350000467151403 7
1762784491856 0.0017824999522417784 8
1762784491883 0.00203000009059906 9
1762784491908 0.002277499996125698 10
1762784491933 0.002524999901652336 11
1762784491961 0.002772500040009618 12
1762784491988 0.003019999945536256 13
1762784492009 0.0032675000838935375 14
1762784492040 0.0035149999894201756 15
1762784492056 0.0037624998949468136 16
1762784492094 0.004009999800473452 17
1762784492107 0.004257500171661377 18
1762784492138 0.004505000077188015 19
1762784492169 0.004752499982714653 20
1762784492185 0.004999999888241291 21
1762784492216 0.00499826529994607 22
1762784492247 0.004993063863366842 23
1762784492262 0.00498440396040678 24
1762784492299 0.004972298629581928 25
1762784492325 0.004956766963005066 26
1762784492341 0.004937832243740559 27
1762784492372 0.004915524274110794 28
1762784492388 0.004889877047389746 29
1762784492426 0.004860930610448122 30
1762784492451 0.00482872873544693 31
1762784492478 0.004793322179466486 32
