1762784491627 0.5135461091995239 1
1762784491671 0.2756009101867676 2
1762784491694 0.1782761514186859 3
1762784491729 0.1300777941942215 4
1762784491756 0.10149489343166351 5
1762784491779 0.087163046002388 6
1762784491808 0.0754852294921875 7
1762784491828 0.06317366659641266 8
1762784491864 0.05344020947813988 9
1762784491890 0.047075867652893066 10
1762784491915 0.046759508550167084 11
1762784491941 0.041493918746709824 12
1762784491968 0.040242962539196014 13
1762784491996 0.0439428947865963 14
1762784492009 0.03955693542957306 15
1762784492040 0.0363369919359684 16
1762784492075 0.03981791436672211 17
1762784492101 0.03582393378019333 18
1762784492122 0.0332770049571991 19
1762784492138 0.04509245231747627 20
1762784492169 0.03502262756228447 21
1762784492204 0.042405690997838974 22
1762784492216 0.039204344153404236 23
1762784492247 0.031111247837543488 24
1762784492280 0.03343534469604492 25
1762784492306 0.03727637976408005 26
1762784492325 0.0332125686109066 27
1762784492357 0.03181944787502289 28
1762784492372 0.03172951191663742 29
1762784492404 0.0284461360424757 30
1762784492433 0.026577847078442574 31
1762784492451 0.02898814156651497 32
