1762784491645 0.45417091250419617 1
1762784491675 0.15849032998085022 2
1762784491694 0.061199042946100235 3
1762784491733 0.032705798745155334 4
1762784491760 0.022530578076839447 5
1762784491779 0.014866748824715614 6
1762784491811 0.010957601480185986 7
1762784491842 0.007703825365751982 8
1762784491868 0.005908626597374678 9
1762784491893 0.004335261415690184 10
1762784491919 0.004019159357994795 11
1762784491945 0.0031875530257821083 12
1762784491968 0.003168565919622779 13
1762784492000 0.003598125884309411 14
1762784492024 0.0029901114758104086 15
1762784492040 0.0027091242372989655 16
1762784492079 0.0031554363667964935 17
1762784492104 0.002518425462767482 18
1762784492122 0.0021777700167149305 19
1762784492153 0.003994871396571398 20
1762784492169 0.0026460301596671343 21
1762784492208 0.0035378760658204556 22
1762784492231 0.0029470676090568304 23
1762784492247 0.0019263125723227859 24
1762784492284 0.0023428599815815687 25
1762784492312 0.002690519206225872 26
1762784492325 0.0022017473820596933 27
1762784492357 0.002079399535432458 28
1762784492372 0.0020828498527407646 29
1762784492404 0.0016488989349454641 30
1762784492435 0.0014844926772639155 31
1762784492451 0.0016532079316675663 32
