1762526017363 4.999999873689376e-05 1
1762526017393 0.00029749999521300197 2
1762526017432 0.0005450000171549618 3
1762526017458 0.0007924999808892608 4
1762526017473 0.0010400000028312206 5
1762526017504 0.0012875000247731805 6
1762526017529 0.0015350000467151403 7
1762526017561 0.0017824999522417784 8
1762526017592 0.00203000009059906 9
1762526017627 0.002277499996125698 10
1762526017654 0.002524999901652336 11
1762526017670 0.002772500040009618 12
1762526017705 0.003019999945536256 13
1762526017737 0.0032675000838935375 14
1762526017764 0.0035149999894201756 15
1762526017790 0.0037624998949468136 16
1762526017823 0.004009999800473452 17
1762526017851 0.004257500171661377 18
1762526017874 0.004505000077188015 19
1762526017907 0.004752499982714653 20
1762526017923 0.004999999888241291 21
1762526017963 0.00499826529994607 22
1762526017983 0.004993063863366842 23
1762526018008 0.00498440396040678 24
1762526018043 0.004972298629581928 25
1762526018070 0.004956766963005066 26
