1762526167017 0.03165903687477112 1
1762526167039 0.02437526173889637 2
1762526167049 0.023973282426595688 3
1762526167056 0.023515257984399796 4
1762526167066 0.02361106127500534 5
1762526167068 0.023658018559217453 6
1762526167084 0.023374855518341064 7
1762526167092 0.023152971640229225 8
1762526167100 0.023195112124085426 9
1762526167108 0.023058515042066574 10
1762526167116 0.0227326899766922 11
1762526167124 0.0225041676312685 12
1762526167132 0.022049326449632645 13
1762526167134 0.02231459692120552 14
1762526167134 0.022356413304805756 15
1762526167150 0.022013848647475243 16
1762526167150 0.022012315690517426 17
1762526167166 0.021974636241793633 18
1762526167166 0.021738462150096893 19
1762526167185 0.02165345288813114 20
1762526167185 0.021463144570589066 21
1762526167200 0.02145475521683693 22
1762526167200 0.021433379501104355 23
1762526167221 0.02133418247103691 24
1762526167229 0.021237943321466446 25
1762526167237 0.021267928183078766 26
1762526167244 0.021301571279764175 27
1762526167252 0.021186621859669685 28
1762526167260 0.021200954914093018 29
1762526167268 0.021141795441508293 30
1762526167276 0.021165087819099426 31
1762526167284 0.02104518748819828 32
1762526167292 0.02101907692849636 33
1762526167301 0.02097736857831478 34
1762526167309 0.020878097042441368 35
1762526167317 0.02102002501487732 36
1762526167324 0.02084357850253582 37
1762526167328 0.020858416333794594 38
1762526167336 0.020823685452342033 39
1762526167336 0.020831432193517685 40
1762526167351 0.02077404223382473 41
1762526167351 0.020747337490320206 42
1762526167367 0.020676199346780777 43
1762526167367 0.02066747471690178 44
1762526167386 0.02059536799788475 45
1762526167386 0.020602038130164146 46
1762526167402 0.020648721605539322 47
1762526167402 0.02048591524362564 48
1762526167418 0.02041688561439514 49
1762526167426 0.02022750861942768 50
1762526167434 0.020230168476700783 51
1762526167442 0.020164482295513153 52
1762526167449 0.02016141638159752 53
1762526167457 0.02002003602683544 54
1762526167465 0.02003416419029236 55
1762526167473 0.0199496541172266 56
1762526167481 0.019811715930700302 57
1762526167489 0.019799992442131042 58
1762526167497 0.01982654444873333 59
1762526167506 0.019676662981510162 60
1762526167514 0.019717570394277573 61
1762526167522 0.019668612629175186 62
1762526167530 0.019616739824414253 63
1762526167538 0.019631855189800262 64
1762526167546 0.019587211310863495 65
1762526167547 0.019501863047480583 66
1762526167547 0.01943487673997879 67
1762526167562 0.01947139948606491 68
1762526167562 0.019370248541235924 69
1762526167578 0.019379841163754463 70
1762526167587 0.019405663013458252 71
1762526167603 0.019292300567030907 72
1762526167603 0.01930987276136875 73
1762526167618 0.01920893043279648 74
1762526167618 0.019259927794337273 75
1762526167635 0.019241897389292717 76
1762526167643 0.019252611324191093 77
1762526167651 0.019183538854122162 78
1762526167656 0.019148021936416626 79
1762526167656 0.0191058199852705 80
1762526167672 0.019060397520661354 81
1762526167672 0.019088782370090485 82
1762526167688 0.01898764632642269 83
1762526167688 0.019027521833777428 84
1762526167704 0.018989134579896927 85
1762526167704 0.019017484039068222 86
1762526167720 0.018922816962003708 87
1762526167720 0.0189106073230505 88
1762526167735 0.0188613161444664 89
1762526167739 0.018869204446673393 90
1762526167739 0.01883861795067787 91
1762526167759 0.018855299800634384 92
1762526167765 0.018725616857409477 93
1762526167765 0.01879999414086342 94
1762526167780 0.018781134858727455 95
1762526167789 0.018796341493725777 96
1762526167789 0.0188524778932333 97
1762526167805 0.018758777529001236 98
1762526167805 0.018713515251874924 99
1762526167821 0.018644705414772034 100
