1762526017341 0.14844830334186554 1
1762526017379 0.12897491455078125 2
1762526017408 0.11672630161046982 3
1762526017436 0.1129479929804802 4
1762526017458 0.10904862731695175 5
1762526017489 0.10915940254926682 6
1762526017520 0.1086391806602478 7
1762526017545 0.10819350183010101 8
1762526017561 0.10830780863761902 9
1762526017592 0.1076250895857811 10
1762526017632 0.10827173292636871 11
1762526017654 0.10838107019662857 12
1762526017686 0.10871560871601105 13
1762526017705 0.1086357906460762 14
1762526017741 0.11027860641479492 15
1762526017765 0.10883844643831253 16
1762526017790 0.11135942488908768 17
1762526017827 0.11152401566505432 18
1762526017855 0.11023171991109848 19
1762526017874 0.11260663717985153 20
1762526017907 0.11898168921470642 21
1762526017939 0.11301454901695251 22
1762526017967 0.11242377012968063 23
1762526017993 0.11242351680994034 24
1762526018008 0.11043036729097366 25
1762526018043 0.11209367215633392 26
