1762526017341 0.041671767830848694 1
1762526017381 0.0310712568461895 2
1762526017416 0.025059916079044342 3
1762526017444 0.023862458765506744 4
1762526017473 0.022353176027536392 5
1762526017489 0.022458164021372795 6
1762526017528 0.022460591048002243 7
1762526017545 0.022413678467273712 8
1762526017576 0.02246711589396 9
1762526017611 0.02214762568473816 10
1762526017639 0.02234574593603611 11
1762526017654 0.02215183712542057 12
1762526017689 0.022232480347156525 13
1762526017720 0.022264571860432625 14
1762526017749 0.022770417854189873 15
1762526017765 0.02218153141438961 16
1762526017790 0.02316778339445591 17
1762526017835 0.023173276335000992 18
1762526017863 0.02245100401341915 19
1762526017889 0.02368549257516861 20
1762526017907 0.026262730360031128 21
1762526017942 0.023372387513518333 22
1762526017967 0.02317827194929123 23
1762526017993 0.023302273824810982 24
1762526018024 0.022600753232836723 25
1762526018043 0.02331049181520939 26
