1762884147070 9.999999747378752e-05 1
1762884147100 0.0005949999904260039 2
1762884147134 0.0010900000343099236 3
1762884147149 0.0015849999617785215 4
1762884147195 0.0020800000056624413 5
1762884147224 0.002575000049546361 6
1762884147238 0.0030700000934302807 7
1762884147280 0.0035649999044835567 8
1762884147298 0.00406000018119812 9
1762884147330 0.004554999992251396 10
1762884147364 0.005049999803304672 11
1762884147394 0.005545000080019236 12
1762884147409 0.006039999891072512 13
1762884147448 0.006535000167787075 14
1762884147478 0.007029999978840351 15
1762884147499 0.007524999789893627 16
1762884147530 0.008019999600946903 17
1762884147561 0.008515000343322754 18
1762884147595 0.00901000015437603 19
1762884147614 0.009504999965429306 20
