1762884147032 0.1824132800102234 1
1762884147073 0.12232842296361923 2
1762884147100 0.1065799742937088 3
1762884147138 0.1007751002907753 4
1762884147169 0.09851531684398651 5
1762884147199 0.09692801535129547 6
1762884147228 0.09561216086149216 7
1762884147253 0.09507925808429718 8
1762884147285 0.09400133788585663 9
1762884147298 0.09368542581796646 10
1762884147330 0.09310775995254517 11
1762884147369 0.092606320977211 12
1762884147394 0.09313252568244934 13
1762884147425 0.09345690906047821 14
1762884147452 0.09321501851081848 15
1762884147483 0.09270165860652924 16
1762884147499 0.09335178136825562 17
1762884147530 0.09362246096134186 18
1762884147561 0.09328018128871918 19
1762884147598 0.09290751814842224 20
1762884368421 0.02572152391076088 1
1762884368430 0.019422056153416634 2
1762884368430 0.01852596178650856 3
1762884368448 0.01818268559873104 4
1762884368450 0.018338285386562347 5
1762884368463 0.016945578157901764 6
1762884368478 0.016417857259511948 7
1762884368488 0.016329646110534668 8
1762884368497 0.016252344474196434 9
1762884368505 0.015638353303074837 10
1762884368513 0.015542580746114254 11
1762884368521 0.015143227763473988 12
1762884368527 0.014850744977593422 13
1762884368527 0.014511014334857464 14
1762884368543 0.014556176960468292 15
1762884368543 0.013731047511100769 16
1762884368558 0.013547678478062153 17
1762884368558 0.013243075460195541 18
1762884368574 0.012882261537015438 19
1762884368604 0.012426487170159817 20
1762884368616 0.01204735692590475 21
1762884368626 0.011872139759361744 22
1762884368626 0.011943590827286243 23
1762884368642 0.011433866806328297 24
1762884368642 0.011433660984039307 25
1762884368663 0.011025463230907917 26
1762884368663 0.01084741111844778 27
1762884368683 0.01067478209733963 28
1762884368691 0.010691652074456215 29
1762884368699 0.010509395971894264 30
1762884368707 0.009957965463399887 31
1762884368715 0.009986219927668571 32
1762884368721 0.01034968439489603 33
1762884368721 0.009833481162786484 34
1762884368737 0.00967115443199873 35
1762884368737 0.009649899788200855 36
1762884368753 0.009499858133494854 37
1762884368753 0.009437404572963715 38
1762884368768 0.009279021993279457 39
1762884368768 0.009219197556376457 40
1762884368784 0.009265764616429806 41
1762884368784 0.009002954699099064 42
1762884368805 0.008752814494073391 43
1762884368813 0.008599131368100643 44
1762884368821 0.008412872441112995 45
1762884368829 0.00837293453514576 46
1762884368830 0.008297229185700417 47
1762884368830 0.008228471502661705 48
1762884368845 0.008043142035603523 49
1762884368861 0.008253359235823154 50
1762884368861 0.008328278549015522 51
1762884368877 0.00837530568242073 52
1762884368877 0.00833743903785944 53
1762884368893 0.008376985788345337 54
1762884368901 0.008422183804214 55
1762884368910 0.008189529180526733 56
1762884368918 0.008046329952776432 57
1762884368927 0.008177285082638264 58
1762884368935 0.007983229123055935 59
1762884368943 0.00792740285396576 60
1762884368943 0.00784168392419815 61
1762884368959 0.0077707585878670216 62
1762884368959 0.007690672762691975 63
1762884368974 0.007552860304713249 64
1762884368974 0.007522161118686199 65
1762884368990 0.00742142740637064 66
1762884368990 0.007463266607373953 67
1762884369012 0.007163327187299728 68
1762884369020 0.007292686030268669 69
1762884369028 0.007281990721821785 70
1762884369037 0.007266382221132517 71
1762884369045 0.007377732545137405 72
1762884369049 0.007265192922204733 73
1762884369049 0.007244751323014498 74
1762884369064 0.00720262760296464 75
1762884369064 0.007154197432100773 76
1762884369080 0.007090041879564524 77
1762884369080 0.007085280958563089 78
1762884369096 0.007192145101726055 79
1762884369096 0.007026545703411102 80
1762884369111 0.006894994527101517 81
1762884369111 0.006902090273797512 82
1762884369127 0.006944215856492519 83
1762884369127 0.006797984708100557 84
1762884369150 0.0068397242575883865 85
1762884369158 0.00665672030299902 86
1762884369163 0.006645724643021822 87
1762885036898 0.014366294257342815 1
1762885036906 0.009629426524043083 2
1762885036917 0.00942841824144125 3
1762885036919 0.00932646170258522 4
1762885036938 0.00921652652323246 5
1762885036949 0.009105280041694641 6
1762885036957 0.009013091214001179 7
1762885036967 0.00891371350735426 8
1762885036975 0.008867434225976467 9
1762885036984 0.00880951713770628 10
1762885036994 0.008738660253584385 11
1762885037002 0.00869672279804945 12
1762885037010 0.008656972087919712 13
1762885037011 0.008599394001066685 14
1762885037011 0.008525592274963856 15
1762885037027 0.008407958783209324 16
1762885037043 0.008310044184327126 17
1762885037043 0.008230993524193764 18
1762885037058 0.008119059726595879 19
1762885037058 0.008087174035608768 20
1762885037074 0.007955988869071007 21
1762885037074 0.007854587398469448 22
1762885037090 0.007781974971294403 23
1762885037090 0.007614580914378166 24
1762885037105 0.007513745687901974 25
1762885037105 0.007471190765500069 26
1762885037126 0.007406700402498245 27
1762885037134 0.0073060221038758755 28
1762885037137 0.007307960651814938 29
1762885037137 0.007292306981980801 30
1762885037161 0.007292667869478464 31
1762885037169 0.00719114113599062 32
1762885037178 0.007148499134927988 33
1762885037186 0.007055864669382572 34
1762885037195 0.0070656295865774155 35
1762885037204 0.0070174396969377995 36
1762885037212 0.007026177365332842 37
1762885037220 0.00701801385730505 38
1762885037227 0.00698940409347415 39
1762885037227 0.006974150892347097 40
1762885037245 0.006897829473018646 41
1762885037253 0.00689052976667881 42
1762885037262 0.00694186519831419 43
1762885037270 0.0069099352695047855 44
1762885037277 0.006889596115797758 45
1762885037277 0.006933217402547598 46
1762885037293 0.00680290162563324 47
1762885037293 0.006758162751793861 48
1762885037309 0.0067581008188426495 49
1762885037309 0.0067589464597404 50
1762885037327 0.006733686197549105 51
1762885037335 0.0067254952155053616 52
1762885037344 0.0067253257147967815 53
1762885037352 0.0067163086496293545 54
1762885037361 0.006706893444061279 55
1762885037361 0.0066461702808737755 56
1762885037376 0.006637963000684977 57
1762885037376 0.0065664020366966724 58
1762885037392 0.0065498873591423035 59
1762885037392 0.006548350211232901 60
1762885037408 0.006560896057635546 61
1762885037408 0.0065046693198382854 62
1762885037423 0.0065119508653879166 63
1762885037423 0.006541088223457336 64
1762885037442 0.006471585016697645 65
1762885037456 0.006514802109450102 66
1762885037465 0.006502238102257252 67
1762885037466 0.00646633468568325 68
1762885037466 0.006401159334927797 69
1762885037482 0.006445746868848801 70
1762885037497 0.006425763946026564 71
1762885037497 0.006453558336943388 72
1762885037513 0.006399455480277538 73
1762885037513 0.006368229631334543 74
1762885037529 0.006341905798763037 75
1762885037529 0.006331297103315592 76
1762885037544 0.006380876991897821 77
1762885037544 0.006289514247328043 78
1762885037561 0.006348147056996822 79
1762885037571 0.006321484688669443 80
1762885037580 0.006312941666692495 81
1762885037588 0.0062203556299209595 82
1762885037595 0.006269678007811308 83
1762885037595 0.006274554878473282 84
1762885037611 0.00630380492657423 85
1762885037611 0.006252543535083532 86
1762885037626 0.006339776795357466 87
1762885037626 0.006179803516715765 88
1762885037642 0.006296748295426369 89
1762885037642 0.00628944905474782 90
1762885037663 0.00627202820032835 91
1762885037663 0.0062658172100782394 92
1762885037683 0.006211378145962954 93
1762885037691 0.00612151063978672 94
1762885037700 0.006076477002352476 95
1762885037710 0.006056940648704767 96
1762885037711 0.006055609788745642 97
1762885037727 0.006053488235920668 98
1762885037727 0.006005490198731422 99
1762885037743 0.00606395211070776 100
