1762884147032 0.1824132800102234 1
1762884147073 0.12232842296361923 2
1762884147100 0.1065799742937088 3
1762884147142 0.1007751002907753 4
1762884147169 0.09851531684398651 5
1762884147203 0.09692801535129547 6
1762884147232 0.09561216086149216 7
1762884147253 0.09507925808429718 8
1762884147289 0.09400133788585663 9
1762884147314 0.09368542581796646 10
1762884147330 0.09310775995254517 11
1762884147373 0.092606320977211 12
1762884147394 0.09313252568244934 13
1762884147425 0.09345690906047821 14
1762884147456 0.09321501851081848 15
1762884147487 0.09270165860652924 16
1762884147515 0.09335178136825562 17
1762884147530 0.09362246096134186 18
1762884147561 0.09328018128871918 19
1762884147598 0.09290751814842224 20
