1762884147048 0.058447178453207016 1
1762884147084 0.028231916949152946 2
1762884147115 0.02118009701371193 3
1762884147146 0.018995841965079308 4
1762884147169 0.018262606114149094 5
1762884147207 0.01769314520061016 6
1762884147236 0.01734178513288498 7
1762884147253 0.01720537804067135 8
1762884147293 0.0168454647064209 9
1762884147314 0.016662156209349632 10
1762884147348 0.016619298607110977 11
1762884147377 0.01642697863280773 12
1762884147394 0.01653425768017769 13
1762884147425 0.016644243150949478 14
1762884147456 0.016571220010519028 15
1762884147491 0.01643410511314869 16
1762884147515 0.01662001945078373 17
1762884147546 0.016717711463570595 18
1762884147561 0.016511401161551476 19
1762884147598 0.016463492065668106 20
