1762946038326 9.999999747378752e-06 1
1762946038375 5.949999831500463e-05 2
1762946038415 0.00010900000052060932 3
1762946038453 0.0001584999990882352 4
1762946038503 0.00020799999765586108 5
1762946038562 0.0002575000107754022 6
1762946038598 0.00030700000934302807 7
1762946038641 0.00035650000791065395 8
1762946038669 0.00040600000647827983 9
1762946038766 0.0004555000050459057 10
1762946038819 0.0005050000036135316 11
1762946038886 0.000554499973077327 12
1762946038937 0.0006040000007487833 13
