1762946093231 0.11938059329986572 1
1762946093242 0.036604199558496475 2
1762946093251 0.03447423875331879 3
1762946093259 0.031753960996866226 4
1762946093271 0.03262588381767273 5
1762946093278 0.03040132485330105 6
1762946093290 0.030566463246941566 7
1762946093290 0.030100874602794647 8
1762946093311 0.03019081987440586 9
1762946093323 0.03018246404826641 10
1762946093323 0.029082683846354485 11
1762946093342 0.029461167752742767 12
1762946093351 0.029412424191832542 13
1762946093361 0.02916313335299492 14
1762946093370 0.028739001601934433 15
1762946093371 0.02857983484864235 16
1762946093387 0.028669115155935287 17
1762946093387 0.02894996851682663 18
1762946093406 0.028644824400544167 19
1762946093415 0.028367841616272926 20
1762946093423 0.028795024380087852 21
1762946093432 0.02767941541969776 22
1762946093442 0.02897975966334343 23
1762946093451 0.027725499123334885 24
1762946093460 0.02775084786117077 25
1762946093469 0.027469215914607048 26
1762946093471 0.02823198027908802 27
