1762275867698 0.02504272200167179 1
1762275867707 0.012308738194406033 2
1762275867716 0.00997113436460495 3
1762275867724 0.009000110439956188 4
1762275867728 0.008542499504983425 5
1762275867728 0.00835617259144783 6
1762275867743 0.008389832451939583 7
1762275867758 0.008149553090333939 8
1762275867766 0.008226651698350906 9
1762275867775 0.008258325047791004 10
1762275867783 0.007905696518719196 11
1762275867790 0.008111925795674324 12
1762275867799 0.008100059814751148 13
1762275867806 0.007997546344995499 14
1762275867814 0.007909050211310387 15
1762275867823 0.007854112423956394 16
1762275867830 0.007866410538554192 17
1762275867833 0.007738570682704449 18
1762275867833 0.007722048554569483 19
1762275867848 0.007668258622288704 20
1762275867848 0.007662206422537565 21
1762275867869 0.007600994780659676 22
1762275867877 0.0076126400381326675 23
1762275867879 0.007579582277685404 24
1762275867879 0.007668184116482735 25
1762275867895 0.007628303486853838 26
1762275867895 0.00753076421096921 27
1762275867910 0.007473584730178118 28
1762275867910 0.007499197032302618 29
1762275867931 0.007523364387452602 30
1762275867938 0.007459146901965141 31
1762275867941 0.007454062812030315 32
1762275867941 0.007444107439368963 33
1762275867957 0.007422422058880329 34
1762275867957 0.007404677104204893 35
1762275867972 0.007394323591142893 36
1762275867972 0.007438103202730417 37
1762275867988 0.007411351427435875 38
1762275867988 0.007375543471425772 39
1762275868004 0.007345457095652819 40
1762275868004 0.0073808664456009865 41
1762275868023 0.007267945446074009 42
1762275868030 0.007313399109989405 43
1762275868037 0.0072302739135921 44
1762275868046 0.007232402451336384 45
1762275868051 0.007202026434242725 46
1762275868051 0.0071791126392781734 47
1762275868066 0.0071526686660945415 48
1762275868076 0.00717391911894083 49
1762275868084 0.007135836407542229 50
1762275868092 0.007107531651854515 51
1762275868100 0.007028210908174515 52
1762275868108 0.007043130695819855 53
1762275868111 0.0070036849938333035 54
1762275868111 0.0070131272077560425 55
1762275868126 0.0070002730935812 56
1762275868126 0.007128685247153044 57
1762275868142 0.007085707038640976 58
1762275868142 0.006966272834688425 59
1762275868161 0.0069102030247449875 60
1762275868169 0.0068603758700191975 61
1762275868177 0.006824456620961428 62
1762275868184 0.006751428358256817 63
1762275868192 0.006729608401656151 64
1762275868199 0.006736374460160732 65
1762275868207 0.006692675873637199 66
1762275868207 0.006655576638877392 67
1762275868207 0.006677965167909861 68
1762275868223 0.006627815775573254 69
1762275868223 0.00657616276293993 70
1762275868239 0.006584648042917252 71
1762275868239 0.0065547265112400055 72
1762275868261 0.006570262368768454 73
1762275868269 0.006442621815949678 74
1762275868269 0.006512082181870937 75
1762275868269 0.006437214091420174 76
1762275868285 0.006474227644503117 77
1762275868285 0.006419626995921135 78
1762275868307 0.006393146235495806 79
1762275868315 0.006350382696837187 80
1762275868317 0.006380664650350809 81
1762275868317 0.006336558144539595 82
1762275868332 0.006310104392468929 83
1762275868332 0.006385111715644598 84
1762275868353 0.0062370882369577885 85
1762275868361 0.006291400641202927 86
1762275868368 0.0062563237734138966 87
1762275868376 0.006267216522246599 88
1762275868379 0.006235198583453894 89
1762275868379 0.006233753636479378 90
1762275868400 0.006226290017366409 91
