1762276219002 0.035790469497442245 1
1762276219023 0.010191218927502632 2
1762276219033 0.009165980853140354 3
1762276219035 0.008376679383218288 4
1762276219047 0.007866180501878262 5
1762276219047 0.007418984547257423 6
1762276219068 0.007060565985739231 7
1762276219077 0.006876738741993904 8
1762276219086 0.006726925726979971 9
1762276219094 0.0065542845986783504 10
1762276219102 0.006519587244838476 11
1762276219110 0.006449967157095671 12
1762276219112 0.006383261643350124 13
1762276219112 0.006333101075142622 14
1762276219133 0.006309285294264555 15
1762276219141 0.006245109718292952 16
1762276219149 0.006212510168552399 17
1762276219157 0.006139249075204134 18
1762276219157 0.006177825853228569 19
1762276219157 0.006100078113377094 20
1762276219173 0.006122773978859186 21
1762276219173 0.006081979721784592 22
1762276219188 0.00608541164547205 23
1762276219188 0.006028851494193077 24
1762276219209 0.006015372928231955 25
1762276219217 0.005937828682363033 26
1762276219225 0.005897189024835825 27
1762276219232 0.005902821198105812 28
1762276219241 0.005860817618668079 29
1762276219249 0.005859816446900368 30
1762276219256 0.005806353874504566 31
1762276219264 0.005831066984683275 32
1762276219267 0.005759436637163162 33
1762276219267 0.005761648528277874 34
1762276219287 0.005711791571229696 35
1762276219294 0.00570976035669446 36
1762276219302 0.005663256160914898 37
1762276219309 0.005690832156687975 38
1762276219317 0.005610212683677673 39
1762276219325 0.005653786938637495 40
1762276219333 0.005558160599321127 41
1762276219340 0.0055181109346449375 42
1762276219348 0.005491237156093121 43
1762276219356 0.005399972666054964 44
1762276219364 0.005414943210780621 45
1762276219371 0.005419378634542227 46
1762276219379 0.005344113800674677 47
1762276219387 0.005358012393116951 48
1762276219394 0.00530060613527894 49
1762276219402 0.0053344424813985825 50
1762276219407 0.005267559550702572 51
1762276219407 0.005291675683110952 52
1762276219423 0.005223053973168135 53
1762276219423 0.00520060770213604 54
1762276219438 0.005228510592132807 55
1762276219438 0.005177889484912157 56
1762276219454 0.005225725006312132 57
1762276219454 0.005238903686404228 58
1762276219470 0.005263391882181168 59
1762276219470 0.005211090203374624 60
1762276219485 0.005188823211938143 61
1762276219485 0.005138461943715811 62
1762276219501 0.005100344307720661 63
1762276219501 0.00511854188516736 64
1762276219517 0.005066693294793367 65
1762276219525 0.005127179902046919 66
1762276219532 0.005131002049893141 67
1762276219540 0.0051331715658307076 68
1762276219545 0.00515121640637517 69
1762276219545 0.005144755356013775 70
1762276219560 0.0050367689691483974 71
1762276219560 0.005063516553491354 72
1762276219579 0.005008884239941835 73
1762276219587 0.005016440991312265 74
1762276219596 0.005009382031857967 75
1762276219604 0.005006331019103527 76
1762276219612 0.004939953330904245 77
1762276219619 0.004972153343260288 78
1762276219626 0.004994369111955166 79
1762276219626 0.0049984571523964405 80
1762276219642 0.0049696932546794415 81
1762276219642 0.004923015367239714 82
1762276219657 0.0049676960334181786 83
1762276219657 0.004946818575263023 84
1762276219673 0.004903967957943678 85
1762276219680 0.004902826622128487 86
1762276219688 0.00493273138999939 87
1762276219695 0.004890421871095896 88
1762276219703 0.004874053876847029 89
1762276219710 0.004866281058639288 90
1762276219718 0.004897380713373423 91
1762276219726 0.004873556550592184 92
1762276219733 0.004880362655967474 93
1762276219742 0.0049116467125713825 94
1762276219749 0.004906012676656246 95
1762276219751 0.004911239258944988 96
1762276219751 0.004847354255616665 97
1762276219767 0.004862433765083551 98
1762276219767 0.004858028143644333 99
1762276219783 0.004796531982719898 100
