1762910261382 9.999999747378752e-05 1
1762910261431 0.0005949999904260039 2
1762910261460 0.0010900000343099236 3
1762910261492 0.0015849999617785215 4
1762910261514 0.0020800000056624413 5
1762910261550 0.002575000049546361 6
1762910261579 0.0030700000934302807 7
1762910261596 0.0035649999044835567 8
1762910261627 0.00406000018119812 9
1762910261660 0.004554999992251396 10
1762910261691 0.005049999803304672 11
1762910261722 0.005545000080019236 12
1762910261753 0.006039999891072512 13
1762910261769 0.006535000167787075 14
