1762910261366 0.1571648269891739 1
1762910261401 0.11945676803588867 2
1762910261435 0.11313779652118683 3
1762910261465 0.10972501337528229 4
1762910261497 0.10833597928285599 5
1762910261514 0.1075085699558258 6
1762910261554 0.10702510923147202 7
1762910261580 0.10660897940397263 8
1762910261611 0.10561896860599518 9
1762910261627 0.10473513603210449 10
1762910261660 0.10378555953502655 11
1762910261691 0.10338251292705536 12
1762910261722 0.10219706594944 13
1762910261753 0.10247277468442917 14
1762910891414 0.024428071454167366 1
1762910891414 0.02303832396864891 2
1762910891437 0.022761093452572823 3
1762910891449 0.02268594317138195 4
1762910891454 0.023125819861888885 5
1762910891469 0.022831279784440994 6
1762910891479 0.023303119465708733 7
1762910891489 0.021823368966579437 8
1762910891498 0.022167079150676727 9
1762910891506 0.021163219586014748 10
1762910891515 0.020766424015164375 11
1762910891523 0.019494058564305305 12
1762910891529 0.01832565665245056 13
1762910891529 0.018730005249381065 14
1762910891545 0.018023617565631866 15
1762910891545 0.017348308116197586 16
1762910891561 0.017337538301944733 17
1762910891561 0.01695503666996956 18
1762910891576 0.016518285498023033 19
1762910891576 0.016273049637675285 20
1762910891601 0.015999505296349525 21
1762910891609 0.015858815982937813 22
1762910891618 0.015455331653356552 23
1762910891626 0.015373284928500652 24
1762910891635 0.01511832419782877 25
1762910891644 0.014670155011117458 26
1762910891653 0.014249289408326149 27
1762910891661 0.013937512412667274 28
1762910891670 0.013535735197365284 29
1762910891679 0.012985741719603539 30
1762910891679 0.012760693207383156 31
1762910891695 0.012748121283948421 32
1762910891703 0.0122782401740551 33
1762910891712 0.011963899247348309 34
1762910891720 0.011882711201906204 35
1762910891729 0.01155623234808445 36
1762910891729 0.011725018732249737 37
1762910891744 0.011841545812785625 38
1762910891744 0.011668666265904903 39
1762910891760 0.011328808963298798 40
1762910891760 0.011356668546795845 41
1762910891776 0.011114249005913734 42
1762910891776 0.011249425821006298 43
1762910891791 0.010954214259982109 44
1762910891791 0.01074000634253025 45
1762910891807 0.010947334580123425 46
1762910891807 0.010609157383441925 47
1762910891822 0.010122465901076794 48
1762910891838 0.01005011796951294 49
1762910891838 0.010022391565144062 50
1762910891854 0.009926393628120422 51
1762910891854 0.010043376125395298 52
1762910891869 0.009697613306343555 53
1762912532793 0.020181985571980476 1
1762912532810 0.01874675787985325 2
1762912532821 0.018538758158683777 3
1762912532829 0.01844477839767933 4
1762912532831 0.018529964610934258 5
1762912532847 0.018504470586776733 6
1762912532847 0.018546370789408684 7
1762912532867 0.01846209540963173 8
1762912532875 0.01836385950446129 9
1762912532885 0.01848534122109413 10
1762912532893 0.01864195242524147 11
1762912532896 0.01850643940269947 12
1762912532896 0.018509401008486748 13
1762912532912 0.018638961017131805 14
1762912532912 0.0185640137642622 15
1762912532928 0.018481142818927765 16
1762912532944 0.01853564940392971 17
1762912532948 0.01843445375561714 18
1762912532962 0.018382396548986435 19
1762912532971 0.01847943663597107 20
1762912532980 0.018600797280669212 21
1762912532988 0.01868201605975628 22
1762912532996 0.01849413849413395 23
1762912532996 0.018472962081432343 24
1762912533015 0.01835908554494381 25
1762912533023 0.018340034410357475 26
1762912533032 0.01845625787973404 27
1762912533040 0.01839522458612919 28
1762912533046 0.01860363595187664 29
