1762910261371 0.1571648269891739 1
1762910261403 0.11945676803588867 2
1762910261440 0.11313779652118683 3
1762910261468 0.10972501337528229 4
1762910261501 0.10833597928285599 5
1762910261530 0.1075085699558258 6
1762910261558 0.10702510923147202 7
1762910261580 0.10660897940397263 8
1762910261611 0.10561896860599518 9
1762910261646 0.10473513603210449 10
1762910261675 0.10378555953502655 11
1762910261691 0.10338251292705536 12
1762910261722 0.10219706594944 13
1762910261753 0.10247277468442917 14
