1762910261375 0.04522328823804855 1
1762910261403 0.026741905137896538 2
1762910261444 0.023471621796488762 3
1762910261468 0.021944018080830574 4
1762910261505 0.021506747230887413 5
1762910261530 0.021255239844322205 6
1762910261563 0.021114565432071686 7
1762910261580 0.020919980481266975 8
1762910261611 0.02048102393746376 9
1762910261650 0.020130079239606857 10
1762910261675 0.01957409270107746 11
1762910261707 0.01947479322552681 12
1762910261722 0.019017988815903664 13
1762910261753 0.019098756834864616 14
