1762410159184 0.021365085616707802 1
1762410159189 0.012209085747599602 2
1762410159204 0.011307787150144577 3
1762410159218 0.01079263724386692 4
1762410159234 0.010535301640629768 5
1762410159234 0.01023408304899931 6
1762410159251 0.01020930614322424 7
1762410159259 0.009785986505448818 8
1762410159268 0.010034925304353237 9
1762410159276 0.00976631511002779 10
1762410159283 0.009955830872058868 11
1762410159283 0.0095881512388587 12
1762410159299 0.009620683267712593 13
1762410159299 0.009609411470592022 14
1762410159314 0.00933315884321928 15
1762410159314 0.009283005259931087 16
1762410159330 0.009233934804797173 17
1762410159330 0.00914713554084301 18
1762410159346 0.009181463159620762 19
1762410159346 0.008961351588368416 20
1762410159361 0.008846442215144634 21
1762410159377 0.00875141192227602 22
1762410159377 0.008695282973349094 23
1762410159392 0.008576076477766037 24
1762410159392 0.008582521229982376 25
1762410159408 0.008522704243659973 26
1762410159424 0.008464513346552849 27
1762410159424 0.008394142612814903 28
1762410159439 0.008326814509928226 29
1762410159455 0.008265403099358082 30
1762410159455 0.008167224936187267 31
1762410159471 0.007943063043057919 32
1762410159471 0.008227887563407421 33
1762410159486 0.008151618763804436 34
1762410159486 0.00778488302603364 35
1762410159502 0.007841228507459164 36
1762410159502 0.0075142113491892815 37
1762410159517 0.007773347198963165 38
1762410159517 0.007507923524826765 39
1762410159533 0.0074666086584329605 40
1762410159533 0.007099032402038574 41
1762410159549 0.007363193668425083 42
1762410159549 0.0071737016551196575 43
1762410159564 0.007182619068771601 44
1762410159564 0.00705929147079587 45
1762410159580 0.0071183424443006516 46
1762410159580 0.007115007843822241 47
1762410159602 0.007177209947258234 48
1762410159610 0.007366050034761429 49
1762410159618 0.007850289344787598 50
1762410159626 0.007089299615472555 51
1762410159633 0.0070449914783239365 52
1762410159633 0.006909977179020643 53
1762410159649 0.007131810300052166 54
1762410159649 0.007006137631833553 55
1762410159664 0.0072486745193600655 56
1762410159664 0.007113554514944553 57
1762410159680 0.007535075768828392 58
1762410159680 0.007042641751468182 59
1762410159695 0.006865556817501783 60
1762410159695 0.006978712975978851 61
