1762413006683 0.02710232324898243 1
1762413006700 0.008830883540213108 2
1762413006711 0.0085598174482584 3
1762413006712 0.008429153822362423 4
1762413006723 0.008265816606581211 5
1762413006738 0.008155740797519684 6
1762413006738 0.008011141791939735 7
1762413006756 0.00790624413639307 8
1762413006764 0.007796298712491989 9
1762413006773 0.0076812515035271645 10
1762413006781 0.007558782584965229 11
1762413006787 0.007522626779973507 12
1762413006787 0.007498394697904587 13
1762413006803 0.007521909195929766 14
1762413006803 0.007448653224855661 15
1762413006819 0.007422992028295994 16
1762413006819 0.007275799289345741 17
1762413006834 0.007299620192497969 18
1762413006834 0.007267441600561142 19
1762413006850 0.007272744085639715 20
1762413006850 0.007210103794932365 21
1762413006865 0.007238086313009262 22
1762413006865 0.007292248774319887 23
1762413006881 0.007245614659041166 24
1762413006897 0.007182773668318987 25
1762413006897 0.0071752918884158134 26
1762413006912 0.007181216962635517 27
1762413006912 0.007118608802556992 28
1762413006928 0.0071380482986569405 29
1762413006928 0.007064393255859613 30
1762413006944 0.007101794239133596 31
1762413006954 0.007064571138471365 32
1762413006963 0.007068108767271042 33
1762413006971 0.0070241778157651424 34
1762413006979 0.00706993043422699 35
1762413006987 0.0070310793817043304 36
1762413006987 0.007048036437481642 37
1762413007003 0.007032972294837236 38
1762413007003 0.007075512316077948 39
1762413007019 0.006954648066312075 40
1762413007019 0.006936507299542427 41
1762413007034 0.00700404355302453 42
1762413007034 0.007037415634840727 43
1762413007050 0.007003503851592541 44
1762413007050 0.006898791994899511 45
1762413007066 0.006889914162456989 46
1762413007066 0.006842200178653002 47
1762413007081 0.006939520128071308 48
1762413007081 0.006829557009041309 49
1762413007097 0.006841015070676804 50
1762413007097 0.006849485915154219 51
1762413007112 0.00679773511365056 52
1762413007128 0.006830449681729078 53
1762413007128 0.006750042084604502 54
1762413007144 0.006789731793105602 55
1762413007144 0.00675973342731595 56
1762413007159 0.006770431529730558 57
1762413007159 0.006745642051100731 58
1762413007175 0.006733338814228773 59
1762413007183 0.00670825457200408 60
1762413007183 0.006739580538123846 61
1762413007199 0.006704041268676519 62
1762413007199 0.0066916560754179955 63
1762413007214 0.006693264935165644 64
1762413007214 0.006627247203141451 65
1762413007230 0.006721395533531904 66
1762413007230 0.006645947694778442 67
1762413007245 0.006608039606362581 68
1762413007245 0.006568185519427061 69
1762413007261 0.006558967288583517 70
1762413007261 0.006509749684482813 71
1762413007277 0.006513580679893494 72
1762413007277 0.006505647208541632 73
1762413007292 0.006467961706221104 74
1762413007292 0.006430783309042454 75
1762413007308 0.006463089492172003 76
1762413007308 0.006389303132891655 77
1762413007324 0.006368481554090977 78
1762413007324 0.006341445259749889 79
1762413007339 0.006320922169834375 80
1762413007339 0.0063422322273254395 81
1762413007355 0.006241519004106522 82
1762413007370 0.006271187216043472 83
1762413007370 0.006238733883947134 84
1762413007386 0.00624922476708889 85
1762413007386 0.006237930152565241 86
1762413007402 0.00619535893201828 87
1762413007402 0.006134882569313049 88
1762413007417 0.006092548370361328 89
1762413007417 0.006055754143744707 90
1762413007433 0.006011987570673227 91
1762413007433 0.006010713521391153 92
1762413007449 0.005918740760535002 93
1762413007449 0.005961239337921143 94
1762413007464 0.005928280297666788 95
1762413007464 0.005919971968978643 96
1762413007480 0.005869778338819742 97
1762413007490 0.005878183525055647 98
1762413007499 0.005887328647077084 99
1762413007508 0.005822941195219755 100
