1762403867512 0.03731121867895126 1
1762403867530 0.010990684852004051 2
1762403867544 0.009660993702709675 3
1762403867558 0.008645591326057911 4
1762403867573 0.008037589490413666 5
1762403867581 0.007507745176553726 6
1762403867590 0.00715035293251276 7
1762403867598 0.0069081541150808334 8
1762403867606 0.006764635909348726 9
1762403867606 0.006637977436184883 10
1762403867624 0.006481591612100601 11
1762403867632 0.006449504289776087 12
1762403867641 0.006403901614248753 13
1762403867649 0.006377465557307005 14
1762403867657 0.0062982672825455666 15
1762403867657 0.006271879654377699 16
1762403867673 0.006225964054465294 17
1762403867673 0.006208652164787054 18
1762403867689 0.006120542995631695 19
1762403867689 0.0060991388745605946 20
1762403867704 0.006060542073100805 21
1762403867704 0.006195728667080402 22
1762403867720 0.006087705958634615 23
1762403867720 0.0059842318296432495 24
1762403867736 0.006024192087352276 25
1762403867736 0.005969340447336435 26
1762403867751 0.005929591134190559 27
1762403867751 0.005914975423365831 28
1762403867767 0.005908481776714325 29
1762403867767 0.005932468920946121 30
1762403867782 0.005838179960846901 31
1762403867782 0.0058241854421794415 32
1762403867798 0.005800399463623762 33
1762403867798 0.00580116780474782 34
1762403867814 0.005790491588413715 35
1762403867814 0.005786266643553972 36
1762403867829 0.0057795606553554535 37
1762403867829 0.005783941131085157 38
1762403867845 0.00575657282024622 39
1762403867845 0.005757751874625683 40
1762403867861 0.005709982011467218 41
1762403867861 0.005808303132653236 42
1762403867876 0.005717760417610407 43
1762403867876 0.0056727053597569466 44
1762403867892 0.0057194167748093605 45
1762403867907 0.00582626648247242 46
1762403867907 0.005718017462641001 47
1762403867923 0.005677275359630585 48
1762403867923 0.005691304802894592 49
1762403867939 0.005644785240292549 50
1762403867939 0.005634488072246313 51
1762403867954 0.005714957136660814 52
1762403867954 0.005625218152999878 53
1762403867970 0.005595613736659288 54
1762403867970 0.005615175701677799 55
1762403867986 0.0055832224898040295 56
1762403867986 0.005571186542510986 57
1762403868001 0.0055613284930586815 58
1762403868001 0.005564272869378328 59
1762403868017 0.0055412896908819675 60
1762403868017 0.005558482371270657 61
1762403868032 0.005490152630954981 62
1762403868032 0.005496809259057045 63
1762403868048 0.0054708207026124 64
1762403868079 0.005493472330272198 65
1762403868079 0.00546363927423954 66
1762403868095 0.00548643758520484 67
1762403868095 0.005431011319160461 68
