1762404998911 0.029741771519184113 1
1762404998929 0.010946308262646198 2
1762404998938 0.00852185394614935 3
1762404998938 0.00729916337877512 4
1762404998950 0.006528337951749563 5
1762404998966 0.006127860862761736 6
1762404998966 0.005818973761051893 7
1762404998983 0.005695578176528215 8
1762404998991 0.005548547487705946 9
1762404999000 0.005463537760078907 10
1762404999009 0.005378758069127798 11
1762404999015 0.005321044474840164 12
1762404999015 0.005307876970618963 13
1762404999031 0.005262416321784258 14
1762404999031 0.005253368057310581 15
1762404999046 0.005243233870714903 16
1762404999046 0.005254101939499378 17
1762404999062 0.005231423303484917 18
1762404999062 0.005116638727486134 19
1762404999077 0.005146274343132973 20
1762404999077 0.005188462324440479 21
1762404999093 0.005158372223377228 22
1762404999093 0.005205968394875526 23
1762404999109 0.005108776967972517 24
1762404999109 0.005104033276438713 25
1762404999124 0.005084486678242683 26
1762404999140 0.005070703569799662 27
1762404999140 0.005046376492828131 28
1762404999156 0.005017437040805817 29
1762404999156 0.0050483038648962975 30
1762404999171 0.005001871380954981 31
1762404999171 0.005005992949008942 32
1762404999187 0.00496977474540472 33
1762404999187 0.004988233558833599 34
1762404999202 0.004944666754454374 35
1762404999202 0.004912286065518856 36
1762404999218 0.004892298020422459 37
1762404999218 0.004903641063719988 38
1762404999234 0.004853672813624144 39
1762404999234 0.0047762528993189335 40
1762404999249 0.00477608572691679 41
1762404999249 0.004777676425874233 42
1762404999265 0.00470160273835063 43
1762404999265 0.004690548405051231 44
1762404999281 0.0046047307550907135 45
1762404999297 0.004627246875315905 46
1762404999305 0.004609030205756426 47
1762404999314 0.004555262625217438 48
1762404999322 0.00454023526981473 49
1762404999330 0.004454868845641613 50
1762404999331 0.004457036964595318 51
1762404999331 0.004418267868459225 52
1762404999347 0.004307709634304047 53
1762404999363 0.004287268500775099 54
1762404999363 0.004335605539381504 55
1762404999378 0.004282583948224783 56
1762404999378 0.004200908821076155 57
1762404999394 0.004211199004203081 58
1762404999410 0.004162823315709829 59
1762404999410 0.004082410596311092 60
1762404999425 0.004034576937556267 61
1762404999441 0.003997460473328829 62
1762404999441 0.00407246220856905 63
1762404999456 0.003957383334636688 64
1762404999456 0.0039606764912605286 65
1762404999472 0.003931515384465456 66
1762404999472 0.0038564119022339582 67
1762404999488 0.0038359141908586025 68
1762404999488 0.0037549538537859917 69
1762404999503 0.0037544090300798416 70
1762404999519 0.003749344265088439 71
1762404999519 0.0037318312097340822 72
1762404999535 0.0036523123271763325 73
1762404999535 0.0036090686917304993 74
1762404999550 0.0036783150862902403 75
1762404999550 0.003582686884328723 76
1762404999566 0.003513248171657324 77
1762404999566 0.003454724559560418 78
1762404999581 0.003426110837608576 79
1762404999581 0.0035297574941068888 80
1762404999597 0.003409721190109849 81
1762404999597 0.003369738347828388 82
1762404999613 0.003371249418705702 83
1762404999613 0.003442110726609826 84
1762404999628 0.0033336044289171696 85
1762404999628 0.003212234005331993 86
1762404999644 0.0032337403390556574 87
1762404999644 0.0031801899895071983 88
1762404999660 0.003172445809468627 89
1762404999660 0.00317337061278522 90
1762404999675 0.0032265973277390003 91
1762404999691 0.0031369635835289955 92
1762404999691 0.0031410434748977423 93
1762404999706 0.0030701032374054193 94
1762404999706 0.0030303685925900936 95
1762404999722 0.0029945815913379192 96
1762404999722 0.002965457271784544 97
1762404999738 0.0029672221280634403 98
1762404999738 0.00296511547639966 99
1762404999753 0.00292167067527771 100
