1762345938721 0.035777248442173004 1
1762345938730 0.011807081289589405 2
1762345938739 0.00935288518667221 3
1762345938748 0.007836422882974148 4
1762345938756 0.006855261046439409 5
1762345938757 0.006222475785762072 6
1762345938774 0.005896450486034155 7
1762345938783 0.005579703953117132 8
1762345938792 0.005349642131477594 9
1762345938798 0.00522638438269496 10
1762345938798 0.005109480582177639 11
1762345938815 0.0050081717781722546 12
1762345938823 0.004971409682184458 13
1762345938831 0.0049144369550049305 14
1762345938831 0.00487468671053648 15
1762345938846 0.004867116920650005 16
1762345938857 0.004846902564167976 17
1762345938865 0.004820701200515032 18
1762345938874 0.004815358202904463 19
1762345938882 0.004778236150741577 20
1762345938890 0.004753572400659323 21
1762345938891 0.004764558281749487 22
1762345938891 0.004742548801004887 23
1762345938906 0.004725733306258917 24
1762345938906 0.004721007309854031 25
1762345938928 0.004711107816547155 26
1762345938936 0.004704379942268133 27
1762345938938 0.004672257229685783 28
1762345938938 0.00466203922405839 29
1762345938954 0.004655634053051472 30
1762345938954 0.0046630846336483955 31
1762345938970 0.004630465060472488 32
1762345938970 0.004616209305822849 33
1762345938985 0.004601298365741968 34
1762345938985 0.004596059676259756 35
1762345939008 0.004586395341902971 36
1762345939015 0.004568453878164291 37
1762345939017 0.004531527403742075 38
1762345939017 0.004529719240963459 39
1762345939040 0.004535946063697338 40
1762345939048 0.004500184208154678 41
1762345939049 0.004489128943532705 42
1762345939049 0.004478483460843563 43
1762345939065 0.004465857520699501 44
1762345939065 0.004443480167537928 45
1762345939080 0.004402901045978069 46
1762345939080 0.00438039330765605 47
1762345939103 0.00436017382889986 48
1762345939111 0.004357918631285429 49
1762345939120 0.004268471151590347 50
1762345939128 0.004269602708518505 51
1762345939136 0.004275477956980467 52
1762345939145 0.004236434120684862 53
1762345939153 0.004186728503555059 54
1762345939158 0.004120359197258949 55
1762345939158 0.004130903165787458 56
1762345939176 0.0040778168477118015 57
1762345939184 0.004016658291220665 58
1762345939192 0.004052329808473587 59
1762345939200 0.0039668879471719265 60
1762345939209 0.00392157444730401 61
1762345939217 0.0039165932685136795 62
1762345939225 0.0038596566300839186 63
1762345939232 0.0038600198458880186 64
1762345939236 0.0037739595863968134 65
1762345939236 0.0038307164795696735 66
1762345939255 0.003798875492066145 67
1762345939263 0.0036771749146282673 68
1762345939267 0.0036144941113889217 69
1762345939267 0.0036238597240298986 70
1762345939282 0.0036601487081497908 71
1762345939282 0.003595992922782898 72
1762345939298 0.003588077612221241 73
1762345939298 0.0035014518070966005 74
1762345939313 0.0034507284872233868 75
1762345939313 0.0033955697435885668 76
1762345939337 0.003415276063606143 77
1762345939345 0.0033584239427000284 78
1762345939345 0.0033341655507683754 79
1762345939345 0.003281882032752037 80
1762345939370 0.0032926853746175766 81
1762345939376 0.0032691932283341885 82
1762345939376 0.0032411518041044474 83
1762345939392 0.0032673999667167664 84
1762345939392 0.0032054679468274117 85
1762345939410 0.0032198659610003233 86
1762345939419 0.003167345654219389 87
1762345939426 0.003142146859318018 88
1762345939434 0.0031479543540626764 89
1762345939442 0.0031251960899680853 90
1762345939450 0.0031668057199567556 91
1762345939455 0.003073108848184347 92
1762345939455 0.0030248058028519154 93
1762345939474 0.003043616423383355 94
1762345939482 0.0029979830142110586 95
1762345939485 0.00298197939991951 96
1762345939485 0.0029873570892959833 97
1762345939501 0.0029264898039400578 98
1762345939501 0.002952717477455735 99
1762345939516 0.0029812175780534744 100
