1762344969292 0.03130126744508743 1
1762344969314 0.011717310175299644 2
1762344969323 0.008802380412817001 3
1762344969332 0.0074526541866362095 4
1762344969341 0.006619617342948914 5
1762344969350 0.006171283777803183 6
1762344969353 0.005922173615545034 7
1762344969353 0.005735414568334818 8
1762344969376 0.005652145482599735 9
1762344969384 0.005587851162999868 10
1762344969392 0.005529192741960287 11
1762344969401 0.0054750870913267136 12
1762344969409 0.005451289005577564 13
1762344969417 0.005413063336163759 14
1762344969425 0.005410338751971722 15
1762344969434 0.005327113904058933 16
1762344969442 0.005321905482560396 17
1762344969449 0.005314797628670931 18
1762344969449 0.005338690243661404 19
1762344969465 0.005340646952390671 20
1762344969465 0.005299451295286417 21
1762344969481 0.0052858442068099976 22
1762344969481 0.005283999722450972 23
1762344969496 0.005296231247484684 24
1762344969496 0.00528715318068862 25
1762344969512 0.005284473299980164 26
1762344969512 0.005267132073640823 27
1762344969527 0.005259914323687553 28
1762344969527 0.005239114165306091 29
1762344969548 0.005247239023447037 30
1762344969555 0.005249395966529846 31
1762344969558 0.005242050625383854 32
1762344969558 0.005227759014815092 33
1762344969574 0.0052451081573963165 34
1762344969574 0.005245444364845753 35
1762344969590 0.005234215408563614 36
1762344969590 0.005225711967796087 37
1762344969605 0.005235441494733095 38
1762344969605 0.005218925885856152 39
1762344969621 0.00521412119269371 40
1762344969621 0.005227516405284405 41
1762344969644 0.005226765293627977 42
1762344969652 0.005198754835873842 43
1762344969660 0.005210998468101025 44
1762344969667 0.005212349351495504 45
1762344969668 0.005229025613516569 46
1762344969668 0.005183347500860691 47
1762344969683 0.005208431743085384 48
1762344969683 0.0051855961792171 49
1762344969699 0.00519087677821517 50
1762344969699 0.005183417350053787 51
1762344969715 0.00520662497729063 52
1762344969730 0.005212739575654268 53
