1762288171922 0.03889746963977814 1
1762288171932 0.012028250843286514 2
1762288171944 0.007912838831543922 3
1762288171961 0.006412851624190807 4
1762288171977 0.0058067128993570805 5
1762288171995 0.005437301471829414 6
1762288172009 0.005320393014699221 7
1762288172021 0.005194501020014286 8
1762288172030 0.005078119691461325 9
1762288172038 0.004994820803403854 10
1762288172046 0.004886943381279707 11
1762288172054 0.004885480273514986 12
1762288172062 0.004841592162847519 13
1762288172069 0.004745159763842821 14
1762288172077 0.004675328265875578 15
1762288172086 0.004663495812565088 16
1762288172094 0.004591119475662708 17
1762288172102 0.0045245918445289135 18
1762288172110 0.004499010741710663 19
1762288172118 0.004470442421734333 20
1762288172126 0.004384374246001244 21
1762288172133 0.004354473203420639 22
1762288172142 0.004360204096883535 23
1762288172150 0.004241368733346462 24
1762288172158 0.004163127392530441 25
1762288172166 0.004182847682386637 26
1762288172171 0.004100792109966278 27
1762288172171 0.004078597296029329 28
1762288172186 0.0039871023036539555 29
1762288172197 0.004030908457934856 30
1762288172206 0.003929377533495426 31
1762288172218 0.0038656878750771284 32
1762288172227 0.0038207073230296373 33
1762288172228 0.0037681693211197853 34
1762288172243 0.0036592052783817053 35
1762288172243 0.003638836555182934 36
1762288172265 0.0037003271281719208 37
1762288172273 0.0035573390778154135 38
1762288172280 0.0035254403483122587 39
1762288172280 0.0035287239588797092 40
1762288172296 0.003414758713915944 41
1762288172296 0.003361012786626816 42
1762288172311 0.00330408220179379 43
1762288172311 0.003293087473139167 44
1762288172333 0.0032365082297474146 45
1762288172333 0.00317092752084136 46
1762288172349 0.0030778960790485144 47
1762288172349 0.0031272799242287874 48
1762288172365 0.0031069894321262836 49
1762288172365 0.0030491240322589874 50
1762288172386 0.0030086159240454435 51
1762288172395 0.0029390386771410704 52
1762288172403 0.0029791889246553183 53
1762288172412 0.0028988104313611984 54
1762288172420 0.0028617465868592262 55
1762288172421 0.002823876217007637 56
1762288172421 0.002848444739356637 57
1762288172437 0.0027547357603907585 58
1762288172453 0.002770279534161091 59
1762288172463 0.0027255688328295946 60
1762288172468 0.0026810516137629747 61
1762288172468 0.0026933662593364716 62
1762288172484 0.002603782108053565 63
1762288172484 0.0025686309672892094 64
1762288172499 0.0025372023228555918 65
1762288172499 0.0025639908853918314 66
1762288172519 0.002506149234250188 67
1762288172527 0.002466502832248807 68
1762288172535 0.0024450644850730896 69
1762288172543 0.002407749416306615 70
1762288172543 0.00239123054780066 71
1762288172559 0.002367295790463686 72
1762288172559 0.0022886120714247227 73
1762288172575 0.0023516742512583733 74
1762288172583 0.002270709490403533 75
1762288172591 0.0022597333882004023 76
1762288172593 0.0022412233520299196 77
1762288172593 0.002169177867472172 78
1762288172609 0.0021661347709596157 79
1762288172609 0.002148999134078622 80
1762288172624 0.0021329480223357677 81
1762288172624 0.0020810237620025873 82
1762288172640 0.0020723040215671062 83
1762288172640 0.0020602138247340918 84
1762288172655 0.0020610641222447157 85
1762288172655 0.002035061828792095 86
1762288172676 0.0020015358459204435 87
1762288172684 0.0020365125965327024 88
1762288172686 0.001963923219591379 89
1762288172686 0.0019377277931198478 90
1762288172707 0.0019440768519416451 91
1762288172715 0.0019161570817232132 92
1762288172724 0.001900321920402348 93
1762288172733 0.0019136549672111869 94
1762288172741 0.0018875973764806986 95
1762288172750 0.0018802029080688953 96
1762288172758 0.0018522782484069467 97
1762288172765 0.0018499668221920729 98
1762288172772 0.0018216335447505116 99
1762288172778 0.001813840470276773 100
