1762287831845 0.03115219995379448 1
1762287831845 0.009239890612661839 2
1762287831868 0.008112038485705853 3
1762287831877 0.0074705881997942924 4
1762287831885 0.007319009862840176 5
1762287831892 0.00704750744625926 6
1762287831901 0.007024022284895182 7
1762287831901 0.006953089963644743 8
1762287831920 0.006839302834123373 9
1762287831928 0.006601228844374418 10
1762287831936 0.00648887176066637 11
1762287831944 0.006394034717231989 12
1762287831953 0.0062820324674248695 13
1762287831956 0.006154739763587713 14
1762287831956 0.00605656998232007 15
1762287831978 0.005882857833057642 16
1762287831986 0.005941876210272312 17
1762287831994 0.005932233761996031 18
1762287832002 0.005625840276479721 19
1762287832010 0.005711754318326712 20
1762287832016 0.005624779500067234 21
1762287832016 0.005525839515030384 22
1762287832032 0.005518418736755848 23
1762287832032 0.005409121513366699 24
1762287832047 0.005347078200429678 25
1762287832047 0.005358355585485697 26
1762287832064 0.005237430799752474 27
1762287832064 0.00530856242403388 28
1762287832064 0.005182857625186443 29
1762287832090 0.005214341450482607 30
1762287832098 0.005158535670489073 31
1762287832106 0.00527565972879529 32
1762287832112 0.005256636068224907 33
1762287832112 0.005181759595870972 34
1762287832128 0.005057037342339754 35
1762287832128 0.005118757486343384 36
1762287832146 0.005041120573878288 37
1762287832153 0.005067443009465933 38
1762287832162 0.005042077507823706 39
1762287832170 0.005061991047114134 40
1762287832173 0.0050827860832214355 41
1762287832173 0.005074478220194578 42
1762287832189 0.005139198154211044 43
1762287832189 0.00500899413600564 44
1762287832210 0.005128800868988037 45
1762287832220 0.005176239181309938 46
1762287832220 0.00505407527089119 47
1762287832236 0.004944339860230684 48
1762287832236 0.005021425895392895 49
1762287832252 0.0049397898837924 50
1762287832267 0.004900611471384764 51
1762287832267 0.004879210609942675 52
1762287832283 0.0049346922896802425 53
1762287832283 0.004904591012746096 54
1762287832302 0.004979987163096666 55
1762287832312 0.004858063068240881 56
1762287832321 0.0049775163643062115 57
1762287832328 0.004911824595183134 58
1762287832334 0.005058682523667812 59
1762287832339 0.005138542968779802 60
1762287832339 0.005155052989721298 61
1762287832355 0.005090504884719849 62
1762287832355 0.0049479869194328785 63
1762287832379 0.00499206967651844 64
1762287832391 0.004853220656514168 65
1762287832400 0.004803802818059921 66
1762287832409 0.0047846571542322636 67
1762287832417 0.004780449904501438 68
1762287832417 0.0047562806867063046 69
1762287832433 0.004805551376193762 70
1762287832433 0.004718092270195484 71
1762287832451 0.005126608535647392 72
1762287832451 0.00482205068692565 73
1762287832467 0.004778941627591848 74
1762287832467 0.004768683575093746 75
1762287832488 0.004818721208721399 76
1762287832496 0.004681528080254793 77
