1762783886979 4.999999873689376e-05 1
1762783886998 0.00029749999521300197 2
1762783887035 0.0005450000171549618 3
1762783887061 0.0007924999808892608 4
1762783887077 0.0010400000028312206 5
1762783887119 0.0012875000247731805 6
1762783887142 0.0015350000467151403 7
1762783887158 0.0017824999522417784 8
1762783887189 0.00203000009059906 9
1762783887223 0.002277499996125698 10
1762783887235 0.002524999901652336 11
1762783887262 0.002772500040009618 12
1762783887295 0.003019999945536256 13
1762783887311 0.0032675000838935375 14
1762783887345 0.0035149999894201756 15
1762783887376 0.0037624998949468136 16
1762783887392 0.004009999800473452 17
1762783887423 0.004257500171661377 18
1762783887454 0.004505000077188015 19
1762783887470 0.004752499982714653 20
1762783887495 0.004999999888241291 21
1762783887534 0.00499826529994607 22
1762783887560 0.004993063863366842 23
1762783887579 0.00498440396040678 24
1762783887610 0.004972298629581928 25
1762783887626 0.004956766963005066 26
1762783887657 0.004937832243740559 27
1762783887688 0.004915524274110794 28
1762783887704 0.004889877047389746 29
1762783887735 0.004860930610448122 30
1762783887763 0.00482872873544693 31
1762783887782 0.004793322179466486 32
1762783887815 0.0047547644935548306 33
1762783887828 0.004713116213679314 34
1762783887866 0.004668440204113722 35
1762783887892 0.004620806779712439 36
1762783887907 0.004570288117974997 37
1762783887938 0.004516962915658951 38
1762783887954 0.004460913594812155 39
1762783887985 0.004402225837111473 40
1762783888017 0.004340990446507931 41
1762783888032 0.004277301486581564 42
1762783888063 0.004211258143186569 43
1762783888094 0.004142961464822292 44
1762783888110 0.004072516690939665 45
1762783888142 0.004000033251941204 46
1762783888157 0.003925621975213289 47
1762783888188 0.0038493978790938854 48
1762783888204 0.0037714785430580378 49
1762783888235 0.0036919843405485153 50
1762783888267 0.00361103774048388 51
1762783888282 0.0035287633072584867 52
1762783888318 0.0034452881664037704 53
1762783888343 0.0033607410732656717 54
1762783888361 0.003275252180173993 55
1762783888392 0.0031889532692730427 56
1762783888408 0.0031019775196909904 57
1762783888438 0.003014459041878581 58
1762783888470 0.0029265328776091337 59
1762783888485 0.002838334534317255 60
1762783888516 0.002749999985098839 61
1762783888532 0.0026616654358804226 62
1762783888563 0.002573467092588544 63
1762783888595 0.0024855409283190966 64
1762783888610 0.002398022450506687 65
1762783888648 0.002311046700924635 66
1762783888673 0.002224748022854328 67
1762783888688 0.002139258896932006 68
1762783888720 0.002054711803793907 69
1762783888735 0.001971236662939191 70
1762783888766 0.0018889622297137976 71
1762783888798 0.0018080156296491623 72
1762783888829 0.0017285214271396399 73
1762783888857 0.001650602207519114 74
1762783888878 0.001574378227815032 75
1762783888909 0.0014999669510871172 76
1762783888925 0.001427483162842691 77
1762783888956 0.0013570386217907071 78
1762783888985 0.0012887419434264302 79
1762783889001 0.0012226983672007918 80
1762783889032 0.0011590097565203905 81
1762783889048 0.0010977743659168482 82
1762783889079 0.0010390866082161665 83
1762783889110 0.000983036938123405 84
1762783889126 0.0009297117358073592 85
1762783889157 0.0008791933651082218 86
1762783889191 0.0008315596496686339 87
1762783889204 0.0007868839893490076 88
1762783889235 0.0007452353020198643 89
1762783889266 0.0007066778489388525 90
1762783889282 0.0006712710601277649 91
1762783889316 0.0006390694761648774 92
1762783889341 0.000610122864600271 93
1762783889361 0.0005844756960868835 94
1762783889392 0.0005621676682494581 95
1762783889410 0.0005432331236079335 96
1762783889442 0.0005277012242004275 97
