1762783886954 0.6043586134910583 1
1762783886984 0.32435205578804016 2
1762783887012 0.16936881840229034 3
1762783887038 0.12606295943260193 4
1762783887061 0.1049157977104187 5
1762783887077 0.08734606951475143 6
1762783887123 0.0733880028128624 7
1762783887142 0.06382633745670319 8
1762783887173 0.057269662618637085 9
1762783887189 0.04966181889176369 10
1762783887226 0.05005256459116936 11
1762783887251 0.043496083468198776 12
1762783887278 0.0387527234852314 13
1762783887295 0.039473775774240494 14
1762783887329 0.034625787287950516 15
1762783887345 0.032044053077697754 16
1762783887376 0.03387972712516785 17
1762783887392 0.03073136694729328 18
1762783887423 0.029559088870882988 19
1762783887454 0.032529838383197784 20
1762783887485 0.029542310163378716 21
1762783887513 0.02729008160531521 22
1762783887538 0.024684570729732513 23
1762783887563 0.02317039854824543 24
1762783887579 0.020670438185334206 25
1762783887610 0.016477415338158607 26
1762783887642 0.01599440537393093 27
1762783887657 0.016638698056340218 28
1762783887688 0.01568930223584175 29
1762783887704 0.015205462463200092 30
1762783887735 0.013983574695885181 31
1762783887767 0.013759004883468151 32
1762783887782 0.013599066995084286 33
1762783887819 0.014966100454330444 34
1762783887844 0.014034034684300423 35
1762783887869 0.013740299269557 36
1762783887892 0.014080740511417389 37
1762783887907 0.01411034818738699 38
1762783887938 0.01315058022737503 39
1762783887970 0.012793386355042458 40
1762783887985 0.01336650736629963 41
1762783888017 0.01462764572352171 42
1762783888048 0.013534228317439556 43
1762783888063 0.013246324844658375 44
1762783888098 0.01265838835388422 45
1762783888110 0.012942607514560223 46
1762783888142 0.012787365354597569 47
1762783888173 0.012845504097640514 48
1762783888188 0.01358912792056799 49
1762783888220 0.01308399997651577 50
1762783888235 0.012698561884462833 51
1762783888267 0.013618580996990204 52
1762783888282 0.01244377437978983 53
1762783888322 0.013519583269953728 54
1762783888348 0.013215907849371433 55
1762783888361 0.012621337547898293 56
1762783888392 0.012529626488685608 57
1762783888408 0.012390070594847202 58
1762783888438 0.013031259179115295 59
1762783888470 0.012267488986253738 60
1762783888485 0.011998508125543594 61
1762783888516 0.012904833070933819 62
1762783888548 0.012002987787127495 63
1762783888563 0.013140941970050335 64
1762783888595 0.012745177373290062 65
1762783888626 0.01223375927656889 66
1762783888652 0.012100234627723694 67
1762783888673 0.011979710310697556 68
1762783888688 0.011839007027447224 69
1762783888720 0.012340214103460312 70
1762783888751 0.011967807076871395 71
1762783888766 0.012082282453775406 72
1762783888798 0.011567560955882072 73
1762783888829 0.011637050658464432 74
1762783888862 0.011855187825858593 75
1762783888878 0.012237920425832272 76
1762783888909 0.011498642154037952 77
1762783888925 0.011706443503499031 78
1762783888956 0.011937510222196579 79
1762783888985 0.011735907755792141 80
1762783889016 0.011674409732222557 81
1762783889032 0.011588948778808117 82
1762783889063 0.01147177629172802 83
1762783889079 0.011641747318208218 84
1762783889110 0.01119009405374527 85
1762783889141 0.011059805750846863 86
1762783889157 0.011223207227885723 87
1762783889195 0.011318325065076351 88
1762783889220 0.010966234840452671 89
1762783889235 0.011621718294918537 90
1762783889266 0.012191099114716053 91
1762783889282 0.011472434736788273 92
1762783889320 0.011052449233829975 93
1762783889345 0.011135834269225597 94
1762783889361 0.01141634676605463 95
1762783889395 0.011138515546917915 96
1762783889410 0.011298556812107563 97
