1762783886963 0.6311680674552917 1
1762783886985 0.19457431137561798 2
1762783887016 0.05225237458944321 3
1762783887046 0.027522658929228783 4
1762783887061 0.020599929615855217 5
1762783887093 0.01443107146769762 6
1762783887126 0.011347230523824692 7
1762783887142 0.008812351152300835 8
1762783887173 0.00684540718793869 9
1762783887205 0.005748610012233257 10
1762783887234 0.005382627714425325 11
1762783887251 0.004034873563796282 12
1762783887278 0.0033041450660675764 13
1762783887311 0.003774921176955104 14
1762783887337 0.0028706637676805258 15
1762783887360 0.0025651692412793636 16
1762783887376 0.002666934160515666 17
1762783887407 0.0022717390675097704 18
1762783887438 0.001814636285416782 19
1762783887454 0.002037610625848174 20
1762783887485 0.0017805120442062616 21
1762783887517 0.0015444924356415868 22
1762783887545 0.0012681069783866405 23
1762783887563 0.0011558765545487404 24
1762783887595 0.0008359181811101735 25
1762783887610 0.0005958785768598318 26
1762783887642 0.0005512152565643191 27
1762783887673 0.0006235727923922241 28
1762783887688 0.000540675304364413 29
1762783887720 0.0005053600762039423 30
1762783887735 0.00045782793313264847 31
1762783887774 0.0004611243784893304 32
1762783887799 0.0004347900103311986 33
1762783887826 0.0005309679545462132 34
1762783887844 0.00042671579285524786 35
1762783887877 0.00046055298298597336 36
1762783887892 0.0004592903424054384 37
1762783887923 0.0004874260921496898 38
1762783887938 0.00041824294021353126 39
1762783887970 0.00040379431447945535 40
1762783888001 0.00045655143912881613 41
1762783888017 0.0004655616939999163 42
1762783888048 0.00040189377614296973 43
1762783888080 0.00045513498480431736 44
1762783888105 0.00039500705315731466 45
1762783888126 0.0003972070408053696 46
1762783888142 0.000426896323915571 47
1762783888173 0.00040863221511244774 48
1762783888204 0.0005076999077573419 49
1762783888220 0.0004425759834703058 50
1762783888251 0.000443399854702875 51
1762783888267 0.00045450450852513313 52
1762783888298 0.0003791707567870617 53
1762783888329 0.0004931589355692267 54
1762783888355 0.0004836833104491234 55
1762783888376 0.0003923200711142272 56
1762783888392 0.0004281432193238288 57
1762783888429 0.00042831298196688294 58
1762783888454 0.0004490542341955006 59
1762783888470 0.000397249503294006 60
1762783888501 0.0003795296361204237 61
1762783888516 0.0004576435894705355 62
1762783888548 0.00039640156319364905 63
1762783888579 0.00042743506492115557 64
1762783888595 0.00046859245048835874 65
1762783888634 0.0004141910467296839 66
1762783888657 0.00038968960870988667 67
1762783888673 0.000391854380723089 68
1762783888704 0.0003813760995399207 69
1762783888720 0.0004148663720116019 70
1762783888751 0.000396000687032938 71
1762783888782 0.00042480372940190136 72
1762783888813 0.0003883423050865531 73
1762783888829 0.00038272401434369385 74
1762783888870 0.00040292670018970966 75
1762783888894 0.00040957386954687536 76
1762783888909 0.00036001065745949745 77
1762783888941 0.0004099725338164717 78
1762783888972 0.00039223203202709556 79
1762783888985 0.00040498230373486876 80
1762783889016 0.0003786265733651817 81
1762783889048 0.0003833517257589847 82
1762783889063 0.00040166114922612906 83
1762783889094 0.0004134227929171175 84
1762783889126 0.0003554689174052328 85
1762783889141 0.00036105982144363225 86
1762783889177 0.0003579056356102228 87
1762783889202 0.0003935891145374626 88
1762783889220 0.00035732187097892165 89
1762783889251 0.0003973192360717803 90
1762783889266 0.0004673012881539762 91
1762783889298 0.0003819751145783812 92
1762783889327 0.0003498797304928303 93
1762783889352 0.00039945158641785383 94
1762783889378 0.00039792642928659916 95
1762783889395 0.00038277593557722867 96
1762783889426 0.0003524524800013751 97
