1762936028862 9.999999747378752e-06 1
1762936028905 5.949999831500463e-05 2
1762936028939 0.00010900000052060932 3
1762936028975 0.0001584999990882352 4
1762936029003 0.00020799999765586108 5
1762936029035 0.0002575000107754022 6
1762936029066 0.00030700000934302807 7
1762936029109 0.00035650000791065395 8
1762936029131 0.00040600000647827983 9
1762936029162 0.0004555000050459057 10
1762936029209 0.0005050000036135316 11
1762936029240 0.000554499973077327 12
1762936029272 0.0006040000007487833 13
1762936029311 0.0006535000284202397 14
1762936029337 0.0007029999978840351 15
1762936029368 0.0007525000255554914 16
1762936029411 0.0008019999950192869 17
1762936029449 0.0008515000226907432 18
1762936029485 0.0009009999921545386 19
1762936029518 0.000950500019825995 20
1762936029552 0.0010000000474974513 21
1762936029583 0.0009996530134230852 22
1762936029640 0.0009986128425225616 23
1762936029678 0.0009968808153644204 24
1762936029716 0.0009944597259163857 25
1762936029740 0.0009913534158840775 26
1762936029771 0.0009875664254650474 27
1762936029819 0.00098310480825603 28
1762936029849 0.0009779754327610135 29
1762936029880 0.00097218609880656 30
1762936029911 0.0009657457703724504 31
1762936029954 0.0009586644009687006 32
1762936029988 0.0009509529336355627 33
1762936030019 0.0009426231845282018 34
