1762936028841 0.8303558230400085 1
1762936028873 0.6295186281204224 2
1762936028915 0.34753361344337463 3
1762936028950 0.2041446715593338 4
1762936028985 0.16802147030830383 5
1762936029019 0.14991451799869537 6
1762936029050 0.13736584782600403 7
1762936029085 0.12926822900772095 8
1762936029119 0.12407049536705017 9
1762936029146 0.11874330043792725 10
1762936029186 0.11531046032905579 11
1762936029209 0.11245939135551453 12
1762936029240 0.11020317673683167 13
1762936029287 0.1087387353181839 14
1762936029321 0.1059616431593895 15
1762936029352 0.10464321076869965 16
1762936029384 0.10280682146549225 17
1762936029411 0.10359694063663483 18
1762936029461 0.1022518053650856 19
1762936029488 0.10048136115074158 20
1762936029521 0.10079897195100784 21
1762936029552 0.09960107505321503 22
1762936029606 0.09906640648841858 23
1762936029647 0.09900911897420883 24
1762936029678 0.09863077104091644 25
1762936029726 0.09744394570589066 26
1762936029756 0.09736531972885132 27
1762936029788 0.0968412384390831 28
1762936029829 0.09673094004392624 29
1762936029849 0.09676998853683472 30
1762936029896 0.0963912084698677 31
1762936029927 0.09550569951534271 32
1762936029965 0.09566425532102585 33
1762936029988 0.09533620625734329 34
