1762936028843 0.9648529887199402 1
1762936028873 0.6218602061271667 2
1762936028920 0.22438839077949524 3
1762936028955 0.07429736107587814 4
1762936028988 0.04860922321677208 5
1762936029019 0.039059270173311234 6
1762936029050 0.032155491411685944 7
1762936029090 0.028544167056679726 8
1762936029124 0.026770848780870438 9
1762936029146 0.02415710687637329 10
1762936029190 0.02333291620016098 11
1762936029224 0.022467967122793198 12
1762936029255 0.021521542221307755 13
1762936029292 0.021197309717535973 14
1762936029321 0.02002767287194729 15
1762936029352 0.0198406670242548 16
1762936029384 0.019296228885650635 17
1762936029427 0.019720913842320442 18
1762936029465 0.01916547305881977 19
1762936029488 0.0187983475625515 20
1762936029521 0.018758725374937057 21
1762936029552 0.018341360613703728 22
1762936029612 0.018523158505558968 23
1762936029647 0.018310999497771263 24
1762936029694 0.0182159636169672 25
1762936029731 0.017996761947870255 26
1762936029756 0.018092211335897446 27
1762936029788 0.017868194729089737 28
1762936029833 0.017717819660902023 29
1762936029865 0.017897116020321846 30
1762936029896 0.017730195075273514 31
1762936029927 0.017690273001790047 32
1762936029969 0.01763235777616501 33
1762936029988 0.017478659749031067 34
