1762875202453 0.22792446613311768 1
1762875202491 0.10819609463214874 2
1762875202521 0.09253083169460297 3
1762875202555 0.08729734271764755 4
1762875202584 0.08492053300142288 5
1762875202611 0.08365773409605026 6
1762875202628 0.08186804503202438 7
1762875202659 0.08051970601081848 8
1762875202691 0.08003608137369156 9
1762875202719 0.07951261848211288 10
1762875265413 0.01982967182993889 1
1762875265413 0.013945318758487701 2
1762875265437 0.013899230398237705 3
1762875265447 0.013882545754313469 4
1762875265455 0.013715807348489761 5
1762875265463 0.013458456844091415 6
1762875265471 0.01332791242748499 7
1762875265480 0.012682951055467129 8
1762875265487 0.01231138501316309 9
1762875265495 0.012245574966073036 10
1762875331572 0.03143711015582085 1
1762875331594 0.016501890495419502 2
1762875331603 0.013762998394668102 3
1762875331611 0.012491262517869473 4
1762875331613 0.012067469768226147 5
1762875331628 0.011136691085994244 6
1762875331628 0.010649085976183414 7
1762875331647 0.010037919506430626 8
1762875331655 0.00970249343663454 9
1762875331664 0.009904937818646431 10
