1762296909604 0.04687483236193657 1
1762296909615 0.015388545580208302 2
1762296909624 0.008820910006761551 3
1762296909634 0.006504873279482126 4
1762296909644 0.005772746633738279 5
1762296909657 0.005394898355007172 6
1762296909665 0.005211551673710346 7
1762296909673 0.005139037501066923 8
1762296909682 0.005044125486165285 9
1762296909690 0.005079512484371662 10
1762296909695 0.005009013693779707 11
1762296909695 0.004978053737431765 12
1762296909711 0.00498219346627593 13
1762296909711 0.004940289072692394 14
1762296909726 0.004943022504448891 15
1762296909726 0.004923822823911905 16
1762296909742 0.0049057030119001865 17
1762296909742 0.004875463433563709 18
1762296909758 0.00487069645896554 19
1762296909758 0.004848226439207792 20
1762296909773 0.004877110943198204 21
1762296909773 0.004872497171163559 22
1762296909789 0.004825370851904154 23
1762296909789 0.004825384821742773 24
1762296909805 0.004810133017599583 25
1762296909805 0.004812750034034252 26
1762296909820 0.004770711064338684 27
1762296909820 0.004777565132826567 28
1762296909836 0.004821763373911381 29
1762296909836 0.004788616206496954 30
1762296909855 0.004792241845279932 31
1762296909864 0.004834203980863094 32
1762296909871 0.004769858904182911 33
1762296909879 0.0047847433015704155 34
1762296909887 0.004759608302265406 35
1762296909895 0.004759262315928936 36
1762296909903 0.004738907795399427 37
1762296909903 0.004762612283229828 38
1762296909903 0.004756661597639322 39
1762296909919 0.004735538270324469 40
1762296909935 0.004727873019874096 41
1762296909935 0.004733201116323471 42
1762296909935 0.004747687838971615 43
1762296909950 0.004743869882076979 44
1762296909966 0.00472604064270854 45
1762296909966 0.004721407312899828 46
1762296909982 0.004729734268039465 47
1762296909990 0.004718878772109747 48
1762296909998 0.0047159576788544655 49
1762296910006 0.004700330551713705 50
1762296910014 0.0046933358535170555 51
1762296910014 0.004693209659308195 52
1762296910014 0.004673507995903492 53
1762296910029 0.0047041140496730804 54
1762296910029 0.00469864159822464 55
1762296910045 0.004688453860580921 56
1762296910062 0.004709591157734394 57
1762296910069 0.004685963038355112 58
1762296910081 0.0046709803864359856 59
1762296910089 0.00465678796172142 60
1762296910092 0.004675430245697498 61
1762296910092 0.004654774442315102 62
1762296910111 0.004657485987991095 63
1762296910119 0.004644365515559912 64
1762296910128 0.004648849368095398 65
1762296910135 0.0046146344393491745 66
1762296910138 0.004611301235854626 67
1762296910138 0.004638622049242258 68
1762296910159 0.004652793984860182 69
1762296910167 0.004658631514757872 70
1762296910175 0.004585282411426306 71
1762296910184 0.004596930928528309 72
1762296910192 0.004587515257298946 73
1762296910201 0.00455874390900135 74
1762296910209 0.004576449282467365 75
1762296910217 0.00455767335370183 76
1762296910225 0.004575585480779409 77
1762296910232 0.004517103545367718 78
1762296910232 0.004533394705504179 79
1762296910247 0.004510269500315189 80
1762296910247 0.004547547083348036 81
1762296910263 0.004504141863435507 82
1762296910263 0.004489551298320293 83
1762296910279 0.0045091090723872185 84
1762296910279 0.004471940454095602 85
1762296910298 0.0044924113899469376 86
1762296910310 0.004441400058567524 87
1762296910332 0.0044317287392914295 88
1762296910340 0.004451308399438858 89
1762296910340 0.004418212454766035 90
1762296910356 0.004394048824906349 91
1762296910356 0.004404724109917879 92
1762296910372 0.004387909546494484 93
1762296910372 0.004394956864416599 94
1762296910387 0.0044044507667422295 95
1762296910387 0.004388115834444761 96
1762296910403 0.004381360951811075 97
1762296910403 0.0043855104595422745 98
1762296910419 0.004347588866949081 99
1762296910419 0.004295000806450844 100
