1762297322562 0.03759513422846794 1
1762297322572 0.012419861741364002 2
1762297322580 0.007734759245067835 3
1762297322587 0.005891384091228247 4
1762297322598 0.0050470479764044285 5
1762297322599 0.004681510850787163 6
1762297322615 0.004475144669413567 7
1762297322615 0.0044048866257071495 8
1762297322632 0.00432542385533452 9
1762297322640 0.004219468683004379 10
1762297322649 0.004217527806758881 11
1762297322657 0.004198127891868353 12
1762297322666 0.004171514417976141 13
1762297322674 0.004106455482542515 14
1762297322682 0.004105166532099247 15
1762297322690 0.0041274260729551315 16
1762297322697 0.004069357644766569 17
1762297322705 0.004047260619699955 18
1762297322713 0.00401467178016901 19
1762297322721 0.003994048573076725 20
1762297322729 0.003966320771723986 21
1762297322731 0.003973482176661491 22
1762297322731 0.003944850992411375 23
1762297322746 0.003921727184206247 24
1762297322746 0.003907335456460714 25
1762297322770 0.003874701913446188 26
1762297322777 0.0038650641217827797 27
1762297322786 0.0038407105021178722 28
1762297322791 0.0037844455800950527 29
1762297322791 0.0037915220018476248 30
1762297322809 0.003742925589904189 31
1762297322817 0.0036963140591979027 32
1762297322822 0.0036756726913154125 33
1762297322822 0.0036574266850948334 34
1762297322838 0.0036396351642906666 35
1762297322838 0.0035613791551440954 36
1762297322859 0.0035552603658288717 37
1762297322867 0.0035520161036401987 38
1762297322875 0.0034667125437408686 39
1762297322881 0.0034367789048701525 40
1762297322881 0.0034333523362874985 41
1762297322899 0.0033619955647736788 42
1762297322907 0.003324536606669426 43
1762297322916 0.0033181917387992144 44
1762297322924 0.0032091429457068443 45
1762297322932 0.0032106356229633093 46
1762297322940 0.0031856854911893606 47
1762297322948 0.00315001024864614 48
1762297322948 0.0031168076675385237 49
1762297322963 0.0030762820970267057 50
1762297322963 0.0030498879496008158 51
1762297322980 0.0030367979779839516 52
1762297322988 0.0030077681876719 53
1762297322995 0.0029334600549191236 54
1762297323003 0.002902201609686017 55
1762297323010 0.002924579195678234 56
1762297323010 0.0028567465487867594 57
1762297323027 0.0028490012045949697 58
1762297323036 0.0028147008270025253 59
1762297323041 0.0027496088296175003 60
1762297323041 0.0027380352839827538 61
1762297323057 0.002711792942136526 62
1762297323057 0.002699308330193162 63
1762297323072 0.002629268215969205 64
1762297323072 0.0026428343262523413 65
1762297323088 0.002594573888927698 66
1762297323088 0.00256304326467216 67
1762297323107 0.00257776933722198 68
1762297323115 0.0025437104050070047 69
1762297323119 0.002489790553227067 70
1762297323119 0.002448623301461339 71
1762297323135 0.002449321560561657 72
1762297323135 0.0024093640968203545 73
1762297323155 0.002431783126667142 74
1762297323163 0.002382345963269472 75
1762297323171 0.002388063119724393 76
1762297323179 0.002313409699127078 77
1762297323187 0.0023386087268590927 78
1762297323195 0.002296675927937031 79
1762297323203 0.0022866702638566494 80
1762297323211 0.002256241161376238 81
1762297323219 0.0022846113424748182 82
1762297323226 0.0022175246849656105 83
1762297323228 0.002201197436079383 84
1762297323228 0.002186709549278021 85
1762297323244 0.0022041378542780876 86
1762297323244 0.002135657472535968 87
1762297323260 0.0021565903443843126 88
1762297323260 0.002133824396878481 89
1762297323275 0.002136320574209094 90
1762297323275 0.0020781841594725847 91
1762297323291 0.002081759972497821 92
1762297323291 0.00208477140404284 93
1762297323306 0.002041791332885623 94
1762297323306 0.002043612767010927 95
1762297323322 0.002000784035772085 96
1762297323322 0.00202759332023561 97
1762297323344 0.001984876813367009 98
1762297323351 0.00201198598369956 99
1762297323359 0.001980700297281146 100
