1762383696262 0.031804222613573074 1
1762383696272 0.013041902333498001 2
1762383696280 0.010399896651506424 3
1762383696288 0.009235383942723274 4
1762383696288 0.008652204647660255 5
1762383696304 0.008387790061533451 6
1762383696304 0.008165521547198296 7
1762383696322 0.008047150447964668 8
1762383696330 0.00790253933519125 9
1762383696339 0.007899611257016659 10
1762383696347 0.007782601751387119 11
1762383696355 0.007807706482708454 12
1762383696355 0.007632729597389698 13
1762383696370 0.007685160730034113 14
1762383696370 0.007446150295436382 15
1762383696386 0.0074788229539990425 16
1762383696386 0.007394225802272558 17
1762383696402 0.00749029079452157 18
1762383696402 0.007465932052582502 19
1762383696423 0.0073584988713264465 20
1762383696437 0.007297825068235397 21
1762383696437 0.0073527004569768906 22
1762383696453 0.007274433970451355 23
1762383696468 0.007327559869736433 24
1762383696468 0.007316915318369865 25
1762383696484 0.0072546666488051414 26
1762383696500 0.007227301597595215 27
1762383696500 0.007227413821965456 28
1762383696515 0.007231203373521566 29
1762383696515 0.007161017972975969 30
1762383696531 0.007167318370193243 31
1762383696545 0.007323645520955324 32
1762383696545 0.007118229288607836 33
1762383696561 0.007283155806362629 34
1762383696561 0.00716142263263464 35
1762383696576 0.0071793850511312485 36
1762383696592 0.0070733423344790936 37
1762383696592 0.007114920299500227 38
1762383696608 0.007042583543807268 39
1762383696619 0.007086140103638172 40
1762383696619 0.007031808141618967 41
1762383696635 0.00708375871181488 42
1762383696635 0.007056575268507004 43
1762383696654 0.007006049621850252 44
1762383696654 0.006931874435395002 45
1762383696669 0.006912169512361288 46
1762383696669 0.007032835390418768 47
1762383696685 0.007099004462361336 48
1762383696685 0.007065756246447563 49
1762383696700 0.006954004522413015 50
1762383696700 0.006928952876478434 51
1762383696716 0.006932149641215801 52
1762383696716 0.00693236431106925 53
1762383696739 0.006839012261480093 54
1762383696739 0.0068331812508404255 55
1762383696755 0.006819379050284624 56
1762383696755 0.006845839787274599 57
1762383696771 0.0067491112276911736 58
1762383696772 0.00667685829102993 59
1762383696788 0.006650161929428577 60
1762383696789 0.0066550676710903645 61
1762383696804 0.006648884620517492 62
1762383696804 0.0066343131475150585 63
1762383696820 0.006554150953888893 64
1762383696820 0.006595531478524208 65
1762383696838 0.0065711624920368195 66
1762383696846 0.006535157561302185 67
1762383696855 0.006527910009026527 68
1762383696863 0.006567066069692373 69
1762383696872 0.00651558069512248 70
1762383696872 0.006488753017038107 71
1762383696888 0.0065020122565329075 72
1762383696889 0.006456107832491398 73
1762383696904 0.006467414554208517 74
1762383696905 0.006425347179174423 75
1762383696921 0.006435470189899206 76
1762383696922 0.006484655663371086 77
1762383696922 0.006470031570643187 78
1762383696939 0.006392978131771088 79
1762383696939 0.006412392016500235 80
1762383696954 0.006370524875819683 81
1762383696954 0.006346925161778927 82
1762383696972 0.006386094726622105 83
1762383696972 0.006348820868879557 84
1762383696987 0.006349494215101004 85
1762383696987 0.006298817694187164 86
1762383697005 0.006239723414182663 87
