1762385411042 0.03505087271332741 1
1762385411063 0.009455505758523941 2
1762385411065 0.008525528013706207 3
1762385411083 0.007893968373537064 4
1762385411093 0.007361864671111107 5
1762385411094 0.007025729864835739 6
1762385411109 0.006795034743845463 7
1762385411109 0.006615850608795881 8
1762385411129 0.006476248148828745 9
1762385411137 0.0063444157131016254 10
1762385411147 0.006240296643227339 11
1762385411155 0.006199830211699009 12
1762385411159 0.00613232608884573 13
1762385411159 0.006071992218494415 14
1762385411175 0.006060795392841101 15
1762385411190 0.00599247869104147 16
1762385411190 0.005934546235948801 17
1762385411206 0.005932559259235859 18
1762385411206 0.005910382140427828 19
1762385411222 0.00590883381664753 20
1762385411222 0.0058840131387114525 21
1762385411237 0.00587233854457736 22
1762385411237 0.0058089131489396095 23
1762385411253 0.005801334511488676 24
1762385411268 0.005789730232208967 25
1762385411268 0.00579078309237957 26
1762385411284 0.005723955575376749 27
1762385411284 0.005786410067230463 28
1762385411300 0.00573117146268487 29
1762385411300 0.005698743741959333 30
1762385411315 0.0056750113144516945 31
1762385411315 0.005662336014211178 32
1762385411331 0.005662255920469761 33
1762385411342 0.005595549009740353 34
1762385411342 0.005584528669714928 35
1762385411359 0.005545420106500387 36
1762385411359 0.005511969793587923 37
1762385411376 0.005498767364770174 38
1762385411376 0.005504549015313387 39
1762385411391 0.005454463884234428 40
1762385411407 0.005482916254550219 41
1762385411420 0.005454027559608221 42
1762385411423 0.005420575384050608 43
1762385411439 0.005426998250186443 44
1762385411439 0.005361582152545452 45
1762385411459 0.005332740023732185 46
1762385411459 0.005369086749851704 47
1762385411475 0.005361552815884352 48
1762385411493 0.005350538529455662 49
1762385411502 0.005280890502035618 50
1762385411512 0.005222208332270384 51
1762385411522 0.0052817268297076225 52
1762385411525 0.005259168334305286 53
1762385411525 0.0051835086196660995 54
1762385411548 0.005180025473237038 55
1762385411548 0.005177254788577557 56
1762385411564 0.005164064932614565 57
1762385411564 0.005237060133367777 58
1762385411580 0.00524755148217082 59
1762385411595 0.005183760076761246 60
1762385411611 0.0051968698389828205 61
1762385411611 0.005105847958475351 62
1762385411629 0.005115441977977753 63
1762385411629 0.005135837476700544 64
1762385411645 0.005086156539618969 65
1762385411645 0.005147615447640419 66
1762385411661 0.0050680567510426044 67
1762385411675 0.0050766062922775745 68
1762385411675 0.005094837862998247 69
1762385411690 0.005108984187245369 70
1762385411690 0.005078923888504505 71
1762385411706 0.005088647827506065 72
1762385411721 0.005046841688454151 73
1762385411726 0.005057578440755606 74
1762385411726 0.005024139769375324 75
1762385411742 0.005041643977165222 76
1762385411742 0.004992591682821512 77
1762385411759 0.004948033485561609 78
1762385411759 0.004966186359524727 79
1762385411776 0.0049627963453531265 80
1762385411791 0.004982106853276491 81
1762385411791 0.004936510231345892 82
1762385411807 0.004961532074958086 83
1762385411807 0.004930969327688217 84
1762385411823 0.00488765724003315 85
1762385411823 0.004861899651587009 86
1762385411842 0.0048822686076164246 87
1762385411842 0.004902970511466265 88
1762385411859 0.004895421676337719 89
1762385411859 0.004842874128371477 90
1762385411876 0.004852776415646076 91
1762385411876 0.004864192102104425 92
1762385411893 0.004849194083362818 93
1762385411910 0.004768320359289646 94
1762385411910 0.004799059592187405 95
1762385411926 0.004741911310702562 96
1762385411926 0.00472100917249918 97
1762385411942 0.0047370996326208115 98
1762385411942 0.004708707332611084 99
1762385411959 0.004739982075989246 100
