1762285135205 0.023183772340416908 1
1762285135214 0.01274140551686287 2
1762285135223 0.011969881132245064 3
1762285135231 0.011461010202765465 4
1762285135241 0.011080565862357616 5
1762285135248 0.010912315919995308 6
1762285135258 0.01070703286677599 7
1762285135258 0.010466734878718853 8
1762285135274 0.010129868984222412 9
1762285135281 0.009925578720867634 10
1762285135290 0.010112976655364037 11
1762285135298 0.009656106121838093 12
1762285135306 0.009585755877196789 13
1762285135314 0.009546096436679363 14
1762285135320 0.009408211335539818 15
1762285135320 0.009619033895432949 16
1762285135336 0.009264145977795124 17
1762285135336 0.009218196384608746 18
1762285135354 0.009325394406914711 19
1762285135362 0.00914987176656723 20
1762285135367 0.009147283621132374 21
1762285135367 0.009114237502217293 22
1762285135382 0.009029785171151161 23
1762285135382 0.009087703190743923 24
1762285135398 0.009068842977285385 25
1762285135409 0.008939794264733791 26
1762285135417 0.008933130651712418 27
1762285135425 0.00889648124575615 28
1762285135433 0.008756736293435097 29
1762285135439 0.008712214417755604 30
1762285135439 0.008649497292935848 31
1762285135457 0.008575426414608955 32
1762285135465 0.00862532015889883 33
1762285135473 0.008430050686001778 34
1762285135477 0.008390422910451889 35
1762285135477 0.008493267931044102 36
1762285135492 0.008138594217598438 37
1762285135492 0.008115068078041077 38
1762285135515 0.008086052723228931 39
1762285135523 0.008058320730924606 40
1762285135531 0.008057922124862671 41
1762285135539 0.008061964996159077 42
1762285135562 0.007920332252979279 43
1762285135571 0.00802075769752264 44
1762285135579 0.00789602380245924 45
1762285135586 0.007902393117547035 46
1762285135586 0.007967812940478325 47
1762285135602 0.008123298175632954 48
1762285135602 0.008036823011934757 49
1762285135617 0.007807049434632063 50
1762285135617 0.007491908501833677 51
1762285135633 0.007588292472064495 52
1762285135633 0.007522059604525566 53
1762285135649 0.007612450979650021 54
1762285135649 0.0074127488769590855 55
1762285135664 0.007421576417982578 56
1762285135664 0.00739285908639431 57
1762285135681 0.007354936096817255 58
1762285135689 0.007407058961689472 59
1762285135695 0.007443233393132687 60
1762285135695 0.0074657537043094635 61
1762285135711 0.007451710756868124 62
1762285135711 0.007324436213821173 63
1762285135726 0.007263627368956804 64
1762285135726 0.007503253873437643 65
1762285135743 0.007272003684192896 66
1762285135752 0.0071388352662324905 67
1762285135758 0.007223830558359623 68
1762285135758 0.007424753159284592 69
1762285135774 0.00717476150020957 70
1762285135774 0.007063889876008034 71
1762285135791 0.006992108654230833 72
1762285135799 0.006958657409995794 73
1762285135805 0.006949522066861391 74
1762285135805 0.0068628014996647835 75
1762285135823 0.006728109437972307 76
1762285135830 0.006623061373829842 77
1762285135838 0.006666906643658876 78
1762285135846 0.006782909389585257 79
1762285135854 0.00677374517545104 80
1762285135862 0.006647465750575066 81
1762285135867 0.006582579575479031 82
1762285135867 0.006704323459416628 83
1762285135883 0.006825034972280264 84
1762285135883 0.00676507456228137 85
1762285135901 0.00669091148301959 86
1762285135909 0.006443601567298174 87
1762285135917 0.0064973547123372555 88
1762285135925 0.006564810872077942 89
1762285135934 0.0070076193660497665 90
1762285135943 0.006586059927940369 91
1762285135951 0.0064103323966264725 92
1762285135959 0.006377838551998138 93
1762285135967 0.00634012371301651 94
1762285135975 0.006261421833187342 95
1762285135978 0.006263331510126591 96
1762285135978 0.006313505582511425 97
1762285135993 0.006251289043575525 98
1762285135993 0.006346418056637049 99
1762285136014 0.006308499723672867 100
