1762286513576 0.021918246522545815 1
1762286513598 0.007632137276232243 2
1762286513609 0.0073427255265414715 3
1762286513628 0.007124141324311495 4
1762286513651 0.006953427568078041 5
1762286513661 0.0067844754084944725 6
1762286513670 0.006663110107183456 7
1762286513678 0.006558563094586134 8
1762286513686 0.006456023082137108 9
1762286513693 0.006374474614858627 10
1762286513693 0.006303062196820974 11
1762286513709 0.00627132086083293 12
1762286513709 0.006227060221135616 13
1762286513725 0.006193406414240599 14
1762286513725 0.006168833933770657 15
1762286513740 0.006144272163510323 16
1762286513740 0.0061185043305158615 17
1762286513756 0.00610379409044981 18
1762286513756 0.006058822851628065 19
1762286513771 0.006033848039805889 20
1762286513771 0.006006673909723759 21
1762286513787 0.005990614648908377 22
1762286513787 0.005945057608187199 23
1762286513803 0.005984051153063774 24
1762286513812 0.005901172291487455 25
1762286513819 0.0059143356047570705 26
1762286513826 0.005866029765456915 27
1762286513826 0.0058783311396837234 28
1762286513842 0.005867041181772947 29
1762286513842 0.005805687513202429 30
1762286513858 0.005848714150488377 31
1762286513866 0.005756322760134935 32
1762286513872 0.005702327936887741 33
1762286513872 0.005639275535941124 34
1762286513887 0.005589889362454414 35
1762286513887 0.005484846420586109 36
1762286513903 0.005480642430484295 37
1762286513903 0.0053421445190906525 38
1762286513920 0.005257070995867252 39
1762286513928 0.0052040331065654755 40
1762286513934 0.0051485043950378895 41
1762286513944 0.0050814044661819935 42
1762286513952 0.005021718330681324 43
1762286513960 0.005018352996557951 44
1762286513968 0.004949278198182583 45
1762286513976 0.00491406861692667 46
1762286513977 0.004892369266599417 47
1762286513977 0.004914383869618177 48
1762286513992 0.004866424016654491 49
1762286513992 0.004861371126025915 50
1762286514008 0.004832528997212648 51
1762286514008 0.004820282571017742 52
1762286514024 0.004778937436640263 53
1762286514024 0.0047966353595256805 54
1762286514039 0.004775522276759148 55
1762286514039 0.0047641596756875515 56
1762286514055 0.004744650796055794 57
1762286514055 0.004728765692561865 58
1762286514071 0.004711771383881569 59
1762286514071 0.004703128710389137 60
1762286514092 0.004763573873788118 61
1762286514100 0.0046814847737550735 62
1762286514110 0.0046825711615383625 63
1762286514118 0.004685185384005308 64
1762286514126 0.004664293490350246 65
1762286514126 0.004664570093154907 66
1762286514142 0.004630498122423887 67
1762286514142 0.004655726719647646 68
1762286514158 0.0045928023755550385 69
1762286514158 0.004666403401643038 70
1762286514173 0.004585889633744955 71
1762286514173 0.004604852758347988 72
1762286514196 0.004583099856972694 73
1762286514238 0.004605537746101618 74
1762286514253 0.0046096667647361755 75
1762286514269 0.004563154652714729 76
1762286514285 0.004551466554403305 77
1762286514300 0.004592343233525753 78
1762286514316 0.004534869454801083 79
1762286514334 0.004535429645329714 80
1762286514344 0.004532784689217806 81
1762286514354 0.004472482483834028 82
1762286514371 0.004483844619244337 83
1762286514377 0.004446115810424089 84
1762286514377 0.004474946763366461 85
1762286514392 0.004483129363507032 86
1762286514392 0.0044043175876140594 87
1762286514415 0.004440349992364645 88
1762286514423 0.004420014098286629 89
1762286514432 0.004417975898832083 90
1762286514440 0.004413045011460781 91
1762286514447 0.004423073027282953 92
1762286514450 0.004389179404824972 93
1762286514450 0.004376415628939867 94
1762286514466 0.004436451010406017 95
1762286514481 0.004357402212917805 96
1762286514489 0.004343304317444563 97
1762286514497 0.004340090323239565 98
1762286514505 0.004355165176093578 99
1762286514511 0.004331680946052074 100
