1762304654845 0.033454980701208115 1
1762304654846 0.011943264864385128 2
1762304654862 0.00921947043389082 3
1762304654872 0.007664121687412262 4
1762304654881 0.006827955599874258 5
1762304654890 0.006321509834378958 6
1762304654898 0.005990287289023399 7
1762304654907 0.005746942479163408 8
1762304654915 0.005613097921013832 9
1762304654923 0.005493047181516886 10
1762304654931 0.005394488573074341 11
1762304654940 0.00536800641566515 12
1762304654947 0.0053306459449231625 13
1762304654955 0.005285617895424366 14
1762304654955 0.005266879685223103 15
1762304654971 0.005262589547783136 16
1762304654971 0.005213509779423475 17
1762304654986 0.005218519363552332 18
1762304654986 0.005257216282188892 19
1762304655002 0.005188874900341034 20
1762304655002 0.005203457549214363 21
1762304655018 0.005200513172894716 22
1762304655018 0.005180257838219404 23
1762304655033 0.005202836822718382 24
1762304655033 0.005218036472797394 25
1762304655049 0.005185685120522976 26
1762304655049 0.005152659956365824 27
1762304655064 0.005159563850611448 28
1762304655064 0.005173585843294859 29
1762304655080 0.005165357608348131 30
1762304655080 0.005149418488144875 31
1762304655096 0.005159217864274979 32
1762304655096 0.0051513430662453175 33
1762304655113 0.005166772753000259 34
1762304655122 0.0051769111305475235 35
1762304655130 0.005159563850611448 36
1762304655138 0.005157009698450565 37
1762304655145 0.005134440027177334 38
1762304655145 0.005140381865203381 39
1762304655160 0.005149352364242077 40
1762304655160 0.005125298630446196 41
1762304655176 0.005097728688269854 42
1762304655176 0.005124298855662346 43
1762304655192 0.005102618131786585 44
1762304655192 0.005086330696940422 45
1762304655207 0.005097641609609127 46
1762304655207 0.005082554183900356 47
1762304655224 0.005067348480224609 48
1762304655232 0.005072460044175386 49
1762304655240 0.005101258400827646 50
1762304655248 0.005090842954814434 51
1762304655256 0.005076945759356022 52
1762304655264 0.005068679340183735 53
1762304655272 0.005105514544993639 54
1762304655272 0.005069060251116753 55
1762304655288 0.0051011135801672935 56
1762304655288 0.0050646839663386345 57
1762304655303 0.0050621130503714085 58
1762304655303 0.005039754789322615 59
1762304655319 0.005055519752204418 60
1762304655319 0.005072423722594976 61
1762304655337 0.005035829730331898 62
1762304655345 0.005029691848903894 63
1762304655353 0.005033805966377258 64
1762304655362 0.005019681993871927 65
1762304655370 0.005040278192609549 66
1762304655378 0.0050302231684327126 67
1762304655386 0.005034350790083408 68
