1762305545554 0.04603409022092819 1
1762305545564 0.012421729043126106 2
1762305545573 0.009760999120771885 3
1762305545581 0.008090101182460785 4
1762305545590 0.007014268543571234 5
1762305545598 0.006341057829558849 6
1762305545599 0.005851577967405319 7
1762305545617 0.005513577256351709 8
1762305545625 0.005301125347614288 9
1762305545633 0.005223953630775213 10
1762305545641 0.005067152436822653 11
1762305545648 0.004986555315554142 12
1762305545648 0.004891902208328247 13
1762305545664 0.004850232973694801 14
1762305545664 0.004796297289431095 15
1762305545679 0.004745380021631718 16
1762305545679 0.004749435465782881 17
1762305545699 0.004711433779448271 18
1762305545706 0.004669875372201204 19
1762305545715 0.004675825592130423 20
1762305545724 0.004642235580831766 21
1762305545732 0.004616710357367992 22
1762305545740 0.004623183514922857 23
1762305545748 0.004595519509166479 24
1762305545756 0.004594831727445126 25
1762305545764 0.0045619853772223 26
1762305545765 0.004552844911813736 27
1762305545765 0.004521323833614588 28
1762305545788 0.004495545756071806 29
1762305545796 0.004486300051212311 30
1762305545804 0.004464228171855211 31
1762305545811 0.0044592455960810184 32
1762305545811 0.004439391195774078 33
1762305545827 0.004423472099006176 34
1762305545827 0.0043845330365002155 35
1762305545842 0.004379273857921362 36
1762305545842 0.0043715969659388065 37
1762305545858 0.004401962272822857 38
1762305545858 0.004327644594013691 39
1762305545875 0.004315089900046587 40
1762305545883 0.004285823088139296 41
1762305545890 0.0042863646522164345 42
1762305545890 0.0042211879044771194 43
1762305545907 0.004231031518429518 44
1762305545915 0.004208707250654697 45
1762305545923 0.004182790406048298 46
1762305545931 0.004116188734769821 47
1762305545939 0.004120216239243746 48
1762305545947 0.004080912098288536 49
1762305545951 0.004064269829541445 50
1762305545951 0.0040390766225755215 51
1762305545970 0.004045850597321987 52
1762305545978 0.003931223414838314 53
1762305545987 0.003942922223359346 54
1762305545995 0.003897626418620348 55
1762305546002 0.003863741410896182 56
1762305546010 0.003817802295088768 57
1762305546019 0.003832184476777911 58
1762305546027 0.0037429702933877707 59
1762305546031 0.003764787921682 60
1762305546031 0.0037955360021442175 61
1762305546047 0.003725235117599368 62
1762305546047 0.0036326998379081488 63
1762305546062 0.0036657950840890408 64
1762305546062 0.0036208583042025566 65
1762305546082 0.003557582153007388 66
1762305546090 0.003535313531756401 67
1762305546099 0.003488290123641491 68
1762305546107 0.0034498339518904686 69
1762305546108 0.0034252931363880634 70
1762305546108 0.0033849463798105717 71
1762305546132 0.0033641927875578403 72
1762305546139 0.0033611333929002285 73
1762305546139 0.003415948012843728 74
1762305546155 0.003378107910975814 75
1762305546155 0.0032580625265836716 76
1762305546170 0.003264547558501363 77
1762305546170 0.0032144193537533283 78
1762305546186 0.0031945782247930765 79
1762305546186 0.0032153106294572353 80
1762305546203 0.003161188680678606 81
1762305546210 0.0032284536864608526 82
1762305546217 0.0033419784158468246 83
1762305546217 0.003104792209342122 84
1762305546234 0.003107774769887328 85
1762305546241 0.0030901217833161354 86
1762305546248 0.0030483545269817114 87
1762305546248 0.0030572470277547836 88
1762305546267 0.0030148248188197613 89
1762305546275 0.003035514149814844 90
1762305546283 0.003062044270336628 91
1762305546291 0.0029815544839948416 92
1762305546299 0.0030114955734461546 93
1762305546299 0.0029841014184057713 94
1762305546314 0.002938666148111224 95
1762305546322 0.002964949468150735 96
1762305546330 0.0029043129179626703 97
1762305546338 0.002853787038475275 98
1762305546346 0.0028843728359788656 99
1762305546354 0.002857377054169774 100
