1762873538186 0.19726058840751648 1
1762873538226 0.10360332578420639 2
1762873538253 0.08930429816246033 3
1762873538286 0.08510584384202957 4
1762873538310 0.08276628702878952 5
1762873538342 0.08289166539907455 6
1762873538357 0.08196896314620972 7
1762873538398 0.08035027980804443 8
1762873538421 0.07998978346586227 9
1762873538452 0.07954640686511993 10
1762873901866 0.022215191274881363 1
1762873901879 0.01430727168917656 2
1762873901891 0.014133336022496223 3
1762873901904 0.013772319070994854 4
1762873901914 0.013623268343508244 5
1762873901923 0.012949115596711636 6
1762873901932 0.01260420959442854 7
1762873901942 0.012170468457043171 8
1762873901951 0.011888922192156315 9
1762873901961 0.01136656105518341 10
