1762281600827 0.03948938101530075 1
1762281600837 0.011577796190977097 2
1762281600845 0.0073829093016684055 3
1762281600853 0.005727867595851421 4
1762281600855 0.005110534373670816 5
1762281600865 0.004805377218872309 6
1762281600865 0.004599367268383503 7
1762281600887 0.004503756761550903 8
1762281600895 0.004415178671479225 9
1762281600903 0.004340979736298323 10
1762281600911 0.004314909689128399 11
1762281600913 0.0042556640692055225 12
1762281600913 0.004207324702292681 13
1762281600929 0.004144809674471617 14
1762281600929 0.004117785952985287 15
1762281600952 0.004079216625541449 16
1762281600960 0.004098993726074696 17
1762281600961 0.004038873128592968 18
1762281600961 0.003998694941401482 19
1762281600976 0.003942584618926048 20
1762281600976 0.003894772846251726 21
1762281601000 0.003855594899505377 22
1762281601008 0.0039026716258376837 23
1762281601016 0.003890818916261196 24
1762281601023 0.0037908621598035097 25
1762281601023 0.0037347187753766775 26
1762281601040 0.003728262148797512 27
1762281601048 0.0036859360989183187 28
1762281601056 0.003652372630313039 29
1762281601064 0.0036622018087655306 30
1762281601071 0.003633786691352725 31
1762281601071 0.0035903765819966793 32
1762281601088 0.0035802184138447046 33
1762281601095 0.003477073973044753 34
1762281601104 0.0034683814737945795 35
1762281601112 0.0034273872151970863 36
1762281601120 0.0033618328161537647 37
1762281601128 0.0033238623291254044 38
1762281601133 0.0033059632405638695 39
1762281601133 0.0032614560332149267 40
1762281601151 0.0031757934484630823 41
1762281601159 0.0031821441370993853 42
1762281601169 0.0030573594849556684 43
1762281601175 0.0030277313198894262 44
1762281601184 0.0030180185567587614 45
1762281601192 0.0029713637195527554 46
1762281601200 0.002922244369983673 47
1762281601208 0.002875850535929203 48
1762281601216 0.00278493482619524 49
1762281601224 0.0027766672428697348 50
1762281601232 0.002741777105256915 51
1762281601240 0.0026992864441126585 52
1762281601242 0.0026534709613770247 53
1762281601242 0.0026435076724737883 54
1762281601257 0.002606359077617526 55
1762281601257 0.002581778448075056 56
1762281601273 0.002542037982493639 57
1762281601273 0.002499452093616128 58
1762281601288 0.00246084900572896 59
1762281601288 0.0024099620059132576 60
1762281601304 0.002372962422668934 61
1762281601304 0.002382946666330099 62
1762281601320 0.002304485533386469 63
1762281601320 0.002284769667312503 64
1762281601335 0.002248169854283333 65
1762281601335 0.0022787335328757763 66
1762281601351 0.002213387517258525 67
1762281601351 0.0021575833670794964 68
1762281601367 0.002132135909050703 69
1762281601367 0.002114995149895549 70
1762281601382 0.0021192259155213833 71
1762281601382 0.002065477194264531 72
1762281601398 0.002081809099763632 73
1762281601398 0.0020449990406632423 74
1762281601413 0.0020382965449243784 75
1762281601413 0.0019634724594652653 76
1762281601435 0.0019382205791771412 77
1762281601443 0.001916115521453321 78
1762281601451 0.0019405855564400554 79
1762281601458 0.0019155939808115363 80
1762281601460 0.001849813968874514 81
1762281601460 0.001866564736701548 82
1762281601476 0.0018641367787495255 83
1762281601476 0.001827313913963735 84
1762281601492 0.0018453259253874421 85
1762281601492 0.0017984596779569983 86
1762281601513 0.0018028992926701903 87
1762281601521 0.0017580607673153281 88
1762281601529 0.0017337192548438907 89
1762281601530 0.0017346373060718179 90
1762281601530 0.0017478704685345292 91
1762281601546 0.0017270309617742896 92
1762281601546 0.0016972300363704562 93
1762281601568 0.0017339569749310613 94
1762281601575 0.0016770308138802648 95
1762281601584 0.0016370282974094152 96
1762281601591 0.00163681257981807 97
1762281601599 0.0016385060735046864 98
1762281601601 0.0016220402903854847 99
1762281601601 0.0016179654048755765 100
