1762281320518 0.022627923637628555 1
1762281320535 0.010370410047471523 2
1762281320543 0.009123776108026505 3
1762281320551 0.007837582379579544 4
1762281320556 0.007087993901222944 5
1762281320556 0.00637045269832015 6
1762281320569 0.005924195051193237 7
1762281320585 0.005621835123747587 8
1762281320586 0.005397631321102381 9
1762281320586 0.0052827466279268265 10
1762281320610 0.005169959273189306 11
1762281320618 0.005057157948613167 12
1762281320625 0.0049902512691915035 13
1762281320633 0.0049387081526219845 14
1762281320637 0.004907430615276098 15
1762281320637 0.004906136076897383 16
1762281320658 0.0049353307113051414 17
1762281320666 0.004905440844595432 18
1762281320674 0.004944374784827232 19
1762281320681 0.004911722615361214 20
1762281320682 0.004917914047837257 21
1762281320682 0.004963542800396681 22
1762281320705 0.004831165540963411 23
1762281320713 0.004992619622498751 24
1762281320721 0.004814391490072012 25
1762281320728 0.004964187741279602 26
1762281320736 0.004812001250684261 27
1762281320743 0.00501110078766942 28
1762281320752 0.0047985827550292015 29
1762281320752 0.004839923232793808 30
1762281320752 0.004750858061015606 31
1762281320775 0.004903494846075773 32
1762281320783 0.004823337309062481 33
1762281320791 0.004745462443679571 34
1762281320791 0.004831704776734114 35
1762281320791 0.004772023763507605 36
1762281320807 0.004816969390958548 37
1762281320807 0.0047696135006845 38
1762281320822 0.004741595592349768 39
1762281320838 0.004853832069784403 40
1762281320838 0.004725826904177666 41
1762281320838 0.0048787533305585384 42
1762281320854 0.004761015996336937 43
1762281320854 0.004714521579444408 44
1762281320869 0.0047710491344332695 45
1762281320869 0.004744775593280792 46
1762281320885 0.00473337946459651 47
1762281320885 0.004787006415426731 48
1762281320908 0.0046869614161551 49
1762281320915 0.0047985343262553215 50
1762281320924 0.004699240438640118 51
1762281320932 0.004755679052323103 52
1762281320941 0.0047154538333415985 53
1762281320948 0.0047426545061171055 54
1762281320948 0.004696537274867296 55
1762281320963 0.004740186035633087 56
1762281320963 0.004688078071922064 57
1762281320980 0.004713020287454128 58
1762281320988 0.004728151950985193 59
1762281320995 0.0046746740117669106 60
1762281321003 0.004677761811763048 61
1762281321010 0.00475780013948679 62
1762281321010 0.004685238469392061 63
1762281321026 0.004691802430897951 64
1762281321034 0.004748862702399492 65
1762281321043 0.00464741000905633 66
1762281321050 0.004698438104242086 67
1762281321057 0.004703889135271311 68
1762281321057 0.004644370172172785 69
1762281321073 0.004686127882450819 70
1762281321073 0.00465155765414238 71
1762281321088 0.00463219964876771 72
1762281321088 0.004600937012583017 73
1762281321105 0.004605141934007406 74
1762281321113 0.00467066653072834 75
1762281321119 0.004611094016581774 76
1762281321119 0.004589475225657225 77
1762281321135 0.004626941401511431 78
1762281321135 0.004590488970279694 79
1762281321150 0.004586654249578714 80
1762281321158 0.004570687189698219 81
1762281321167 0.0045806970447301865 82
1762281321167 0.0045810905285179615 83
1762281321167 0.004587787203490734 84
1762281321182 0.004541973117738962 85
1762281321182 0.004545520059764385 86
1762281321198 0.004591104108840227 87
1762281321198 0.004646262153983116 88
1762281321221 0.004558627028018236 89
1762281321229 0.004518711008131504 90
1762281321236 0.004520863760262728 91
1762281321244 0.004486771300435066 92
1762281321252 0.0044842856004834175 93
1762281321260 0.004447432700544596 94
1762281321267 0.004463913384824991 95
1762281321275 0.004466787911951542 96
1762281321277 0.004381482023745775 97
1762281321277 0.004422941245138645 98
1762281321299 0.004393761977553368 99
1762281321307 0.004431609995663166 100
