1762271166243 4.999999873689376e-05 1
1762271166273 0.00029749999521300197 2
1762271166302 0.0005450000171549618 3
1762271166336 0.0007924999808892608 4
1762271166376 0.0010400000028312206 5
1762271166411 0.0012875000247731805 6
1762271166444 0.0015350000467151403 7
1762271166476 0.0017824999522417784 8
1762271166522 0.00203000009059906 9
1762271166539 0.002277499996125698 10
1762271166586 0.002524999901652336 11
1762271166623 0.002772500040009618 12
1762271166651 0.003019999945536256 13
1762271166678 0.0032675000838935375 14
1762271166694 0.0035149999894201756 15
1762271166732 0.0037624998949468136 16
1762271166758 0.004009999800473452 17
1762271166789 0.004257500171661377 18
1762271166805 0.004505000077188015 19
1762271166842 0.004752499982714653 20
1762271166866 0.004999999888241291 21
1762271166882 0.00499826529994607 22
1762271166913 0.004993063863366842 23
1762271166946 0.00498440396040678 24
1762271166959 0.004972298629581928 25
1762271166991 0.004956766963005066 26
1762271167022 0.004937832243740559 27
1762271167053 0.004915524274110794 28
1762271167069 0.004889877047389746 29
1762271167106 0.004860930610448122 30
1762271167132 0.00482872873544693 31
1762271167161 0.004793322179466486 32
1762271167179 0.0047547644935548306 33
1762271167211 0.004713116213679314 34
1762271167241 0.004668440204113722 35
1762271167268 0.004620806779712439 36
1762271167287 0.004570288117974997 37
1762271167321 0.004516962915658951 38
1762271167347 0.004460913594812155 39
1762271167378 0.004402225837111473 40
1762271167399 0.004340990446507931 41
1762271167439 0.004277301486581564 42
1762271167460 0.004211258143186569 43
1762271167486 0.004142961464822292 44
1762271167517 0.004072516690939665 45
1762271167548 0.004000033251941204 46
1762271167578 0.003925621975213289 47
1762271167608 0.0038493978790938854 48
1762271167631 0.0037714785430580378 49
1762271167647 0.0036919843405485153 50
1762271167688 0.00361103774048388 51
1762271167715 0.0035287633072584867 52
1762271167742 0.0034452881664037704 53
1762271167763 0.0033607410732656717 54
1762271167787 0.003275252180173993 55
1762271167819 0.0031889532692730427 56
1762271167847 0.0031019775196909904 57
1762271167874 0.003014459041878581 58
1762271167901 0.0029265328776091337 59
1762271167927 0.002838334534317255 60
1762271167944 0.002749999985098839 61
1762271167975 0.0026616654358804226 62
1762271168005 0.002573467092588544 63
1762271168022 0.0024855409283190966 64
1762271168053 0.002398022450506687 65
1762271168069 0.002311046700924635 66
1762271168109 0.002224748022854328 67
1762271168132 0.002139258896932006 68
1762271168161 0.002054711803793907 69
1762271168178 0.001971236662939191 70
1762271168214 0.0018889622297137976 71
1762271168247 0.0018080156296491623 72
1762271168274 0.0017285214271396399 73
1762271168295 0.001650602207519114 74
1762271168327 0.001574378227815032 75
1762271168351 0.0014999669510871172 76
1762271168381 0.001427483162842691 77
1762271168407 0.0013570386217907071 78
1762271168430 0.0012887419434264302 79
1762271168459 0.0012226983672007918 80
1762271168476 0.0011590097565203905 81
1762271168507 0.0010977743659168482 82
1762271168523 0.0010390866082161665 83
1762271168554 0.000983036938123405 84
1762271168585 0.0009297117358073592 85
1762271168600 0.0008791933651082218 86
1762271168643 0.0008315596496686339 87
1762271168662 0.0007868839893490076 88
1762271168694 0.0007452353020198643 89
1762271168709 0.0007066778489388525 90
1762271168751 0.0006712710601277649 91
1762271168763 0.0006390694761648774 92
1762271168803 0.000610122864600271 93
1762271168819 0.0005844756960868835 94
1762271168857 0.0005621676682494581 95
1762271168883 0.0005432331236079335 96
1762271168909 0.0005277012242004275 97
1762271168936 0.0005155959515832365 98
1762271168962 0.0005069359904155135 99
1762271168975 0.0005017346702516079 100
