1762271166215 0.3637053370475769 1
1762271166249 0.2219136506319046 2
1762271166277 0.14932377636432648 3
1762271166307 0.12248748540878296 4
1762271166336 0.11024404317140579 5
1762271166381 0.09918279200792313 6
1762271166413 0.09253590553998947 7
1762271166444 0.08521989732980728 8
1762271166476 0.07712755352258682 9
1762271166523 0.07478242367506027 10
1762271166554 0.07197155058383942 11
1762271166586 0.0734773501753807 12
1762271166627 0.06698646396398544 13
1762271166655 0.06847440451383591 14
1762271166681 0.07003873586654663 15
1762271166694 0.065773606300354 16
1762271166736 0.06467019021511078 17
1762271166763 0.06895899772644043 18
1762271166793 0.06512768566608429 19
1762271166805 0.06591885536909103 20
1762271166846 0.06636077165603638 21
1762271166866 0.0695270374417305 22
1762271166898 0.06395949423313141 23
1762271166913 0.07292011380195618 24
1762271166950 0.06636942923069 25
1762271166975 0.06539697200059891 26
1762271166991 0.0638083815574646 27
1762271167022 0.06871933490037918 28
1762271167057 0.063064344227314 29
1762271167069 0.06360011547803879 30
1762271167110 0.064268097281456 31
1762271167133 0.06994146853685379 32
1762271167165 0.06213466450572014 33
1762271167179 0.06165502592921257 34
1762271167211 0.06481754779815674 35
1762271167241 0.059769075363874435 36
1762271167271 0.06102856248617172 37
1762271167287 0.06102946400642395 38
1762271167325 0.06380737572908401 39
1762271167351 0.06255114823579788 40
1762271167384 0.06454525142908096 41
1762271167417 0.05895422026515007 42
1762271167444 0.06061364710330963 43
1762271167460 0.05789748579263687 44
1762271167486 0.06165280193090439 45
1762271167517 0.061507001519203186 46
1762271167548 0.05844656005501747 47
1762271167583 0.059181660413742065 48
1762271167613 0.058764658868312836 49
1762271167631 0.05891307070851326 50
1762271167666 0.05556038022041321 51
1762271167692 0.05726006254553795 52
1762271167719 0.05961177498102188 53
1762271167746 0.05389249697327614 54
1762271167763 0.05851288512349129 55
1762271167787 0.05307476222515106 56
1762271167819 0.05520009621977806 57
1762271167851 0.05366865172982216 58
1762271167878 0.053161416202783585 59
1762271167905 0.05257521942257881 60
1762271167928 0.052736859768629074 61
1762271167944 0.051670175045728683 62
1762271167975 0.0533268116414547 63
1762271168007 0.05349625647068024 64
1762271168022 0.052915189415216446 65
1762271168053 0.05077007785439491 66
1762271168084 0.050322577357292175 67
1762271168112 0.050638772547245026 68
1762271168132 0.049938056617975235 69
1762271168163 0.05021897703409195 70
1762271168178 0.04935742914676666 71
1762271168218 0.04964473471045494 72
1762271168251 0.050239648669958115 73
1762271168278 0.04887121170759201 74
1762271168295 0.04896555468440056 75
1762271168327 0.04893122613430023 76
1762271168351 0.04895301163196564 77
1762271168384 0.04911953955888748 78
1762271168411 0.04852185770869255 79
1762271168430 0.04808659479022026 80
1762271168463 0.047356415539979935 81
1762271168476 0.04794379323720932 82
1762271168507 0.04779457673430443 83
1762271168538 0.04843733087182045 84
1762271168554 0.0476762056350708 85
1762271168585 0.04773814603686333 86
1762271168616 0.04753173887729645 87
1762271168647 0.0473652221262455 88
1762271168662 0.046427953988313675 89
1762271168694 0.04679291695356369 90
1762271168726 0.046542972326278687 91
1762271168754 0.046433139592409134 92
1762271168782 0.04696059599518776 93
1762271168803 0.046773891896009445 94
1762271168835 0.04612511396408081 95
1762271168861 0.04652164503931999 96
1762271168887 0.04660532996058464 97
1762271168913 0.04622179642319679 98
1762271168940 0.046500809490680695 99
1762271168966 0.04679529368877411 100
