1762271166216 0.21121378242969513 1
1762271166257 0.08030695468187332 2
1762271166285 0.037632714956998825 3
1762271166316 0.02585914358496666 4
1762271166354 0.02128603495657444 5
1762271166391 0.017562897875905037 6
1762271166413 0.016434798017144203 7
1762271166460 0.014180460013449192 8
1762271166491 0.011722128838300705 9
1762271166523 0.011279558762907982 10
1762271166554 0.010726678185164928 11
1762271166602 0.01165270060300827 12
1762271166636 0.009187179617583752 13
1762271166663 0.009873147122561932 14
1762271166689 0.010551600717008114 15
1762271166710 0.008832911029458046 16
1762271166743 0.008569548837840557 17
1762271166772 0.009519783779978752 18
1762271166801 0.008962991647422314 19
1762271166827 0.008886485360562801 20
1762271166851 0.008893636055290699 21
1762271166866 0.009378107264637947 22
1762271166906 0.008437161333858967 23
1762271166928 0.011188329197466373 24
1762271166957 0.008659375831484795 25
1762271166975 0.008739336393773556 26
1762271167006 0.008165286853909492 27
1762271167037 0.009425417520105839 28
1762271167064 0.008275791071355343 29
1762271167085 0.008315252140164375 30
1762271167117 0.008509504608809948 31
1762271167146 0.010128294117748737 32
1762271167173 0.008001752197742462 33
1762271167195 0.007838002406060696 34
1762271167211 0.008524696342647076 35
1762271167241 0.007624483667314053 36
1762271167279 0.00772516755387187 37
1762271167303 0.007785135880112648 38
1762271167332 0.008349571377038956 39
1762271167361 0.008266415446996689 40
1762271167393 0.008515407331287861 41
1762271167424 0.0073066032491624355 42
1762271167453 0.0076177301816642284 43
1762271167475 0.007151136640459299 44
1762271167501 0.007723298855125904 45
1762271167533 0.007830989547073841 46
1762271167560 0.0072282045148313046 47
1762271167592 0.0073423623107373714 48
1762271167616 0.007303199265152216 49
1762271167631 0.0072656115517020226 50
1762271167674 0.0068215662613511086 51
1762271167700 0.006984669715166092 52
1762271167725 0.007447870448231697 53
1762271167753 0.006450039334595203 54
1762271167780 0.007302752695977688 55
1762271167803 0.006381903775036335 56
1762271167819 0.006727580446749926 57
1762271167859 0.00638121273368597 58
1762271167886 0.00628687022253871 59
1762271167912 0.006153152324259281 60
1762271167928 0.00616330886259675 61
1762271167959 0.006017688196152449 62
1762271167975 0.0063230786472558975 63
1762271168007 0.006332517601549625 64
1762271168042 0.006288142874836922 65
1762271168053 0.005929077975451946 66
1762271168084 0.0058272602036595345 67
1762271168116 0.005931179504841566 68
1762271168132 0.005758457351475954 69
1762271168163 0.005813375115394592 70
1762271168199 0.005676568485796452 71
1762271168230 0.005779322236776352 72
1762271168258 0.005773940589278936 73
1762271168280 0.005640167742967606 74
1762271168311 0.005671313032507896 75
1762271168327 0.005693485029041767 76
1762271168351 0.0056361546739935875 77
1762271168392 0.00561131164431572 78
1762271168418 0.00551627017557621 79
1762271168430 0.005467501934617758 80
1762271168471 0.0054032206535339355 81
1762271168491 0.0054851495660841465 82
1762271168507 0.005384513176977634 83
1762271168538 0.005526090506464243 84
1762271168575 0.0054513257928192616 85
1762271168600 0.005455602426081896 86
1762271168616 0.005448035430163145 87
1762271168647 0.0053885700181126595 88
1762271168678 0.005194040946662426 89
1762271168694 0.005300966557115316 90
1762271168735 0.00521627813577652 91
1762271168762 0.005265404935926199 92
1762271168790 0.005359536502510309 93
1762271168803 0.005323261953890324 94
1762271168835 0.005204643588513136 95
1762271168866 0.005229020491242409 96
1762271168894 0.0053311861120164394 97
1762271168921 0.0052147721871733665 98
1762271168947 0.005248940549790859 99
1762271168973 0.005321502219885588 100
