1762322722640 0.023472310975193977 1
1762322722640 0.010234053246676922 2
1762322722662 0.008878316730260849 3
1762322722671 0.00800168514251709 4
1762322722681 0.007484820671379566 5
1762322722689 0.007242522202432156 6
1762322722698 0.0068772402592003345 7
1762322722703 0.006800920236855745 8
1762322722716 0.006685266271233559 9
1762322722724 0.0065909638069570065 10
1762322722732 0.006634606514126062 11
1762322722740 0.00619023572653532 12
1762322722748 0.006098242476582527 13
1762322722756 0.00626079086214304 14
1762322722761 0.006018264219164848 15
1762322722761 0.006037572398781776 16
1762322722776 0.006003610789775848 17
1762322722776 0.005929603241384029 18
1762322722797 0.005876430310308933 19
1762322722805 0.005892261862754822 20
1762322722810 0.00598260248079896 21
1762322722810 0.005808655172586441 22
1762322722826 0.005687704775482416 23
1762322722826 0.005854620598256588 24
1762322722841 0.005708393640816212 25
1762322722841 0.005744590424001217 26
1762322722861 0.005672052036970854 27
1762322722869 0.005622267723083496 28
1762322722877 0.005628770682960749 29
1762322722885 0.00554844131693244 30
1762322722893 0.005659297574311495 31
1762322722900 0.005580620374530554 32
1762322722908 0.005477722734212875 33
1762322722916 0.005614883732050657 34
1762322722924 0.005383795127272606 35
1762322722932 0.005512197967618704 36
1762322722938 0.005491033662110567 37
1762322722938 0.005407724995166063 38
1762322722958 0.00552504463121295 39
1762322722966 0.005390748847275972 40
1762322722970 0.005289360415190458 41
1762322722970 0.005534130614250898 42
1762322722985 0.005252895411103964 43
1762322722985 0.005135034676641226 44
1762322723005 0.005282250232994556 45
1762322723013 0.005375684704631567 46
1762322723022 0.005106503609567881 47
1762322723030 0.005198245868086815 48
1762322723038 0.004959912039339542 49
1762322723044 0.005108031444251537 50
1762322723044 0.005294197238981724 51
1762322723062 0.0051243188790977 52
1762322723069 0.005079264286905527 53
1762322723078 0.004985216073691845 54
1762322723078 0.005163265857845545 55
1762322723093 0.0051841046661138535 56
1762322723093 0.005090145859867334 57
1762322723109 0.004969032946974039 58
1762322723109 0.004957361612468958 59
1762322723127 0.005009036976844072 60
1762322723136 0.005015894304960966 61
1762322723141 0.00524496054276824 62
1762322723141 0.0052885194309055805 63
1762322723156 0.005046824458986521 64
1762322723156 0.005091221537441015 65
1762322723175 0.005024752579629421 66
1762322723183 0.004885577596724033 67
1762322723187 0.004982931539416313 68
1762322723203 0.004986281041055918 69
1762322723215 0.004945802036672831 70
1762322723223 0.004838364198803902 71
1762322723230 0.005006067454814911 72
1762322723238 0.004782743286341429 73
1762322723244 0.004849536344408989 74
1762322723244 0.005171549040824175 75
1762322723260 0.004905066452920437 76
1762322723260 0.005080459173768759 77
1762322723276 0.004845180083066225 78
1762322723276 0.004747192375361919 79
1762322723291 0.004814993590116501 80
1762322723291 0.004837317857891321 81
1762322723307 0.004804152064025402 82
1762322723307 0.004845501855015755 83
1762322723327 0.004711904097348452 84
1762322723335 0.004878696985542774 85
1762322723343 0.004867417272180319 86
1762322723344 0.0047386931255459785 87
1762322723360 0.004861888010054827 88
1762322723360 0.004858453758060932 89
1762322723376 0.004727311432361603 90
1762322723384 0.004747443832457066 91
1762322723392 0.0047181216068565845 92
1762322723400 0.004791161045432091 93
1762322723407 0.0047049084678292274 94
1762322723415 0.004670203197747469 95
1762322723422 0.004651275463402271 96
1762322723422 0.004755111411213875 97
