1762323164620 0.06369099020957947 1
1762323164629 0.01798032410442829 2
1762323164638 0.01148570328950882 3
1762323164645 0.008052928373217583 4
1762323164653 0.006478511728346348 5
1762323164669 0.0057158395648002625 6
1762323164690 0.005359428469091654 7
1762323164698 0.005129077937453985 8
1762323164707 0.005048566497862339 9
1762323164715 0.004931137431412935 10
1762323164724 0.004848830867558718 11
1762323164731 0.004801498260349035 12
1762323164740 0.004786869511008263 13
1762323164748 0.004748855717480183 14
1762323164753 0.004660767037421465 15
1762323164753 0.004649419337511063 16
1762323164769 0.004612638149410486 17
1762323164769 0.004551931284368038 18
1762323164784 0.00456556212157011 19
1762323164784 0.004536685533821583 20
1762323164800 0.004461823962628841 21
1762323164800 0.0044939275830984116 22
1762323164816 0.004430342931300402 23
1762323164816 0.004412222653627396 24
1762323164835 0.004455944523215294 25
1762323164840 0.004354777745902538 26
1762323164840 0.004281957633793354 27
1762323164856 0.0042860801331698895 28
1762323164856 0.004225065931677818 29
1762323164872 0.004182201810181141 30
1762323164872 0.004132061265408993 31
1762323164891 0.004099437966942787 32
1762323164899 0.004105827771127224 33
1762323164907 0.003987044561654329 34
1762323164914 0.00397014245390892 35
1762323164923 0.00391934160143137 36
1762323164930 0.003853387199342251 37
1762323164938 0.003851467277854681 38
1762323164946 0.003785586217418313 39
1762323164954 0.003725257236510515 40
1762323164962 0.003708204720169306 41
1762323164965 0.0037145395763218403 42
1762323164965 0.0036668514367192984 43
1762323164981 0.0036038937978446484 44
1762323164981 0.0035592850763350725 45
1762323164997 0.0035256275441497564 46
1762323164997 0.0035267723724246025 47
1762323165012 0.0034231774043291807 48
1762323165012 0.003424219088628888 49
1762323165028 0.0033266483806073666 50
1762323165028 0.00336976395919919 51
1762323165048 0.0033116950653493404 52
1762323165056 0.0032538159284740686 53
1762323165064 0.003242518287152052 54
1762323165072 0.0031533031724393368 55
1762323165080 0.0030864006839692593 56
1762323165087 0.0031093668658286333 57
1762323165095 0.0030602221377193928 58
1762323165103 0.003047341015189886 59
1762323165106 0.0029822997748851776 60
1762323165106 0.0029355536680668592 61
1762323165122 0.002938654040917754 62
1762323165122 0.002898876089602709 63
1762323165137 0.0028656485956162214 64
1762323165137 0.0028468461241573095 65
1762323165159 0.002856360748410225 66
1762323165167 0.0027487026527523994 67
1762323165175 0.0027350953314453363 68
1762323165182 0.002707355422899127 69
1762323165192 0.0026912044268101454 70
1762323165200 0.0026587836910039186 71
1762323165209 0.0026281471364200115 72
1762323165217 0.002587545895949006 73
1762323165220 0.002553086495026946 74
1762323165220 0.0025418212171643972 75
1762323165241 0.0025511044077575207 76
1762323165249 0.002549995668232441 77
1762323165258 0.0024331698659807444 78
1762323165266 0.0024067710619419813 79
1762323165275 0.0023822905495762825 80
1762323165283 0.0023366794921457767 81
1762323165291 0.0023492146283388138 82
1762323165294 0.0022986766416579485 83
1762323165294 0.002275936771184206 84
1762323165310 0.0022910013794898987 85
1762323165310 0.002236153930425644 86
1762323165325 0.0022331299260258675 87
1762323165325 0.002223576419055462 88
1762323165341 0.0021637571044266224 89
1762323165341 0.002227181801572442 90
1762323165356 0.0021464256569743156 91
1762323165356 0.002132436726242304 92
1762323165377 0.0020905029959976673 93
1762323165385 0.002090130466967821 94
1762323165393 0.0021222541108727455 95
1762323165400 0.002049155067652464 96
1762323165403 0.00208346638828516 97
1762323165403 0.0020449224393814802 98
1762323165419 0.0019956864416599274 99
1762323165419 0.001975985476747155 100
