1762875441708 9.999999747378752e-05 1
1762875441734 0.0005949999904260039 2
1762875441775 0.0010900000343099236 3
1762875441800 0.0015849999617785215 4
1762875441816 0.0020800000056624413 5
1762875441877 0.002575000049546361 6
1762875441892 0.0030700000934302807 7
1762875441923 0.0035649999044835567 8
1762875441954 0.00406000018119812 9
1762875441988 0.004554999992251396 10
1762875442015 0.005049999803304672 11
1762875442031 0.005545000080019236 12
1762875442062 0.006039999891072512 13
1762875442096 0.006535000167787075 14
1762875442124 0.007029999978840351 15
1762875442153 0.007524999789893627 16
1762875442172 0.008019999600946903 17
1762875442204 0.008515000343322754 18
1762875442237 0.00901000015437603 19
1762875442265 0.009504999965429306 20
1762875442294 0.009999999776482582 21
1762875442317 0.00999653059989214 22
1762875442348 0.009986127726733685 23
1762875442364 0.00996880792081356 24
