1762875441687 0.1720089465379715 1
1762875441719 0.11943423002958298 2
1762875441750 0.10235685855150223 3
1762875441779 0.09692928940057755 4
1762875441800 0.09254135191440582 5
1762875441831 0.08922502398490906 6
1762875441881 0.08699975162744522 7
1762875441907 0.08500777930021286 8
1762875441923 0.08345875144004822 9
1762875441954 0.08305466920137405 10
1762875441992 0.08333244919776917 11
1762875442015 0.08260484039783478 12
1762875442046 0.08206380158662796 13
1762875442062 0.08224377781152725 14
1762875442100 0.08147049695253372 15
1762875442128 0.08194490522146225 16
1762875442157 0.08310851454734802 17
1762875442172 0.08302948623895645 18
1762875442204 0.0823756754398346 19
1762875442242 0.08362740278244019 20
1762875442271 0.0829426497220993 21
1762875442298 0.0820239931344986 22
1762875442317 0.08268550038337708 23
1762875442348 0.08228155225515366 24
1762875604329 0.02652249112725258 1
1762875604350 0.017467742785811424 2
1762875604360 0.014901812188327312 3
1762875604371 0.01396680623292923 4
1762875604417 0.013165062293410301 5
1762875604430 0.012622956186532974 6
1762875604438 0.01239244919270277 7
1762875604447 0.011723737232387066 8
1762875604455 0.011395870707929134 9
1762875604463 0.010759206488728523 10
1762875604471 0.010462216101586819 11
1762875604475 0.01011297944933176 12
1762875604475 0.009702357463538647 13
1762875604496 0.0095205781981349 14
1762875604504 0.009173638187348843 15
1762875604512 0.008796632289886475 16
1762875604520 0.008590565994381905 17
1762875604525 0.008341293781995773 18
1762875604525 0.00823162030428648 19
1762875604541 0.008125248365104198 20
1762875604541 0.007939452305436134 21
1762875604556 0.007942689582705498 22
1762875604556 0.007915062829852104 23
1762875604572 0.007681782357394695 24
1762875604572 0.007663531694561243 25
1762875604587 0.007572331465780735 26
1762875604587 0.007560528349131346 27
1762875604603 0.007413600105792284 28
1762875604603 0.007441886700689793 29
1762875604619 0.007387216202914715 30
1762875604619 0.007274748291820288 31
1762875604634 0.007341600023210049 32
1762875604634 0.007372604217380285 33
1762875604650 0.007253671530634165 34
1762875604650 0.007228751666843891 35
1762875604666 0.0071423789486289024 36
1762875604666 0.007224996108561754 37
1762875604681 0.0070500122383236885 38
1762875604681 0.007106546778231859 39
1762875604697 0.007118134293705225 40
1762875604697 0.0069749727845191956 41
1762875604712 0.006918956059962511 42
1762875604712 0.006995468866080046 43
1762875604735 0.0069725471548736095 44
1762875604744 0.006869250442832708 45
1762875604753 0.006857000291347504 46
1762875604761 0.006803825963288546 47
1762875604768 0.006883998867124319 48
1762875604776 0.0068122223019599915 49
1762875604776 0.0067609865218400955 50
1762875604791 0.0067541771568357944 51
1762875604791 0.00678908871486783 52
1762875604808 0.006704302038997412 53
1762875604813 0.006750779692083597 54
1762875604813 0.006705166306346655 55
1762875604829 0.006597775965929031 56
1762875604829 0.006622362416237593 57
1762875604844 0.006599528715014458 58
1762875604844 0.0065823933109641075 59
1762875604860 0.006587264593690634 60
1762875604860 0.00652306666597724 61
1762875604875 0.006531227845698595 62
1762875604875 0.006506780628114939 63
1762875604891 0.006601694040000439 64
1762875604891 0.006537624169141054 65
1762875604914 0.006424746476113796 66
1762875604922 0.00638147396966815 67
1762875604930 0.006460318807512522 68
1762875604938 0.006386580411344767 69
1762875604946 0.006373903248459101 70
1762875604952 0.00638574780896306 71
1762875604952 0.006319338455796242 72
1762875604968 0.006290603894740343 73
1762875604968 0.006309035234153271 74
1762875604984 0.006282278336584568 75
1762875604995 0.006272914353758097 76
1762875605003 0.00625604996457696 77
1762875605011 0.006301356945186853 78
1762875605019 0.00626123184338212 79
1762875605027 0.006245769560337067 80
1762875605031 0.0062375543639063835 81
1762875605031 0.006279949564486742 82
1762875605050 0.006169931963086128 83
1762875605058 0.006220757495611906 84
1762875605066 0.006199367810040712 85
1762875605074 0.006167774088680744 86
1762875605074 0.006144172977656126 87
1762875605090 0.006147021893411875 88
1762875605090 0.006136798299849033 89
1762875605106 0.006123578175902367 90
1762875605106 0.006111676339060068 91
1762875605106 0.006126434542238712 92
1762875605121 0.0060789515264332294 93
1762875605121 0.006127199623733759 94
1762875605137 0.006132290232926607 95
1762875605152 0.006081752013415098 96
1762875605152 0.006116297096014023 97
1762875605168 0.006058303639292717 98
1762875605168 0.006090979557484388 99
1762875605184 0.006056501530110836 100
1762875763708 0.029432279989123344 1
1762875763719 0.011905163526535034 2
1762875763728 0.0091672632843256 3
1762875763738 0.007496787700802088 4
1762875763746 0.006731212139129639 5
1762875763758 0.006105298176407814 6
1762875763767 0.005938420537859201 7
1762875763767 0.00559332175180316 8
1762875763784 0.005458234343677759 9
1762875763792 0.005281088873744011 10
1762875763800 0.005135354585945606 11
1762875763808 0.00495857885107398 12
1762875763816 0.004867103882133961 13
1762875763818 0.004798267036676407 14
1762875763818 0.004627751186490059 15
1762875763833 0.004507888108491898 16
1762875763849 0.004467817023396492 17
1762875763849 0.004397689830511808 18
1762875763864 0.004219840280711651 19
1762875763864 0.004213866777718067 20
1762875763880 0.004270512610673904 21
1762875763880 0.004141917917877436 22
1762875763896 0.004040598403662443 23
1762875763896 0.003935865592211485 24
1762875763911 0.003950245678424835 25
1762875763911 0.0038407512474805117 26
1762875763927 0.003761030500754714 27
1762875763927 0.0037879361771047115 28
1762875763943 0.0037199375219643116 29
1762875763943 0.003658982226625085 30
1762875763958 0.0035922066308557987 31
1762875763958 0.0035676881670951843 32
1762875763975 0.0035168451722711325 33
1762875763983 0.0035074420738965273 34
1762875763991 0.0035184433218091726 35
1762875763998 0.0035180056001991034 36
1762875764006 0.003443310270085931 37
1762875764014 0.0033423295244574547 38
1762875764017 0.0032831120770424604 39
1762875764017 0.003366209799423814 40
1762875764033 0.0032494310289621353 41
1762875764033 0.0032179015688598156 42
1762875764055 0.0031700602266937494 43
1762875764063 0.0031678362283855677 44
1762875764071 0.0031616538763046265 45
1762875764079 0.0031354681123048067 46
1762875764084 0.0031034168787300587 47
1762875764084 0.003098362823948264 48
1762875764099 0.0030198139138519764 49
1762875764099 0.002987498417496681 50
1762875764115 0.0029635594692081213 51
1762875764115 0.0029165984597057104 52
1762875764130 0.0029407439287751913 53
1762875764146 0.002846109913662076 54
1762875764146 0.0028541116043925285 55
1762875764162 0.00280800461769104 56
1762875764177 0.0028628669679164886 57
1762875764177 0.0027712739538401365 58
1762875764193 0.0027221725322306156 59
1762875764193 0.0027694038581103086 60
1762875764209 0.002721865428611636 61
1762875764209 0.0026776837185025215 62
1762875764227 0.0026287937071174383 63
1762875764236 0.002609401009976864 64
1762875764244 0.0026183936279267073 65
1762875764252 0.0026299452874809504 66
1762875764261 0.002617066027596593 67
1762875764268 0.0025499637704342604 68
1762875764268 0.0025268751196563244 69
1762875764283 0.0025364821776747704 70
1762875764283 0.002490672981366515 71
1762875764299 0.002485254080966115 72
1762875764299 0.0024524747859686613 73
1762875764314 0.0024224910885095596 74
1762875764314 0.0024247029796242714 75
1762875764333 0.0024183003697544336 76
1762875764341 0.0024016215465962887 77
1762875764342 0.002385533880442381 78
1762875764342 0.0023565569426864386 79
1762875764366 0.0023451438173651695 80
1762875764374 0.0023213939275592566 81
1762875764382 0.0023033434990793467 82
1762875764383 0.0022893892601132393 83
1762875764383 0.0022907950915396214 84
1762875764398 0.0022657865192741156 85
1762875764398 0.0022611937019973993 86
1762875764414 0.0022457402665168047 87
1762875764414 0.00219791941344738 88
1762875764437 0.002232729224488139 89
1762875764445 0.0022214653436094522 90
1762875764452 0.0022082526702433825 91
1762875764452 0.002181347692385316 92
1762875764467 0.0021487288177013397 93
1762875764467 0.002137482166290283 94
1762875764483 0.0021476142574101686 95
1762875764483 0.0021669005509465933 96
1762875764499 0.0020898114889860153 97
1762875764499 0.002075346652418375 98
1762875764515 0.0020681223832070827 99
1762875764524 0.002088288078084588 100
