1762875441689 0.1720089465379715 1
1762875441722 0.11943423002958298 2
1762875441750 0.10235685855150223 3
1762875441784 0.09692928940057755 4
1762875441800 0.09254135191440582 5
1762875441847 0.08922502398490906 6
1762875441885 0.08699975162744522 7
1762875441907 0.08500777930021286 8
1762875441939 0.08345875144004822 9
1762875441954 0.08305466920137405 10
1762875441996 0.08333244919776917 11
1762875442015 0.08260484039783478 12
1762875442046 0.08206380158662796 13
1762875442077 0.08224377781152725 14
1762875442104 0.08147049695253372 15
1762875442132 0.08194490522146225 16
1762875442157 0.08310851454734802 17
1762875442188 0.08302948623895645 18
1762875442204 0.0823756754398346 19
1762875442246 0.08362740278244019 20
1762875442274 0.0829426497220993 21
1762875442302 0.0820239931344986 22
1762875442317 0.08268550038337708 23
1762875442348 0.08228155225515366 24
