1762875441689 0.05269230529665947 1
1762875441722 0.025647129863500595 2
1762875441750 0.018678508698940277 3
1762875441787 0.016459651291370392 4
1762875441800 0.015330263413488865 5
1762875441847 0.014396080747246742 6
1762875441888 0.013956672511994839 7
1762875441907 0.013624992221593857 8
1762875441939 0.013297650963068008 9
1762875441972 0.013298450969159603 10
1762875441999 0.01338548306375742 11
1762875442015 0.013149182312190533 12
1762875442046 0.013177498243749142 13
1762875442077 0.013054698705673218 14
1762875442108 0.0131565285846591 15
1762875442136 0.013151992112398148 16
1762875442157 0.013231652788817883 17
1762875442188 0.013345060870051384 18
1762875442220 0.013246524147689342 19
1762875442250 0.013438020832836628 20
1762875442278 0.01332151610404253 21
1762875442306 0.013081474229693413 22
1762875442333 0.013247831724584103 23
1762875442348 0.013255298137664795 24
