1762253456002 9.999999747378752e-06 1
1762253456041 5.949999831500463e-05 2
1762253456073 0.00010900000052060932 3
1762253456111 0.0001584999990882352 4
1762253456162 0.00020799999765586108 5
1762253456199 0.0002575000107754022 6
1762253456237 0.00030700000934302807 7
1762253456252 0.00035650000791065395 8
1762253456299 0.00040600000647827983 9
1762253456327 0.0004555000050459057 10
1762253456360 0.0005050000036135316 11
1762253456402 0.000554499973077327 12
1762253456440 0.0006040000007487833 13
1762253456470 0.0006535000284202397 14
1762253456517 0.0007029999978840351 15
1762253456564 0.0007525000255554914 16
1762253456599 0.0008019999950192869 17
1762253456638 0.0008515000226907432 18
1762253456683 0.0009009999921545386 19
1762253456736 0.000950500019825995 20
1762253456784 0.0010000000474974513 21
1762253456819 0.0009996530134230852 22
1762253456869 0.0009986128425225616 23
1762253456901 0.0009968808153644204 24
1762253456940 0.0009944597259163857 25
1762253456971 0.0009913534158840775 26
1762253457018 0.0009875664254650474 27
1762253457048 0.00098310480825603 28
1762253457086 0.0009779754327610135 29
1762253457117 0.00097218609880656 30
1762253457156 0.0009657457703724504 31
1762253457195 0.0009586644009687006 32
1762253457219 0.0009509529336355627 33
1762253457273 0.0009426231845282018 34
1762253457318 0.0009336880757473409 35
1762253457352 0.0009241613443009555 36
1762253457391 0.0009140576585195959 37
1762253457436 0.0009033926180563867 38
1762253457468 0.0008921826956793666 39
1762253457524 0.0008804451208561659 40
1762253457570 0.0008681980543769896 41
1762253457609 0.0008554603555239737 42
1762253457645 0.000842251640278846 43
1762253457693 0.0008285922813229263 44
1762253457740 0.0008145033498294652 45
1762253457785 0.0008000066154636443 46
1762253457818 0.0007851243717595935 47
1762253457855 0.0007698795525357127 48
1762253457887 0.0007542957318946719 49
1762253457918 0.0007383968913927674 50
1762253457956 0.0007222075364552438 51
1762253457991 0.0007057526963762939 52
1762253458024 0.0006890576332807541 53
1762253458072 0.00067214819137007 54
1762253458113 0.0006550503894686699 55
1762253458152 0.0006377906538546085 56
1762253458191 0.0006203955272212625 57
1762253458225 0.0006028918433003128 58
1762253458256 0.0005853066104464233 59
1762253458299 0.0005676668952219188 60
1762253458337 0.0005499999970197678 61
1762253458385 0.0005323330988176167 62
1762253458425 0.0005146933835931122 63
1762253458462 0.0004971081507392228 64
1762253458499 0.0004796044959221035 65
1762253458541 0.00046220936928875744 66
1762253458571 0.0004449495754670352 67
1762253458611 0.00042785180266946554 68
1762253458654 0.00041094236075878143 69
1762253458673 0.0003942473267670721 70
1762253458722 0.0003777924575842917 71
1762253458758 0.00036160313175059855 72
1762253458786 0.0003457042621448636 73
1762253458813 0.0003301204415038228 74
1762253458848 0.0003148756513837725 75
1762253458874 0.0002999934076797217 76
1762253458900 0.00028549664421007037 77
1762253458932 0.00027140771271660924 78
1762253458954 0.00025774838286451995 79
1762253458983 0.0002445396676193923 80
1762253459013 0.00023180195421446115 81
1762253459048 0.00021955487318336964 82
1762253459073 0.00020781731291208416 83
1762253459088 0.0001966073759831488 84
1762253459120 0.0001859423500718549 85
1762253459149 0.00017583867884241045 86
1762253459175 0.00016631193284410983 87
1762253459189 0.00015737679495941848 88
1762253459235 0.00014904706040397286 89
1762253459266 0.00014133557851891965 90
1762253459295 0.00013425420911516994 91
