1762253455946 0.36956241726875305 1
1762253456003 0.3290369212627411 2
1762253456047 0.2612958252429962 3
1762253456073 0.19638919830322266 4
1762253456128 0.15015330910682678 5
1762253456168 0.14091850817203522 6
1762253456205 0.13188526034355164 7
1762253456241 0.12311279028654099 8
1762253456267 0.11500976979732513 9
1762253456299 0.1100086197257042 10
1762253456332 0.10741452127695084 11
1762253456360 0.10572892427444458 12
1762253456402 0.1038755252957344 13
1762253456440 0.10110397636890411 14
1762253456492 0.09759403020143509 15
1762253456517 0.09521792829036713 16
1762253456569 0.08815982192754745 17
1762253456601 0.08131038397550583 18
1762253456644 0.06892796605825424 19
1762253456690 0.06877844780683517 20
1762253456742 0.06569328159093857 21
1762253456791 0.06158941239118576 22
1762253456819 0.060601718723773956 23
1762253456874 0.05828471854329109 24
1762253456901 0.055051539093256 25
1762253456940 0.054279256612062454 26
1762253456994 0.05299121513962746 27
1762253457018 0.05243546515703201 28
1762253457048 0.05047595128417015 29
1762253457086 0.05085667967796326 30
1762253457117 0.050579268485307693 31
1762253457160 0.051058921962976456 32
1762253457199 0.049712926149368286 33
1762253457235 0.04897385463118553 34
1762253457280 0.04724962264299393 35
1762253457324 0.047989070415496826 36
1762253457352 0.04716889187693596 37
1762253457404 0.04628993570804596 38
1762253457437 0.04643348604440689 39
1762253457468 0.0458800308406353 40
1762253457530 0.04555138573050499 41
1762253457570 0.04533861577510834 42
1762253457609 0.04517381638288498 43
1762253457645 0.04470282420516014 44
1762253457699 0.04433067888021469 45
1762253457747 0.044196054339408875 46
1762253457787 0.04428510367870331 47
1762253457818 0.043606922030448914 48
1762253457855 0.044032033532857895 49
1762253457887 0.043461982160806656 50
1762253457918 0.04262702167034149 51
1762253457961 0.04241655394434929 52
1762253457999 0.04300497844815254 53
1762253458039 0.042634785175323486 54
1762253458078 0.04231707379221916 55
1762253458119 0.04226873442530632 56
1762253458158 0.04173164442181587 57
1762253458196 0.04199698194861412 58
1762253458225 0.04174252599477768 59
1762253458274 0.04138660803437233 60
1762253458299 0.04108675941824913 61
1762253458337 0.04165531322360039 62
1762253458391 0.04122769087553024 63
1762253458430 0.04104546457529068 64
1762253458462 0.04116863012313843 65
1762253458507 0.040642376989126205 66
1762253458546 0.040337421000003815 67
1762253458571 0.04073391854763031 68
1762253458611 0.040442485362291336 69
1762253458658 0.04020502790808678 70
1762253458688 0.04034256935119629 71
1762253458727 0.0403350368142128 72
1762253458762 0.04021111875772476 73
1762253458791 0.040714655071496964 74
1762253458825 0.0401526540517807 75
1762253458851 0.04060535877943039 76
1762253458877 0.040127575397491455 77
1762253458900 0.03994091600179672 78
1762253458936 0.04014165699481964 79
1762253458954 0.04012327641248703 80
1762253458985 0.039732061326503754 81
1762253459018 0.03982359170913696 82
1762253459052 0.039571940898895264 83
1762253459073 0.03981735184788704 84
1762253459088 0.03976378217339516 85
1762253459120 0.03992009162902832 86
1762253459152 0.03971482440829277 87
1762253459179 0.03986993059515953 88
1762253459189 0.03962729498744011 89
1762253459235 0.03953808546066284 90
1762253459266 0.039507508277893066 91
