1762253455968 0.36956241726875305 1
1762253456003 0.3290369212627411 2
1762253456053 0.2612958252429962 3
1762253456089 0.19638919830322266 4
1762253456134 0.15015330910682678 5
1762253456174 0.14091850817203522 6
1762253456210 0.13188526034355164 7
1762253456245 0.12311279028654099 8
1762253456267 0.11500976979732513 9
1762253456299 0.1100086197257042 10
1762253456336 0.10741452127695084 11
1762253456360 0.10572892427444458 12
1762253456402 0.1038755252957344 13
1762253456456 0.10110397636890411 14
1762253456498 0.09759403020143509 15
1762253456537 0.09521792829036713 16
1762253456574 0.08815982192754745 17
1762253456601 0.08131038397550583 18
1762253456650 0.06892796605825424 19
1762253456697 0.06877844780683517 20
1762253456748 0.06569328159093857 21
1762253456797 0.06158941239118576 22
1762253456834 0.060601718723773956 23
1762253456879 0.05828471854329109 24
1762253456917 0.055051539093256 25
1762253456955 0.054279256612062454 26
1762253457000 0.05299121513962746 27
1762253457038 0.05243546515703201 28
1762253457067 0.05047595128417015 29
1762253457101 0.05085667967796326 30
1762253457134 0.050579268485307693 31
1762253457165 0.051058921962976456 32
1762253457206 0.049712926149368286 33
1762253457235 0.04897385463118553 34
1762253457287 0.04724962264299393 35
1762253457329 0.047989070415496826 36
1762253457368 0.04716889187693596 37
1762253457409 0.04628993570804596 38
1762253457437 0.04643348604440689 39
1762253457484 0.0458800308406353 40
1762253457532 0.04555138573050499 41
1762253457570 0.04533861577510834 42
1762253457628 0.04517381638288498 43
1762253457664 0.04470282420516014 44
1762253457708 0.04433067888021469 45
1762253457753 0.044196054339408875 46
1762253457787 0.04428510367870331 47
1762253457837 0.043606922030448914 48
1762253457871 0.044032033532857895 49
1762253457887 0.043461982160806656 50
1762253457936 0.04262702167034149 51
1762253457965 0.04241655394434929 52
1762253458006 0.04300497844815254 53
1762253458039 0.042634785175323486 54
1762253458079 0.04231707379221916 55
1762253458124 0.04226873442530632 56
1762253458163 0.04173164442181587 57
1762253458202 0.04199698194861412 58
1762253458241 0.04174252599477768 59
1762253458279 0.04138660803437233 60
1762253458318 0.04108675941824913 61
1762253458352 0.04165531322360039 62
1762253458397 0.04122769087553024 63
1762253458436 0.04104546457529068 64
1762253458462 0.04116863012313843 65
1762253458514 0.040642376989126205 66
1762253458549 0.040337421000003815 67
1762253458586 0.04073391854763031 68
1762253458629 0.040442485362291336 69
1762253458662 0.04020502790808678 70
1762253458693 0.04034256935119629 71
1762253458731 0.0403350368142128 72
1762253458766 0.04021111875772476 73
1762253458795 0.040714655071496964 74
1762253458829 0.0401526540517807 75
1762253458855 0.04060535877943039 76
1762253458877 0.040127575397491455 77
1762253458900 0.03994091600179672 78
1762253458939 0.04014165699481964 79
1762253458954 0.04012327641248703 80
1762253458985 0.039732061326503754 81
1762253459022 0.03982359170913696 82
1762253459056 0.039571940898895264 83
1762253459073 0.03981735184788704 84
1762253459104 0.03976378217339516 85
1762253459120 0.03992009162902832 86
1762253459156 0.03971482440829277 87
1762253459182 0.03986993059515953 88
1762253459204 0.03962729498744011 89
1762253459235 0.03953808546066284 90
1762253459266 0.039507508277893066 91
