1762253455976 0.21361936628818512 1
1762253456018 0.1688241809606552 2
1762253456057 0.10547147691249847 3
1762253456089 0.06132828816771507 4
1762253456140 0.03526182100176811 5
1762253456179 0.030996043235063553 6
1762253456216 0.027210552245378494 7
1762253456249 0.023791197687387466 8
1762253456267 0.020883185788989067 9
1762253456299 0.01953541673719883 10
1762253456340 0.01866244524717331 11
1762253456380 0.018142975866794586 12
1762253456421 0.017451951280236244 13
1762253456461 0.016918538138270378 14
1762253456502 0.015845220535993576 15
1762253456540 0.015070722438395023 16
1762253456579 0.013108687475323677 17
1762253456601 0.01100220624357462 18
1762253456656 0.008662472479045391 19
1762253456704 0.008719258941709995 20
1762253456756 0.00817860383540392 21
1762253456803 0.007399312220513821 22
1762253456834 0.007179394830018282 23
1762253456886 0.00695375818759203 24
1762253456917 0.006370118819177151 25
1762253456955 0.006264322437345982 26
1762253457002 0.0061605642549693584 27
1762253457043 0.006041219923645258 28
1762253457070 0.0057179988361895084 29
1762253457101 0.005781128071248531 30
1762253457139 0.005733118392527103 31
1762253457171 0.005855871830135584 32
1762253457212 0.005649133585393429 33
1762253457235 0.005578935611993074 34
1762253457290 0.005390368402004242 35
1762253457335 0.005465019028633833 36
1762253457374 0.005389025900512934 37
1762253457415 0.005248041357845068 38
1762253457452 0.005309649743139744 39
1762253457494 0.005228281486779451 40
1762253457532 0.0051660239696502686 41
1762253457586 0.005144786089658737 42
1762253457633 0.005134152248501778 43
1762253457669 0.005036555230617523 44
1762253457715 0.005008878652006388 45
1762253457758 0.004999979864805937 46
1762253457802 0.00504061346873641 47
1762253457840 0.004970652516931295 48
1762253457871 0.005014668218791485 49
1762253457902 0.005012141540646553 50
1762253457940 0.004895566031336784 51
1762253457969 0.004896866157650948 52
1762253458008 0.0049222176894545555 53
1762253458039 0.004914845339953899 54
1762253458079 0.0048616970889270306 55
1762253458130 0.004887397866696119 56
1762253458168 0.004802229814231396 57
1762253458207 0.004808512981981039 58
1762253458241 0.004818989895284176 59
1762253458285 0.004764269571751356 60
1762253458323 0.004747958853840828 61
1762253458352 0.004758220631629229 62
1762253458402 0.004754456225782633 63
1762253458442 0.004692395683377981 64
1762253458477 0.004779253154993057 65
1762253458519 0.004724284168332815 66
1762253458549 0.004667256027460098 67
1762253458586 0.004670602269470692 68
1762253458634 0.004639877006411552 69
1762253458666 0.004649906884878874 70
1762253458698 0.004645110107958317 71
1762253458742 0.0046380143612623215 72
1762253458771 0.004633840639144182 73
1762253458799 0.004700817167758942 74
1762253458833 0.004663849249482155 75
1762253458859 0.00469506299123168 76
1762253458877 0.004662245977669954 77
1762253458900 0.004601925611495972 78
1762253458939 0.004666008520871401 79
1762253458954 0.004696865100413561 80
1762253458985 0.004622819367796183 81
1762253459025 0.004608165007084608 82
1762253459060 0.004599286708980799 83
1762253459073 0.004650668241083622 84
1762253459104 0.00460906233638525 85
1762253459120 0.004639588296413422 86
1762253459161 0.004635639954358339 87
1762253459186 0.0046599870547652245 88
1762253459204 0.004656373988837004 89
1762253459254 0.0045975372195243835 90
1762253459266 0.004612474236637354 91
