1762306508505 0.02122507616877556 1
1762306508507 0.011348186060786247 2
1762306508507 0.009477682411670685 3
1762306508532 0.0086360527202487 4
1762306508540 0.00808296725153923 5
1762306508551 0.007909557782113552 6
1762306508551 0.007591442205011845 7
1762306508567 0.007464343681931496 8
1762306508577 0.007631317246705294 9
1762306508585 0.007200026419013739 10
1762306508593 0.007369663566350937 11
1762306508602 0.007184240501374006 12
1762306508611 0.007269819267094135 13
1762306508616 0.007180837914347649 14
1762306508631 0.007181607186794281 15
1762306508654 0.0071170334704220295 16
1762306508661 0.0071975491009652615 17
1762306508671 0.007048159837722778 18
1762306508679 0.006981133483350277 19
1762306508687 0.006970307789742947 20
1762306508695 0.006970037706196308 21
1762306508695 0.006963564082980156 22
1762306508710 0.006957617122679949 23
1762306508710 0.006782872602343559 24
1762306508726 0.006744911894202232 25
1762306508726 0.006689155008643866 26
1762306508742 0.006639634259045124 27
1762306508750 0.006623287219554186 28
1762306508757 0.0065729087218642235 29
1762306508765 0.0065431478433310986 30
1762306508772 0.006560886278748512 31
1762306508772 0.006509893573820591 32
1762306508789 0.006481533870100975 33
1762306508797 0.006438313517719507 34
1762306508804 0.006474376656115055 35
1762306508804 0.006467103958129883 36
1762306508820 0.006371780764311552 37
1762306508820 0.006380410399287939 38
1762306508835 0.006378317717462778 39
1762306508835 0.006373005453497171 40
1762306508851 0.006368270143866539 41
1762306508851 0.006316839717328548 42
1762306508868 0.0063781458884477615 43
1762306508875 0.006470270920544863 44
1762306508883 0.0063710822723805904 45
1762306508891 0.006288798991590738 46
1762306508899 0.006255113985389471 47
1762306508907 0.006249366328120232 48
1762306508913 0.006256344262510538 49
1762306508913 0.006223849952220917 50
1762306508928 0.006203935015946627 51
1762306508928 0.006204003933817148 52
1762306508944 0.006216630805283785 53
1762306508944 0.006167110055685043 54
1762306508961 0.006129811052232981 55
1762306508971 0.006074865348637104 56
1762306508978 0.006107366643846035 57
1762306508986 0.006154772359877825 58
1762306508994 0.006071555893868208 59
1762306509002 0.0060052573680877686 60
1762306509009 0.005952994339168072 61
1762306509017 0.005964090581983328 62
1762306509024 0.005960590206086636 63
1762306509024 0.005880993325263262 64
1762306509039 0.005936549045145512 65
1762306509039 0.0058462913148105145 66
1762306509055 0.005829436704516411 67
1762306509071 0.005817205645143986 68
1762306509086 0.005824754014611244 69
1762306509102 0.005887479986995459 70
1762306509136 0.005867100786417723 71
1762306509151 0.005796764045953751 72
1762306509167 0.00582809466868639 73
1762306509191 0.005808246787637472 74
1762306509200 0.0057637691497802734 75
1762306509212 0.005713449791073799 76
1762306509228 0.005776221863925457 77
1762306509238 0.005725323688238859 78
1762306509242 0.005657284986227751 79
1762306509242 0.005705397110432386 80
1762306509258 0.005705694667994976 81
1762306509258 0.005780188366770744 82
1762306509279 0.005709366872906685 83
1762306509288 0.0056732106022536755 84
1762306509295 0.005696019157767296 85
1762306509299 0.0056385742500424385 86
1762306509299 0.005623518954962492 87
1762306509315 0.005624988116323948 88
1762306509315 0.005678571294993162 89
1762306509331 0.005646210163831711 90
1762306509331 0.005579490680247545 91
1762306509346 0.005493911914527416 92
1762306509346 0.005509660579264164 93
1762306509362 0.0054749539121985435 94
1762306509362 0.005439294036477804 95
1762306509378 0.005410764832049608 96
1762306509378 0.00541675603017211 97
1762306509397 0.005461398977786303 98
1762306509404 0.0054507204331457615 99
1762306509415 0.005505502223968506 100
