1762307923671 0.029463928192853928 1
1762307923680 0.008365171030163765 2
1762307923686 0.007606770843267441 3
1762307923686 0.007169610820710659 4
1762307923708 0.006720283068716526 5
1762307923711 0.006530968006700277 6
1762307923721 0.006272276863455772 7
1762307923721 0.006121301557868719 8
1762307923737 0.0060286372900009155 9
1762307923737 0.005902999546378851 10
1762307923757 0.0058443583548069 11
1762307923764 0.00578009057790041 12
1762307923773 0.005732270423322916 13
1762307923781 0.005650176666676998 14
1762307923786 0.005597459618002176 15
1762307923786 0.0055705527774989605 16
1762307923802 0.005527975037693977 17
1762307923802 0.005502564832568169 18
1762307923817 0.005487731657922268 19
1762307923817 0.005474005825817585 20
1762307923837 0.005434289108961821 21
1762307923844 0.005460909567773342 22
1762307923852 0.005417117848992348 23
1762307923852 0.005447902251034975 24
1762307923868 0.005385562311857939 25
1762307923868 0.005343200638890266 26
1762307923883 0.005351757165044546 27
1762307923892 0.00528080016374588 28
1762307923900 0.005275185219943523 29
1762307923908 0.005269108340144157 30
1762307923916 0.005260846111923456 31
1762307923923 0.005233803763985634 32
1762307923931 0.005216697230935097 33
1762307923935 0.005234113894402981 34
1762307923935 0.005176323466002941 35
1762307923950 0.005172065459191799 36
1762307923950 0.005154607817530632 37
1762307923971 0.0051369029097259045 38
1762307923979 0.0051535977981984615 39
1762307923987 0.005107672419399023 40
1762307923994 0.0051165311597287655 41
1762307923997 0.005090862978249788 42
1762307923997 0.005087370052933693 43
1762307924013 0.005019053351134062 44
1762307924013 0.00503558898344636 45
1762307924029 0.005013186018913984 46
1762307924029 0.004982642829418182 47
1762307924049 0.004946663975715637 48
1762307924057 0.004976390395313501 49
1762307924065 0.004980009514838457 50
1762307924074 0.004938129801303148 51
1762307924081 0.004976620431989431 52
1762307924090 0.004932841751724482 53
1762307924098 0.0048932661302387714 54
1762307924106 0.004889301955699921 55
1762307924114 0.004897161852568388 56
1762307924122 0.004865857772529125 57
1762307924122 0.0048627411015331745 58
1762307924138 0.0048307995311915874 59
1762307924146 0.004826533142477274 60
1762307924154 0.004829988814890385 61
1762307924162 0.004811977967619896 62
1762307924169 0.004792601801455021 63
1762307924169 0.004805014934390783 64
1762307924185 0.004789893049746752 65
1762307924185 0.00476200832054019 66
1762307924200 0.004764263052493334 67
1762307924200 0.004748462233692408 68
1762307924218 0.004757334012538195 69
1762307924225 0.004733596928417683 70
1762307924231 0.004737472161650658 71
1762307924231 0.004726995248347521 72
1762307924247 0.004684494808316231 73
1762307924247 0.004682058468461037 74
1762307924262 0.004697251599282026 75
1762307924262 0.004683438688516617 76
1762307924278 0.004715053364634514 77
1762307924278 0.004706279374659061 78
1762307924295 0.004711534827947617 79
1762307924303 0.004713745322078466 80
1762307924309 0.0046609737910330296 81
1762307924309 0.004654170945286751 82
1762307924325 0.004605806898325682 83
1762307924325 0.004623764660209417 84
1762307924340 0.00465440796688199 85
1762307924340 0.004565104376524687 86
1762307924356 0.0045899380929768085 87
1762307924356 0.0045179040171206 88
1762307924371 0.004524023737758398 89
1762307924371 0.004562701098620892 90
1762307924387 0.004511426668614149 91
1762307924387 0.0045020622201263905 92
1762307924403 0.004570199642330408 93
1762307924403 0.0045204441994428635 94
1762307924419 0.0044653755612671375 95
1762307924427 0.004480701871216297 96
1762307924435 0.004481385927647352 97
1762307924442 0.0044633084908127785 98
1762307924451 0.0044370247051119804 99
1762307924460 0.0045048948377370834 100
