1762937751653 9.999999747378752e-06 1
1762937751687 5.949999831500463e-05 2
1762937751721 0.00010900000052060932 3
1762937751749 0.0001584999990882352 4
1762937751782 0.00020799999765586108 5
1762937751821 0.0002575000107754022 6
1762937751842 0.00030700000934302807 7
1762937751874 0.00035650000791065395 8
1762937751905 0.00040600000647827983 9
1762937751942 0.0004555000050459057 10
1762937751973 0.0005050000036135316 11
1762937752004 0.000554499973077327 12
1762937752020 0.0006040000007487833 13
