1762937804397 0.1752515733242035 1
1762937804404 0.04157854989171028 2
1762937804419 0.03433522954583168 3
1762937804430 0.0328589491546154 4
1762937804440 0.031448300927877426 5
1762937804450 0.03042779490351677 6
1762937804459 0.030643969774246216 7
1762937804468 0.02989776059985161 8
1762937804478 0.029953809455037117 9
1762937804487 0.029570255428552628 10
1762937804496 0.02812197059392929 11
1762937804505 0.028903966769576073 12
1762937804515 0.028316451236605644 13
1762937804524 0.028352897614240646 14
1762937804534 0.02815834991633892 15
1762937804544 0.028210865333676338 16
1762937804553 0.02825217694044113 17
1762937804562 0.028250079602003098 18
1762937804571 0.027410754933953285 19
1762937804581 0.028481533750891685 20
1762937804591 0.026666132733225822 21
1762937804601 0.027621658518910408 22
1762937804610 0.02779320813715458 23
1762937804621 0.027463212609291077 24
1762937804633 0.027541497722268105 25
1762937804643 0.02765282243490219 26
1762937804692 0.027378655970096588 27
1762937804708 0.027131803333759308 28
