1762937860564 0.17888882756233215 1
1762937860564 0.03669160604476929 2
1762937860586 0.027339192107319832 3
1762937860599 0.02567369118332863 4
1762937860599 0.0203262809664011 5
1762937860621 0.020405717194080353 6
1762937860632 0.017675787210464478 7
1762937860642 0.01877829246222973 8
1762937860648 0.015586921945214272 9
1762937860648 0.01584056206047535 10
1762937860674 0.015657158568501472 11
1762937860684 0.015880132094025612 12
1762937860694 0.014753006398677826 13
1762937860704 0.015512741170823574 14
1762937860714 0.014435100369155407 15
1762937860715 0.014861761592328548 16
1762937860734 0.013387314043939114 17
1762937860738 0.013769474811851978 18
1762937860753 0.01256893202662468 19
1762937860761 0.013888870365917683 20
1762937860771 0.012643913738429546 21
1762937860779 0.013775331899523735 22
1762937860781 0.01120077259838581 23
1762937860798 0.012674162164330482 24
1762937860806 0.012742506340146065 25
1762937860815 0.012328901328146458 26
1762937860821 0.012830459512770176 27
1762937860821 0.012822164222598076 28
1762937860840 0.014320935122668743 29
1762937860851 0.013377592898905277 30
1762937860860 0.013682352378964424 31
1762937860864 0.012355363927781582 32
1762937860864 0.013339278288185596 33
1762937860880 0.01313658058643341 34
1762937860880 0.01362051721662283 35
1762937860895 0.013250317424535751 36
1762937860912 0.013122156262397766 37
1762937860921 0.013351879082620144 38
1762937860930 0.012918027117848396 39
1762937860939 0.012522603385150433 40
