1762762375101 4.999999873689376e-05 1
1762762375129 0.00029749999521300197 2
1762762375145 0.0005450000171549618 3
1762762375182 0.0007924999808892608 4
1762762375196 0.0010400000028312206 5
1762762375229 0.0012875000247731805 6
1762762375261 0.0015350000467151403 7
1762762375288 0.0017824999522417784 8
1762762375312 0.00203000009059906 9
1762762375335 0.002277499996125698 10
1762762375363 0.002524999901652336 11
1762762375397 0.002772500040009618 12
1762762375418 0.003019999945536256 13
1762762375446 0.0032675000838935375 14
1762762375461 0.0035149999894201756 15
1762762375497 0.0037624998949468136 16
1762762375531 0.004009999800473452 17
1762762375558 0.004257500171661377 18
1762762375631 0.004505000077188015 19
1762762375690 0.004752499982714653 20
1762762375724 0.004999999888241291 21
1762762375745 0.00499826529994607 22
1762762375778 0.004993063863366842 23
1762762375796 0.00498440396040678 24
1762762375829 0.004972298629581928 25
1762762375845 0.004956766963005066 26
1762762375879 0.004937832243740559 27
1762762375911 0.004915524274110794 28
1762762375941 0.004889877047389746 29
1762762375962 0.004860930610448122 30
1762762375979 0.00482872873544693 31
1762762376018 0.004793322179466486 32
1762762376048 0.0047547644935548306 33
1762762376062 0.004713116213679314 34
1762762376095 0.004668440204113722 35
1762762376129 0.004620806779712439 36
1762762376145 0.004570288117974997 37
1762762376178 0.004516962915658951 38
1762762376193 0.004460913594812155 39
1762762376228 0.004402225837111473 40
1762762376256 0.004340990446507931 41
1762762376282 0.004277301486581564 42
1762762376294 0.004211258143186569 43
1762762376329 0.004142961464822292 44
1762762376359 0.004072516690939665 45
1762762376387 0.004000033251941204 46
1762762376412 0.003925621975213289 47
1762762376446 0.0038493978790938854 48
1762762376470 0.0037714785430580378 49
1762762376495 0.0036919843405485153 50
1762762376511 0.00361103774048388 51
1762762376542 0.0035287633072584867 52
