1762762375062 0.1823880523443222 1
1762762375102 0.13540703058242798 2
1762762375134 0.10903125256299973 3
1762762375145 0.10103628039360046 4
1762762375187 0.09750527143478394 5
1762762375213 0.09267383068799973 6
1762762375229 0.08408132195472717 7
1762762375265 0.07599969953298569 8
1762762375292 0.0729648545384407 9
1762762375312 0.0677441731095314 10
1762762375345 0.06710618734359741 11
1762762375363 0.06572652608156204 12
1762762375400 0.06341733038425446 13
1762762375427 0.06631233543157578 14
1762762375446 0.06461354345083237 15
1762762375478 0.06513074040412903 16
1762762375497 0.06367609649896622 17
1762762375531 0.06287314742803574 18
1762762375563 0.061512481421232224 19
1762762375647 0.06450182944536209 20
1762762375698 0.06405366957187653 21
1762762375728 0.06217359006404877 22
1762762375745 0.06162738800048828 23
1762762375782 0.06457692384719849 24
1762762375796 0.06094926595687866 25
1762762375829 0.058120500296354294 26
1762762375845 0.06093525514006615 27
1762762375879 0.06059972196817398 28
1762762375912 0.05914534628391266 29
1762762375945 0.05814051255583763 30
1762762375962 0.05934422090649605 31
1762762375995 0.05892609432339668 32
1762762376018 0.05638736113905907 33
1762762376051 0.0582391582429409 34
1762762376078 0.05489399656653404 35
1762762376095 0.057207558304071426 36
1762762376129 0.05764291435480118 37
1762762376145 0.05605969950556755 38
1762762376178 0.05498668923974037 39
1762762376209 0.05833660066127777 40
1762762376228 0.054581597447395325 41
1762762376260 0.05658641830086708 42
1762762376285 0.05514439195394516 43
1762762376310 0.05549056828022003 44
1762762376329 0.054127030074596405 45
1762762376364 0.054861169308423996 46
1762762376394 0.05540692061185837 47
1762762376412 0.052296023815870285 48
1762762376450 0.056062836199998856 49
1762762376474 0.053297337144613266 50
1762762376495 0.05196249857544899 51
1762762376511 0.05214047059416771 52
