1762762375084 0.05643685162067413 1
1762762375113 0.0326385460793972 2
1762762375136 0.02140749804675579 3
1762762375168 0.01824364624917507 4
1762762375195 0.016886159777641296 5
1762762375213 0.015630293637514114 6
1762762375246 0.013335044495761395 7
1762762375272 0.011562494561076164 8
1762762375299 0.01092592068016529 9
1762762375312 0.009460067376494408 10
1762762375352 0.009300675243139267 11
1762762375381 0.00899269338697195 12
1762762375407 0.008381722494959831 13
1762762375430 0.009119922295212746 14
1762762375446 0.008740711025893688 15
1762762375481 0.008958766236901283 16
1762762375515 0.008664239197969437 17
1762762375531 0.008400208316743374 18
1762762375575 0.008078724145889282 19
1762762375663 0.008594177663326263 20
1762762375708 0.00868933741003275 21
1762762375728 0.008566093631088734 22
1762762375761 0.008029909804463387 23
1762762375784 0.008868174627423286 24
1762762375812 0.008290893398225307 25
1762762375829 0.007445903029292822 26
1762762375861 0.008244273252785206 27
1762762375879 0.007957733236253262 28
1762762375912 0.007639801595360041 29
1762762375945 0.007606816478073597 30
1762762375979 0.007606131955981255 31
1762762375995 0.008168754167854786 32
1762762376033 0.007300024852156639 33
1762762376051 0.007932979613542557 34
1762762376078 0.007009803783148527 35
1762762376112 0.007212126161903143 36
1762762376129 0.0076200650073587894 37
1762762376162 0.0070830755867064 38
1762762376178 0.00701455632224679 39
1762762376209 0.0077662658877670765 40
1762762376228 0.006974595133215189 41
1762762376267 0.007362189702689648 42
1762762376285 0.007268525660037994 43
1762762376315 0.007218537386506796 44
1762762376344 0.006948662456125021 45
1762762376372 0.006948608439415693 46
1762762376404 0.006852523423731327 47
1762762376431 0.00645378278568387 48
1762762376456 0.0073011489585042 49
1762762376482 0.00672154501080513 50
1762762376495 0.006443942431360483 51
1762762376527 0.0064724222756922245 52
