1762882964012 9.999999747378752e-05 1
1762882964039 0.0005949999904260039 2
1762882964077 0.0010900000343099236 3
1762882964106 0.0015849999617785215 4
1762882964121 0.0020800000056624413 5
1762882964152 0.002575000049546361 6
1762882964194 0.0030700000934302807 7
1762882964221 0.0035649999044835567 8
1762882964237 0.00406000018119812 9
1762882964268 0.004554999992251396 10
1762882964307 0.005049999803304672 11
1762882964324 0.005545000080019236 12
1762882964355 0.006039999891072512 13
1762882964386 0.006535000167787075 14
1762882964420 0.007029999978840351 15
1762882964449 0.007524999789893627 16
1762882964480 0.008019999600946903 17
1762882964496 0.008515000343322754 18
1762882964542 0.00901000015437603 19
1762882964571 0.009504999965429306 20
1762882964586 0.009999999776482582 21
1762882964617 0.00999653059989214 22
1762882964649 0.009986127726733685 23
