1762882963986 0.14255839586257935 1
1762882964021 0.11027076840400696 2
1762882964039 0.09782972186803818 3
1762882964081 0.09371273219585419 4
1762882964110 0.09166640788316727 5
1762882964137 0.08915884792804718 6
1762882964168 0.08754177391529083 7
1762882964198 0.08689051866531372 8
1762882964221 0.08536513894796371 9
1762882964253 0.0852762907743454 10
1762882964268 0.08435142040252686 11
1762882964308 0.08484641462564468 12
1762882964340 0.08507994562387466 13
1762882964355 0.08476782590150833 14
1762882964386 0.08521000295877457 15
1762882964425 0.08446258306503296 16
1762882964449 0.08538223803043365 17
1762882964480 0.08436647057533264 18
1762882964516 0.08551207184791565 19
1762882964547 0.08527936041355133 20
1762882964571 0.08591103553771973 21
1762882964602 0.0845717266201973 22
1762882964617 0.08513963967561722 23
1762883184066 0.022865334525704384 1
1762883184088 0.016651570796966553 2
1762883184088 0.015516649931669235 3
1762883184107 0.014850558713078499 4
1762883184116 0.014506818726658821 5
1762883184127 0.014051095582544804 6
1762883184137 0.013774236664175987 7
1762883184145 0.013498238287866116 8
1762883184154 0.013370092958211899 9
1762883184162 0.013224547728896141 10
1762883184168 0.013086563907563686 11
1762883184168 0.01299967523664236 12
1762883184189 0.012713024392724037 13
1762883184197 0.012322871014475822 14
1762883184205 0.01183624379336834 15
1762883184213 0.011462032794952393 16
1762883184221 0.01117006316781044 17
1762883184229 0.010899003595113754 18
1762883184237 0.010561377741396427 19
1762883184245 0.010277701541781425 20
1762883184254 0.010259352624416351 21
1762883184262 0.010070359334349632 22
1762883184270 0.009841958992183208 23
1762883184278 0.00975041277706623 24
1762883184286 0.009528571739792824 25
1762883184291 0.009483383037149906 26
1762883184291 0.00929943285882473 27
1762883184306 0.009334944188594818 28
1762883184306 0.009177273139357567 29
1762883184322 0.009129262529313564 30
1762883184322 0.009041381999850273 31
1762883184343 0.00888574868440628 32
1762883184351 0.008821889758110046 33
1762883184359 0.008797218091785908 34
1762883184365 0.008752658031880856 35
1762883184365 0.00863315723836422 36
1762883184381 0.008540051989257336 37
1762883184381 0.00854119285941124 38
1762883184397 0.00849142111837864 39
1762883184397 0.008505198173224926 40
1762883184415 0.008532163687050343 41
1762883184422 0.0084439218044281 42
1762883184431 0.00838533230125904 43
1762883184439 0.008290809579193592 44
1762883184447 0.008271323516964912 45
1762883184455 0.008416624739766121 46
1762883184463 0.008281294256448746 47
1762883184463 0.008124694228172302 48
1762883184479 0.00820554606616497 49
1762883184488 0.008425388485193253 50
1762883184496 0.008086380548775196 51
1762883184504 0.008104213513433933 52
1762883184512 0.007941312156617641 53
1762883184515 0.007947000674903393 54
1762883184515 0.007917556911706924 55
1762883184531 0.00787082314491272 56
1762883184531 0.007910492829978466 57
1762883184547 0.007814929820597172 58
1762883184547 0.007866745814681053 59
1762883184568 0.007738851010799408 60
1762883184572 0.007757357321679592 61
1762883184572 0.007648512255400419 62
1762883184588 0.0077060493640601635 63
1762883184588 0.007598150987178087 64
1762883184604 0.008018413558602333 65
1762883184604 0.0078092701733112335 66
1762883184619 0.0077158063650131226 67
1762883184635 0.007584127131849527 68
1762883184635 0.00761730782687664 69
1762883184652 0.007576686330139637 70
1762883184660 0.007823105901479721 71
1762883184669 0.007893717847764492 72
1762883184678 0.0077103376388549805 73
1762883184688 0.007729049306362867 74
1762883184695 0.007531044073402882 75
1762883184703 0.007557680830359459 76
1762883184711 0.0076611279509961605 77
1762883184719 0.007483576890081167 78
1762883184727 0.007549626287072897 79
1762883184735 0.007473941892385483 80
1762883184743 0.00767707172781229 81
1762883184752 0.007438181899487972 82
1762883184760 0.007420967798680067 83
1762883416779 0.02482684701681137 1
1762883416789 0.01206236518919468 2
1762883416800 0.009758494794368744 3
1762883416808 0.008981049992144108 4
1762883416818 0.00849346537142992 5
1762883416826 0.00820495281368494 6
1762883416836 0.007941490039229393 7
1762883416844 0.007757601793855429 8
1762883416853 0.00740009592846036 9
1762883416861 0.007191416807472706 10
1762883416869 0.006946731824427843 11
1762883416878 0.006777904462069273 12
1762883416878 0.0066253566183149815 13
1762883416894 0.006505066063255072 14
1762883416894 0.0063292477279901505 15
1762883416909 0.006334040313959122 16
1762883416909 0.006299229338765144 17
1762883416925 0.006144472863525152 18
1762883416925 0.006131512578576803 19
1762883416940 0.006050344556570053 20
1762883416940 0.005977748427540064 21
1762883416956 0.005894083995372057 22
1762883416956 0.00584698049351573 23
1762883416972 0.005793471354991198 24
1762883416972 0.0057514808140695095 25
1762883416987 0.005710708908736706 26
1762883416987 0.0057004704140126705 27
1762883417003 0.005641610827296972 28
1762883417003 0.005545613821595907 29
1762883417019 0.005517760757356882 30
1762883417019 0.005488790571689606 31
1762883417040 0.005494034383445978 32
1762883417048 0.005388813558965921 33
1762883417057 0.005309618078172207 34
1762883417065 0.00528939813375473 35
1762883417071 0.0053260852582752705 36
1762883417071 0.005261811427772045 37
1762883417086 0.005244414787739515 38
1762883417086 0.005152483470737934 39
1762883417105 0.0050928290002048016 40
1762883417114 0.005067611113190651 41
1762883417122 0.005042442586272955 42
1762883417130 0.0050208428874611855 43
1762883417139 0.005012274719774723 44
1762883417148 0.004985608160495758 45
1762883417156 0.004870797041803598 46
1762883417165 0.004911147989332676 47
1762883417173 0.004892243072390556 48
1762883417181 0.0048299613408744335 49
1762883417181 0.004816495347768068 50
1762883417202 0.004797622095793486 51
1762883417210 0.004829707555472851 52
1762883417219 0.004801492672413588 53
1762883417227 0.0047773621045053005 54
1762883417228 0.004724494647234678 55
1762883417228 0.00470226164907217 56
1762883417244 0.004674758296459913 57
1762883417259 0.004676066339015961 58
1762883417268 0.004673635121434927 59
1762883417274 0.004637082107365131 60
1762883417274 0.004610773175954819 61
1762883417289 0.004611622542142868 62
1762883417289 0.004603799432516098 63
1762883417305 0.004568061325699091 64
1762883417305 0.004566593561321497 65
1762883417320 0.004630169831216335 66
1762883417320 0.004560348577797413 67
1762883417336 0.004525280091911554 68
1762883417336 0.004464399069547653 69
1762883417352 0.004454780835658312 70
1762883417352 0.004443432204425335 71
1762883417367 0.004380898084491491 72
1762883417367 0.004423216916620731 73
1762883417383 0.004392384551465511 74
1762883417383 0.004352012183517218 75
1762883417399 0.004335793666541576 76
1762883417399 0.004349919036030769 77
1762883417421 0.004264302086085081 78
1762883417429 0.004263508133590221 79
1762883417437 0.0042674546130001545 80
1762883417445 0.0042156982235610485 81
1762883417453 0.0042143287137150764 82
1762883417461 0.004203937482088804 83
1762883417461 0.004176112357527018 84
1762883417478 0.00416409969329834 85
1762883417486 0.004133977461606264 86
1762883417493 0.004123684484511614 87
1762883417493 0.004162726923823357 88
1762883417508 0.004124226979911327 89
1762883417508 0.004073382820934057 90
1762883417524 0.004067136440426111 91
1762883417524 0.004053195007145405 92
1762883417539 0.0040621585212647915 93
1762883417539 0.00406491057947278 94
1762883417558 0.0040273419581353664 95
1762883417565 0.004017840605229139 96
1762883417574 0.003994834143668413 97
1762883417582 0.0040076426230371 98
1762883417590 0.004026607144623995 99
1762883417598 0.0039687613025307655 100
