1762882963992 0.14255839586257935 1
1762882964024 0.11027076840400696 2
1762882964057 0.09782972186803818 3
1762882964085 0.09371273219585419 4
1762882964114 0.09166640788316727 5
1762882964137 0.08915884792804718 6
1762882964172 0.08754177391529083 7
1762882964203 0.08689051866531372 8
1762882964221 0.08536513894796371 9
1762882964253 0.0852762907743454 10
1762882964287 0.08435142040252686 11
1762882964308 0.08484641462564468 12
1762882964340 0.08507994562387466 13
1762882964371 0.08476782590150833 14
1762882964386 0.08521000295877457 15
1762882964429 0.08446258306503296 16
1762882964449 0.08538223803043365 17
1762882964480 0.08436647057533264 18
1762882964520 0.08551207184791565 19
1762882964551 0.08527936041355133 20
1762882964571 0.08591103553771973 21
1762882964602 0.0845717266201973 22
1762882964633 0.08513963967561722 23
