1762882963994 0.03763860464096069 1
1762882964024 0.022416848689317703 2
1762882964061 0.017352839931845665 3
1762882964090 0.015898801386356354 4
1762882964118 0.015359359793365002 5
1762882964137 0.014692673459649086 6
1762882964172 0.01429983414709568 7
1762882964206 0.01425518374890089 8
1762882964221 0.013906171545386314 9
1762882964253 0.013942158780992031 10
1762882964291 0.013655627146363258 11
1762882964308 0.013757484033703804 12
1762882964340 0.013774865306913853 13
1762882964371 0.013801946304738522 14
1762882964404 0.013812297955155373 15
1762882964433 0.013689490966498852 16
1762882964465 0.013833784498274326 17
1762882964480 0.013675478287041187 18
1762882964524 0.013851458206772804 19
1762882964555 0.013806216418743134 20
1762882964571 0.014016678556799889 21
1762882964602 0.013637996278703213 22
1762882964633 0.013856019824743271 23
