1762420666593 0.044969744980335236 1
1762420666656 0.014421064406633377 2
1762420666656 0.009398807771503925 3
1762420666672 0.006814846768975258 4
1762420666672 0.005568369757384062 5
1762420666687 0.005020808428525925 6
1762420666687 0.004708123859018087 7
1762420666703 0.004488797392696142 8
1762420666703 0.004358649253845215 9
1762420666718 0.0043061343021690845 10
1762420666718 0.004191264044493437 11
1762420666734 0.004162115044891834 12
1762420666734 0.0041498299688100815 13
1762420666750 0.0041189310140907764 14
1762420666750 0.0040720682591199875 15
1762420666765 0.004047222435474396 16
1762420666765 0.004014000296592712 17
1762420666781 0.00398204755038023 18
1762420666781 0.003988256212323904 19
1762420666797 0.003925768192857504 20
1762420666797 0.0038903290405869484 21
1762420666812 0.0038600743282586336 22
1762420666812 0.0038714027032256126 23
1762420666828 0.003791441209614277 24
1762420666828 0.003732464276254177 25
1762420666843 0.0036922611761838198 26
1762420666843 0.0036944912280887365 27
1762420666859 0.003669341094791889 28
1762420666859 0.0036287978291511536 29
1762420666875 0.003612999338656664 30
1762420666875 0.003611682215705514 31
1762420666890 0.0035815155133605003 32
1762420666906 0.0035268771462142467 33
1762420666906 0.0035366544034332037 34
1762420666927 0.0035066341515630484 35
1762420666935 0.0034391393419355154 36
1762420666940 0.003464037086814642 37
1762420666975 0.0034049944952130318 38
1762420666983 0.003388785757124424 39
1762420666992 0.0033584192860871553 40
1762420667002 0.003337703412398696 41
1762420667014 0.0033043643925338984 42
1762420667025 0.0032693289685994387 43
1762420667035 0.0032464386895298958 44
1762420667044 0.0032028870191425085 45
1762420667053 0.003152847522869706 46
1762420667057 0.0030913320370018482 47
1762420667057 0.003147238865494728 48
1762420667073 0.003161192871630192 49
1762420667088 0.003007444553077221 50
1762420667088 0.002947830595076084 51
1762420667104 0.002958630444481969 52
1762420667120 0.002912356983870268 53
1762420667120 0.0028654849156737328 54
1762420667135 0.0028353489469736814 55
1762420667135 0.0028210063464939594 56
1762420667151 0.002764843637123704 57
1762420667151 0.0027120232116431 58
1762420667166 0.0026818281039595604 59
1762420667182 0.002670903690159321 60
1762420667182 0.002618777099996805 61
1762420667198 0.0026133153587579727 62
1762420667213 0.002555100480094552 63
1762420667245 0.0025047536473721266 64
1762420667245 0.0025054123252630234 65
1762420667260 0.002476676134392619 66
1762420667260 0.0024814275093376637 67
1762420667276 0.0024163280613720417 68
1762420667276 0.002385173924267292 69
1762420667291 0.002357477555051446 70
1762420667291 0.0023233979009091854 71
1762420667307 0.0023170432541519403 72
1762420667307 0.0023063309490680695 73
1762420667323 0.002222909592092037 74
1762420667323 0.0022913943976163864 75
1762420667338 0.002208865247666836 76
1762420667338 0.002206410514190793 77
1762420667354 0.002145453356206417 78
1762420667354 0.002155004069209099 79
1762420667370 0.0021049692295491695 80
1762420667370 0.002103089587762952 81
1762420667385 0.0021170591935515404 82
1762420667385 0.0020995321683585644 83
1762420667401 0.002043393673375249 84
1762420667401 0.0020705298520624638 85
1762420667401 0.0020535222720354795 86
1762420667416 0.0020213518291711807 87
1762420667416 0.0020124041475355625 88
1762420667432 0.00200469559058547 89
1762420667432 0.00198225281201303 90
1762420667448 0.001984523143619299 91
1762420667448 0.0019628233276307583 92
1762420667463 0.001968999858945608 93
1762420667463 0.0019387780921533704 94
1762420667479 0.0019428188679739833 95
1762420667479 0.0018992314580827951 96
1762420667494 0.0018898729467764497 97
1762420667494 0.0018581210169941187 98
1762420667510 0.0018442318541929126 99
1762420667510 0.0018591608386486769 100
