1762420069242 0.03209887444972992 1
1762420069252 0.011333323083817959 2
1762420069256 0.007494953460991383 3
1762420069256 0.006155180279165506 4
1762420069272 0.005516257602721453 5
1762420069287 0.005282576661556959 6
1762420069287 0.005205718334764242 7
1762420069303 0.005180275999009609 8
1762420069303 0.005094051361083984 9
1762420069318 0.005078591872006655 10
1762420069318 0.005040648393332958 11
1762420069334 0.0050416248850524426 12
1762420069334 0.005027091596275568 13
1762420069359 0.005017797462642193 14
1762420069365 0.004982474260032177 15
1762420069365 0.004951495211571455 16
1762420069381 0.005000732839107513 17
1762420069381 0.0049421051517128944 18
1762420069397 0.004942077212035656 19
1762420069413 0.004904847126454115 20
1762420069425 0.004945647902786732 21
1762420069426 0.004926251247525215 22
1762420069442 0.004892902914434671 23
1762420069442 0.004873963538557291 24
1762420069458 0.004867109935730696 25
1762420069473 0.004880163818597794 26
1762420069473 0.004863428417593241 27
1762420069489 0.004870939068496227 28
1762420069489 0.004865183029323816 29
1762420069505 0.00486696558073163 30
1762420069520 0.004855857230722904 31
1762420069520 0.00485606724396348 32
1762420069536 0.004848684649914503 33
1762420069551 0.004849457181990147 34
1762420069551 0.004833870101720095 35
1762420069571 0.004815181717276573 36
1762420069579 0.004814349114894867 37
1762420069584 0.004815489519387484 38
1762420069584 0.004830199759453535 39
1762420069600 0.004814246669411659 40
1762420069600 0.0047891344875097275 41
1762420069615 0.004775536712259054 42
1762420069631 0.004779278766363859 43
1762420069648 0.0047609503380954266 44
1762420069656 0.004763995297253132 45
1762420069664 0.004786400124430656 46
1762420069672 0.004759013187140226 47
1762420069691 0.0047655608505010605 48
1762420069703 0.004767061211168766 49
1762420069710 0.004752438049763441 50
1762420069710 0.0047797248698771 51
1762420069725 0.004764071200042963 52
1762420069725 0.004765125457197428 53
1762420069741 0.004762942902743816 54
1762420069741 0.004719446413218975 55
1762420069757 0.0047924574464559555 56
1762420069757 0.004711769055575132 57
1762420069780 0.00468822568655014 58
1762420069788 0.004670567344874144 59
1762420069796 0.0046799336560070515 60
1762420069802 0.0047258432023227215 61
1762420069802 0.004711994435638189 62
1762420069818 0.00468837283551693 63
1762420069818 0.004646588116884232 64
1762420069834 0.004687158390879631 65
1762420069834 0.004641619510948658 66
1762420069849 0.004666422959417105 67
1762420069865 0.004623982589691877 68
1762420069865 0.004650385584682226 69
1762420069881 0.0046843416057527065 70
1762420069881 0.004655380267649889 71
1762420069896 0.004678601399064064 72
1762420069896 0.004778013564646244 73
1762420069912 0.004620111081749201 74
1762420069912 0.004608302377164364 75
1762420069928 0.004544833209365606 76
1762420069945 0.004627673886716366 77
1762420069958 0.004510036204010248 78
1762420069960 0.004553338047116995 79
1762420069975 0.004548896104097366 80
1762420069975 0.004627501126378775 81
1762420070001 0.004660853184759617 82
1762420070012 0.0046432348899543285 83
1762420070023 0.0045390953309834 84
1762420070023 0.004541472066193819 85
1762420070038 0.004580991808325052 86
1762420070038 0.004563175141811371 87
1762420070054 0.004577107261866331 88
1762420070054 0.00451709283515811 89
1762420070070 0.004499508999288082 90
1762420070085 0.004468897823244333 91
1762420070085 0.0044499547220766544 92
1762420070101 0.004525693599134684 93
1762420070120 0.0044654496014118195 94
1762420070133 0.0044327531941235065 95
1762420070141 0.004431332927197218 96
1762420070150 0.004431999754160643 97
1762420070158 0.0044409348629415035 98
1762420070162 0.004385258536785841 99
1762420070162 0.004345819354057312 100
