1762262462187 9.999999747378752e-06 1
1762262462217 5.949999831500463e-05 2
1762262462237 0.00010900000052060932 3
1762262462253 0.0001584999990882352 4
1762262462284 0.00020799999765586108 5
1762262462300 0.0002575000107754022 6
1762262462315 0.00030700000934302807 7
1762262462347 0.00035650000791065395 8
1762262462362 0.00040600000647827983 9
1762262462393 0.0004555000050459057 10
1762262462422 0.0005050000036135316 11
1762262462449 0.000554499973077327 12
1762262462477 0.0006040000007487833 13
1762262462493 0.0006535000284202397 14
1762262462527 0.0007029999978840351 15
1762262462542 0.0007525000255554914 16
1762262462570 0.0008019999950192869 17
1762262462601 0.0008515000226907432 18
1762262462619 0.0009009999921545386 19
1762262462646 0.000950500019825995 20
1762262462666 0.0010000000474974513 21
1762262462696 0.0009996530134230852 22
1762262462711 0.0009986128425225616 23
1762262462743 0.0009968808153644204 24
1762262462765 0.0009944597259163857 25
1762262462787 0.0009913534158840775 26
1762262462809 0.0009875664254650474 27
1762262462820 0.00098310480825603 28
1762262462851 0.0009779754327610135 29
1762262462867 0.00097218609880656 30
1762262462898 0.0009657457703724504 31
1762262462914 0.0009586644009687006 32
1762262462944 0.0009509529336355627 33
1762262462966 0.0009426231845282018 34
1762262462977 0.0009336880757473409 35
1762262463008 0.0009241613443009555 36
1762262463023 0.0009140576585195959 37
1762262463058 0.0009033926180563867 38
1762262463070 0.0008921826956793666 39
1762262463104 0.0008804451208561659 40
1762262463126 0.0008681980543769896 41
1762262463148 0.0008554603555239737 42
1762262463164 0.000842251640278846 43
1762262463180 0.0008285922813229263 44
1762262463211 0.0008145033498294652 45
1762262463239 0.0008000066154636443 46
1762262463258 0.0007851243717595935 47
1762262463274 0.0007698795525357127 48
1762262463305 0.0007542957318946719 49
1762262463321 0.0007383968913927674 50
1762262463352 0.0007222075364552438 51
1762262463367 0.0007057526963762939 52
1762262463383 0.0006890576332807541 53
1762262463415 0.00067214819137007 54
1762262463441 0.0006550503894686699 55
1762262463464 0.0006377906538546085 56
1762262463477 0.0006203955272212625 57
1762262463508 0.0006028918433003128 58
1762262463524 0.0005853066104464233 59
1762262463553 0.0005676668952219188 60
1762262463576 0.0005499999970197678 61
1762262463599 0.0005323330988176167 62
1762262463620 0.0005146933835931122 63
1762262463635 0.0004971081507392228 64
1762262463664 0.0004796044959221035 65
1762262463680 0.00046220936928875744 66
1762262463695 0.0004449495754670352 67
1762262463727 0.00042785180266946554 68
1762262463754 0.00041094236075878143 69
1762262463777 0.0003942473267670721 70
1762262463799 0.0003777924575842917 71
1762262463820 0.00036160313175059855 72
1762262463836 0.0003457042621448636 73
1762262463872 0.0003301204415038228 74
1762262463883 0.0003148756513837725 75
1762262463915 0.0002999934076797217 76
1762262463931 0.00028549664421007037 77
1762262463946 0.00027140771271660924 78
1762262463983 0.00025774838286451995 79
1762262464005 0.0002445396676193923 80
1762262464024 0.00023180195421446115 81
1762262464039 0.00021955487318336964 82
1762262464070 0.00020781731291208416 83
1762262464094 0.0001966073759831488 84
1762262464116 0.0001859423500718549 85
