1762262462164 0.3082921802997589 1
1762262462187 0.2682371735572815 2
1762262462221 0.19342215359210968 3
1762262462237 0.15992125868797302 4
1762262462253 0.14687635004520416 5
1762262462284 0.13349521160125732 6
1762262462300 0.12363447993993759 7
1762262462331 0.11629848182201385 8
1762262462347 0.10724611580371857 9
1762262462378 0.09854390472173691 10
1762262462393 0.09429468214511871 11
1762262462427 0.09093005210161209 12
1762262462452 0.08677954971790314 13
1762262462482 0.08535594493150711 14
1762262462505 0.08257580548524857 15
1762262462530 0.0803704783320427 16
1762262462542 0.07730040699243546 17
1762262462570 0.07664170116186142 18
1762262462603 0.07511073350906372 19
1762262462619 0.07412642985582352 20
1762262462646 0.07391250878572464 21
1762262462666 0.07220438122749329 22
1762262462700 0.06920883059501648 23
1762262462711 0.06976474821567535 24
1762262462746 0.06931991875171661 25
1762262462768 0.06734708696603775 26
1762262462789 0.06615207344293594 27
1762262462813 0.06533806771039963 28
1762262462820 0.06416098773479462 29
1762262462851 0.06350555270910263 30
1762262462867 0.06387906521558762 31
1762262462898 0.06217803806066513 32
1762262462914 0.06260912865400314 33
1762262462947 0.060962725430727005 34
1762262462970 0.06130581349134445 35
1762262462993 0.06045219302177429 36
1762262463008 0.06055919826030731 37
1762262463038 0.06074664741754532 38
1762262463061 0.059699319303035736 39
1762262463070 0.059023380279541016 40
1762262463107 0.05833218991756439 41
1762262463130 0.058982010930776596 42
1762262463148 0.05847511813044548 43
1762262463164 0.05857809633016586 44
1762262463195 0.05822696536779404 45
1762262463211 0.05808722972869873 46
1762262463243 0.05820028483867645 47
1762262463258 0.05734230577945709 48
1762262463274 0.057263970375061035 49
1762262463305 0.05723603442311287 50
1762262463321 0.05678263679146767 51
1762262463355 0.05627238377928734 52
1762262463367 0.05561485514044762 53
1762262463398 0.05558861792087555 54
1762262463415 0.05537049099802971 55
1762262463444 0.05527529865503311 56
1762262463468 0.05487291142344475 57
1762262463477 0.054213713854551315 58
1762262463508 0.0541481114923954 59
1762262463524 0.0539700984954834 60
1762262463555 0.053527072072029114 61
1762262463580 0.05322771146893501 62
1762262463602 0.05316678434610367 63
1762262463620 0.0527595579624176 64
1762262463635 0.052862513810396194 65
1762262463664 0.05322764441370964 66
1762262463680 0.05228178948163986 67
1762262463711 0.0518634133040905 68
1762262463727 0.05228567123413086 69
1762262463758 0.051594797521829605 70
1762262463780 0.05190359055995941 71
1762262463802 0.0513591468334198 72
1762262463820 0.05100363492965698 73
1762262463852 0.051029883325099945 74
1762262463875 0.05134526267647743 75
1762262463883 0.05063309893012047 76
1762262463915 0.050686709582805634 77
1762262463931 0.05095280706882477 78
1762262463963 0.050455596297979355 79
1762262463986 0.050258103758096695 80
1762262464009 0.05032595247030258 81
1762262464024 0.05015084519982338 82
1762262464039 0.04963221400976181 83
1762262464070 0.049584366381168365 84
1762262464098 0.049675460904836655 85
