1762262808819 0.04537389427423477 1
1762262808819 0.01751832291483879 2
1762262808840 0.012027471326291561 3
1762262808840 0.00985631998628378 4
1762262808857 0.008800086565315723 5
1762262808864 0.008252596482634544 6
1762262808871 0.007826393470168114 7
1762262808878 0.007720779161900282 8
1762262808885 0.007498564198613167 9
1762262808891 0.007389843929558992 10
1762262808898 0.007261358201503754 11
1762262808905 0.007171288598328829 12
1762262808911 0.007079228293150663 13
1762262808918 0.007040250580757856 14
1762262808924 0.007005773484706879 15
1762262808931 0.006979388650506735 16
1762262808938 0.006943196058273315 17
1762262808945 0.006928700953722 18
1762262808952 0.0069252136163413525 19
1762262808958 0.006909951101988554 20
1762262808964 0.006862819194793701 21
1762262808971 0.006883006542921066 22
1762262808974 0.006855922285467386 23
1762262808974 0.0068678949028253555 24
1762262808990 0.006850585341453552 25
1762262808990 0.006832588464021683 26
1762262808990 0.006804764736443758 27
1762262809010 0.0068336473777890205 28
1762262809016 0.006794017273932695 29
1762262809021 0.006789816543459892 30
1762262809021 0.006813349202275276 31
1762262809021 0.006816556211560965 32
1762262809037 0.006798507180064917 33
1762262809037 0.006770728621631861 34
1762262809052 0.006757230963557959 35
1762262809052 0.006773865781724453 36
1762262809052 0.006761560682207346 37
1762262809073 0.006786967162042856 38
1762262809080 0.006774368230253458 39
1762262809083 0.006770248059183359 40
1762262809083 0.006809031590819359 41
1762262809099 0.006793374661356211 42
1762262809099 0.006766753736883402 43
1762262809099 0.0067759426310658455 44
1762262809119 0.006751399487257004 45
1762262809125 0.00678456062451005 46
1762262809132 0.006773543078452349 47
1762262809139 0.006764905992895365 48
1762262809145 0.00676945224404335 49
1762262809152 0.006778684910386801 50
1762262809152 0.0067540789023041725 51
1762262809168 0.006753635127097368 52
1762262809168 0.00675126351416111 53
1762262809168 0.006731255911290646 54
1762262809183 0.006761409342288971 55
1762262809183 0.006735585629940033 56
1762262809199 0.006765753496438265 57
1762262809199 0.006779996678233147 58
1762262809215 0.0067464071325957775 59
1762262809215 0.006726170424371958 60
1762262809230 0.006768401246517897 61
1762262809230 0.0067463647574186325 62
1762262809230 0.006711248774081469 63
1762262809246 0.006771559827029705 64
1762262809246 0.0067118084989488125 65
1762262809261 0.006765957456082106 66
1762262809261 0.006734356749802828 67
1762262809277 0.006729428190737963 68
1762262809284 0.006728531327098608 69
1762262809286 0.006743167992681265 70
1762262809286 0.006732138339430094 71
1762262809302 0.006762261968106031 72
1762262809302 0.006737655494362116 73
1762262809302 0.0067409612238407135 74
1762262809323 0.006755106616765261 75
1762262809329 0.006730947643518448 76
1762262809334 0.00674745999276638 77
1762262809334 0.006743083242326975 78
1762262809334 0.006752470508217812 79
1762262809349 0.00674620782956481 80
1762262809349 0.006739324890077114 81
1762262809365 0.006764986552298069 82
1762262809365 0.006724458187818527 83
1762262809383 0.0067620668560266495 84
1762262809389 0.006725052837282419 85
1762262809396 0.006749952211976051 86
1762262809396 0.006735444068908691 87
1762262809396 0.0067384815774858 88
1762262809412 0.006726329680532217 89
1762262809412 0.006734288763254881 90
1762262809428 0.0067444657906889915 91
1762262809434 0.006744576618075371 92
1762262809440 0.006732609588652849 93
1762262809447 0.006738222669810057 94
1762262809453 0.0067297653295099735 95
1762262809459 0.006719572935253382 96
1762262809459 0.006717156618833542 97
1762262809459 0.0066964575089514256 98
1762262809474 0.006712519563734531 99
1762262809474 0.006713029462844133 100
