1762263684640 0.02902253344655037 1
1762263684649 0.010599513538181782 2
1762263684656 0.009436442516744137 3
1762263684663 0.008527553640305996 4
1762263684670 0.007967090234160423 5
1762263684677 0.007596200332045555 6
1762263684684 0.007352263201028109 7
1762263684690 0.007188572082668543 8
1762263684697 0.007073599845170975 9
1762263684703 0.006978688761591911 10
1762263684710 0.006875096820294857 11
1762263684716 0.006757410708814859 12
1762263684723 0.006717710755765438 13
1762263684729 0.006664405111223459 14
1762263684733 0.006633749231696129 15
1762263684733 0.006562459748238325 16
1762263684749 0.0065805609337985516 17
1762263684749 0.006507455836981535 18
1762263684749 0.006490063387900591 19
1762263684768 0.006516290828585625 20
1762263684774 0.006459337193518877 21
1762263684780 0.0064614880830049515 22
1762263684780 0.006434240378439426 23
1762263684780 0.006551587954163551 24
1762263684796 0.0063652461394667625 25
1762263684796 0.006352392490953207 26
1762263684812 0.0063575622625648975 27
1762263684812 0.00634454982355237 28
1762263684812 0.006288070231676102 29
1762263684833 0.006308864336460829 30
1762263684839 0.0064153121784329414 31
1762263684844 0.006254649255424738 32
1762263684844 0.00623432919383049 33
1762263684844 0.006203849334269762 34
1762263684859 0.00623349379748106 35
1762263684859 0.006183932069689035 36
1762263684875 0.0062851253896951675 37
1762263684875 0.006224803160876036 38
1762263684891 0.006171669345349073 39
1762263684891 0.006149892695248127 40
1762263684901 0.006220316514372826 41
1762263684901 0.006133336573839188 42
1762263684916 0.006193450652062893 43
1762263684916 0.006197153124958277 44
1762263684916 0.00603818753734231 45
1762263684932 0.006102643441408873 46
1762263684932 0.0060974666848778725 47
1762263684947 0.006069832481443882 48
1762263684947 0.0060501121915876865 49
1762263684947 0.006073883268982172 50
1762263684963 0.005988141521811485 51
1762263684963 0.005995298735797405 52
1762263684979 0.005960409063845873 53
1762263684979 0.005999151151627302 54
1762263684994 0.005966258235275745 55
1762263684994 0.00594534445554018 56
1762263684994 0.005977646913379431 57
1762263685010 0.005947418510913849 58
1762263685010 0.005942914634943008 59
1762263685026 0.005946286953985691 60
1762263685026 0.005971659906208515 61
1762263685026 0.005878669675439596 62
1762263685045 0.005867123603820801 63
1762263685051 0.005914121400564909 64
1762263685058 0.005812752526253462 65
1762263685062 0.005890049040317535 66
1762263685062 0.005872704554349184 67
1762263685062 0.005833745468407869 68
1762263685083 0.005808570887893438 69
1762263685090 0.005759639199823141 70
1762263685097 0.005837818142026663 71
1762263685104 0.005775504279881716 72
1762263685108 0.00581485265865922 73
1762263685118 0.005845753476023674 74
1762263685124 0.005833389703184366 75
1762263685131 0.005662586539983749 76
1762263685138 0.005662526004016399 77
1762263685144 0.0057456702925264835 78
1762263685150 0.0056303427554667 79
1762263685157 0.005739918444305658 80
1762263685163 0.005670485552400351 81
1762263685170 0.005584627389907837 82
1762263685176 0.005531843286007643 83
1762263685183 0.005598005838692188 84
1762263685191 0.00552583672106266 85
1762263685198 0.005531522445380688 86
1762263685205 0.0056183417327702045 87
1762263685212 0.005452299490571022 88
1762263685219 0.005457163322716951 89
1762263685225 0.005563004873692989 90
1762263685232 0.00543354544788599 91
1762263685238 0.005422953981906176 92
1762263685244 0.005290591157972813 93
1762263685251 0.00537645211443305 94
1762263685257 0.005260647274553776 95
1762263685264 0.005281231831759214 96
1762263685270 0.005276755895465612 97
1762263685277 0.005217531695961952 98
1762263685280 0.005232134368270636 99
1762263685280 0.005179527215659618 100
