1762262462164 0.14459332823753357 1
1762262462204 0.11337146162986755 2
1762262462227 0.06089987978339195 3
1762262462237 0.041961412876844406 4
1762262462268 0.035287968814373016 5
1762262462284 0.029120245948433876 6
1762262462315 0.025167100131511688 7
1762262462331 0.022460008040070534 8
1762262462362 0.01942630484700203 9
1762262462378 0.01683361828327179 10
1762262462393 0.0154419569298625 11
1762262462430 0.014355244114995003 12
1762262462461 0.01338905468583107 13
1762262462487 0.012956902384757996 14
1762262462513 0.012284014374017715 15
1762262462536 0.01191907748579979 16
1762262462562 0.011220713146030903 17
1762262462570 0.011088022030889988 18
1762262462603 0.010904352180659771 19
1762262462631 0.010736118070781231 20
1762262462646 0.010687665082514286 21
1762262462683 0.010160611011087894 22
1762262462706 0.009563254192471504 23
1762262462727 0.009699883870780468 24
1762262462752 0.009617427363991737 25
1762262462774 0.009177768602967262 26
1762262462789 0.008993804454803467 27
1762262462819 0.008749604225158691 28
1762262462836 0.008526688441634178 29
1762262462851 0.008394421078264713 30
1762262462883 0.008474204689264297 31
1762262462898 0.008126601576805115 32
1762262462931 0.00824709516018629 33
1762262462954 0.007996462285518646 34
1762262462976 0.00794230680912733 35
1762262462999 0.007914886809885502 36
1762262463008 0.00790452491492033 37
1762262463045 0.00794972013682127 38
1762262463067 0.007731365039944649 39
1762262463090 0.0075943381525576115 40
1762262463113 0.0075544873252511024 41
1762262463136 0.00762338237836957 42
1762262463148 0.007566424086689949 43
1762262463180 0.007462743669748306 44
1762262463195 0.007401614915579557 45
1762262463227 0.0074201649986207485 46
1762262463249 0.007556723430752754 47
1762262463258 0.0072939214296638966 48
1762262463289 0.007339916191995144 49
1762262463305 0.007325333077460527 50
1762262463336 0.007283433806151152 51
1762262463362 0.0071999807842075825 52
1762262463383 0.007138166576623917 53
1762262463398 0.007095274981111288 54
1762262463415 0.007080059498548508 55
1762262463451 0.00707413861528039 56
1762262463474 0.007016244810074568 57
1762262463492 0.006931327283382416 58
1762262463508 0.006908776704221964 59
1762262463540 0.006920437794178724 60
1762262463555 0.0068652755580842495 61
1762262463586 0.006834335625171661 62
1762262463604 0.006818818859755993 63
1762262463620 0.006740166340023279 64
1762262463652 0.006763581186532974 65
1762262463664 0.006832103244960308 66
1762262463695 0.006755933631211519 67
1762262463711 0.006655312608927488 68
1762262463727 0.006736672483384609 69
1762262463764 0.0066202254965901375 70
1762262463787 0.006689350586384535 71
1762262463805 0.006568112876266241 72
1762262463836 0.006560951936990023 73
1762262463852 0.006538440007716417 74
1762262463881 0.006620808970183134 75
1762262463903 0.006516090128570795 76
1762262463915 0.006555435713380575 77
1762262463946 0.006561635993421078 78
1762262463970 0.006532163824886084 79
1762262463993 0.006425289437174797 80
1762262464015 0.006522380746901035 81
1762262464024 0.00651530409231782 82
1762262464055 0.006447588559240103 83
1762262464070 0.006424091290682554 84
1762262464104 0.006467779632657766 85
