1762766103552 0.04153912514448166 1
1762766103564 0.014008164405822754 2
1762766103572 0.009938962757587433 3
1762766103582 0.008167771622538567 4
1762766103597 0.007315992843359709 5
1762766103598 0.006805111654102802 6
1762766103617 0.0065952022559940815 7
1762766103627 0.0064941830933094025 8
1762766103637 0.006395956501364708 9
1762766103647 0.006367508787661791 10
1762766103647 0.006336003541946411 11
1762766103668 0.0063162981532514095 12
1762766103677 0.0063114776276052 13
1762766103688 0.00626264326274395 14
1762766103698 0.006267072632908821 15
1762766103708 0.006240877788513899 16
1762766103718 0.006231498904526234 17
1762766103729 0.006233843509107828 18
1762766103739 0.006233062129467726 19
1762766103754 0.006228027865290642 20
1762766103787 0.006192735396325588 21
1762766103805 0.006198336370289326 22
1762766103828 0.006184475962072611 23
1762766103840 0.006208849139511585 24
1762766103858 0.006209215149283409 25
1762766103869 0.006179197691380978 26
1762766103879 0.0061704786494374275 27
1762766103889 0.0061873458325862885 28
1762766103899 0.0061605460941791534 29
1762766103909 0.006143028382211924 30
1762766103919 0.006164851598441601 31
1762766103930 0.006150244269520044 32
1762766103939 0.0061644623056054115 33
1762766103951 0.006130710709840059 34
1762766103960 0.006151909939944744 35
1762766103970 0.0061508105136454105 36
1762766103980 0.0061417617835104465 37
1762766103990 0.0061086630448699 38
1762766103998 0.006127613130956888 39
1762766103998 0.006140583660453558 40
