1762945142390 0.08344833552837372 1
1762945142401 0.04130545258522034 2
1762945142412 0.029617097228765488 3
1762945142412 0.024269087240099907 4
1762945142433 0.020102309063076973 5
1762945142443 0.019114451482892036 6
1762945142452 0.017065176740288734 7
1762945142462 0.015547621063888073 8
1762945142472 0.015073293820023537 9
1762945142482 0.014684620313346386 10
1762945142493 0.014120983891189098 11
1762945142503 0.013799814507365227 12
1762945142512 0.012860579416155815 13
1762945142522 0.013234563171863556 14
1762945142531 0.012767011299729347 15
1762945142539 0.0124464500695467 16
1762945142539 0.012558331713080406 17
1762945142560 0.01230696588754654 18
1762945142569 0.011962984688580036 19
1762945142579 0.01240905188024044 20
1762945142589 0.011436783708631992 21
1762945142598 0.012063727714121342 22
1762945142607 0.011563393287360668 23
1762945142616 0.011711036786437035 24
1762945142625 0.011448338627815247 25
1762945142634 0.011473842896521091 26
1762945142643 0.011551867239177227 27
1762945142652 0.011292633600533009 28
1762945142661 0.011567715555429459 29
1762945142671 0.011314632371068 30
1762945142680 0.011558670550584793 31
1762945142689 0.011240175925195217 32
1762945142689 0.011885647661983967 33
1762945142704 0.01128000020980835 34
1762945142704 0.011646280065178871 35
1762945142720 0.011707214638590813 36
1762945142720 0.01147998496890068 37
1762945142745 0.011557063087821007 38
1762945142754 0.011321846395730972 39
1762945142755 0.011973900720477104 40
1762945142771 0.011367789469659328 41
1762945142771 0.011542784981429577 42
1762945142787 0.011718069203197956 43
1762945142799 0.01152550708502531 44
1762945142809 0.011649953201413155 45
1762945142818 0.011385703459382057 46
1762945142828 0.011436724103987217 47
1762945142837 0.011257563717663288 48
1762945142847 0.011459851637482643 49
1762945142857 0.011055316776037216 50
1762945142866 0.01137316320091486 51
1762945142876 0.011200320906937122 52
1762945142886 0.011517959646880627 53
1762945142896 0.011086358688771725 54
1762945142909 0.011548521928489208 55
1762945142971 0.011114927940070629 56
1762945142984 0.011049533262848854 57
1762945142994 0.012010765261948109 58
1762945143003 0.01202092133462429 59
1762945143013 0.011831146664917469 60
1762945143023 0.012200391851365566 61
1762945143033 0.011873485520482063 62
1762945143043 0.011592487804591656 63
1762945143053 0.011601622216403484 64
1762945143063 0.011576248332858086 65
1762945143072 0.012503483332693577 66
1762945143082 0.011773362755775452 67
1762945143093 0.012352582067251205 68
1762945143103 0.012352182529866695 69
1762945143113 0.012160908430814743 70
1762945143123 0.011829886585474014 71
1762945143133 0.012106151320040226 72
1762945143143 0.01238188799470663 73
1762945143152 0.012704870663583279 74
1762945143163 0.012475915253162384 75
1762945143172 0.012718932703137398 76
1762945143182 0.012681561522185802 77
1762945143193 0.012409673072397709 78
1762945143203 0.011721513234078884 79
1762945143213 0.012420357204973698 80
1762945143224 0.011191693134605885 81
1762945143233 0.01134377159178257 82
1762945143244 0.01130134891718626 83
1762945143254 0.01152888499200344 84
1762945143266 0.012038514018058777 85
1762945143276 0.01206995639950037 86
1762945143285 0.012387041002511978 87
1762945143293 0.011988149024546146 88
1762945143307 0.012207025662064552 89
1762945143317 0.012419874779880047 90
1762945143327 0.012263420969247818 91
1762945143336 0.012194189243018627 92
1762945143347 0.012283443473279476 93
1762945143357 0.012465751729905605 94
1762945143368 0.01262943260371685 95
1762945143378 0.012245886027812958 96
1762945143387 0.012405014596879482 97
1762945143397 0.012379140593111515 98
1762945143407 0.01202934980392456 99
1762945143417 0.011830843053758144 100
