1762944966173 0.1743137389421463 1
1762944966190 0.057499710470438004 2
1762944966204 0.03974737972021103 3
1762944966215 0.03461536765098572 4
1762944966226 0.03331441804766655 5
1762944966235 0.031529977917671204 6
1762944966257 0.0313313752412796 7
1762944966266 0.030560364946722984 8
1762944966266 0.029845599085092545 9
1762944966298 0.030132688581943512 10
1762944966315 0.02972196228802204 11
1762944966316 0.029266761615872383 12
1762944966336 0.029052691534161568 13
1762944966371 0.028863416984677315 14
1762944966406 0.02899622730910778 15
1762944966425 0.02904416061937809 16
1762944966443 0.029056686908006668 17
1762944966461 0.027943208813667297 18
1762944966593 0.028341716155409813 19
1762944966621 0.028342418372631073 20
1762944966649 0.028015004470944405 21
1762944966670 0.029073113575577736 22
1762944966701 0.02872033789753914 23
1762944966731 0.02874785289168358 24
1762944966750 0.029098624363541603 25
1762944966773 0.028414633125066757 26
1762944966792 0.029622526839375496 27
1762944966817 0.029108669608831406 28
1762944966837 0.030045639723539352 29
1762944966849 0.029664233326911926 30
1762944966863 0.028938505798578262 31
1762944966890 0.02839503064751625 32
1762944966911 0.027567876502871513 33
1762944966929 0.02651195600628853 34
1762944966930 0.026281185448169708 35
1762944966945 0.02572721056640148 36
1762944966961 0.025052670389413834 37
1762944966983 0.024920575320720673 38
1762944967004 0.025054659694433212 39
1762944967021 0.02473488822579384 40
1762944967037 0.025129985064268112 41
1762944967049 0.02524024061858654 42
1762944967066 0.025099001824855804 43
1762944967086 0.025725655257701874 44
1762944967102 0.025348087772727013 45
1762944967118 0.025372091680765152 46
1762944967120 0.024968337267637253 47
1762944967142 0.02546972781419754 48
1762944967153 0.025178326293826103 49
1762944967167 0.025618257001042366 50
1762944967182 0.024835718795657158 51
1762944967199 0.024451592937111855 52
1762944967217 0.02453971467912197 53
1762944967230 0.024757517501711845 54
1762944967246 0.024313708767294884 55
1762944967264 0.024877449497580528 56
1762944967275 0.02452496625483036 57
1762944967290 0.02488640509545803 58
1762944967298 0.024902071803808212 59
1762944967313 0.024297578260302544 60
1762944967313 0.025629865005612373 61
1762944967331 0.025026021525263786 62
1762944967346 0.025138726457953453 63
1762944967362 0.025015227496623993 64
1762944967380 0.024820871651172638 65
1762944967380 0.02573239989578724 66
1762944967401 0.025078844279050827 67
1762944967412 0.02543359063565731 68
1762944967423 0.025265047326683998 69
1762944967434 0.024969959631562233 70
1762944967444 0.024818621575832367 71
1762944967454 0.024189572781324387 72
1762944967466 0.025060826912522316 73
1762944967476 0.024635836482048035 74
1762944967476 0.024272475391626358 75
1762944967492 0.0239864494651556 76
1762944967492 0.02448883093893528 77
1762944967508 0.02480960823595524 78
1762944967523 0.02339772880077362 79
1762944967523 0.024018099531531334 80
1762944967547 0.024156415835022926 81
1762944967547 0.02330065332353115 82
1762944967570 0.0236702598631382 83
1762944967582 0.024354347959160805 84
1762944967591 0.023361925035715103 85
1762944967602 0.023380247876048088 86
1762944967612 0.024244774132966995 87
1762944967614 0.02374255284667015 88
1762944967630 0.02320913039147854 89
1762944967647 0.022892698645591736 90
1762944967647 0.023501191288232803 91
1762944967662 0.02419358678162098 92
1762944967678 0.022852424532175064 93
1762944967693 0.0228637233376503 94
1762944967693 0.02387569099664688 95
1762944967709 0.02332521788775921 96
