1762944860396 0.9836553335189819 1
1762944860432 0.7831688523292542 2
1762944860467 0.5463470816612244 3
1762944860502 0.41926345229148865 4
1762944860537 0.3387811481952667 5
1762944860571 0.2643864154815674 6
1762944860605 0.20618599653244019 7
1762944860641 0.15914125740528107 8
1762944860674 0.12461718171834946 9
1762944860708 0.09875094890594482 10
1762944860743 0.08138725906610489 11
1762944860779 0.06617746502161026 12
1762944860813 0.05811208859086037 13
1762944860847 0.051986776292324066 14
