1762944191558 9.999999747378752e-06 1
1762944191603 5.949999831500463e-05 2
1762944191624 0.00010900000052060932 3
1762944191655 0.0001584999990882352 4
1762944191697 0.00020799999765586108 5
1762944191716 0.0002575000107754022 6
1762944191747 0.00030700000934302807 7
1762944191778 0.00035650000791065395 8
1762944191809 0.00040600000647827983 9
1762944191841 0.0004555000050459057 10
1762944191872 0.0005050000036135316 11
1762944191912 0.000554499973077327 12
1762944191943 0.0006040000007487833 13
1762944191965 0.0006535000284202397 14
1762944191996 0.0007029999978840351 15
