1762944282844 0.22553756833076477 1
1762944282860 0.05500952526926994 2
1762944282869 0.045210737735033035 3
1762944282878 0.041708219796419144 4
1762944282890 0.03846582770347595 5
1762944282900 0.03617925941944122 6
1762944282909 0.034765247255563736 7
1762944282918 0.03221531957387924 8
1762944282928 0.0326945036649704 9
1762944282929 0.03303024545311928 10
1762944282944 0.03145429491996765 11
1762944282944 0.032559193670749664 12
1762944282960 0.030741270631551743 13
1762944282960 0.030079862102866173 14
1762944282976 0.030736839398741722 15
1762944282976 0.030351629480719566 16
1762944282991 0.03049408830702305 17
1762944283007 0.030796607956290245 18
1762944283007 0.029526209458708763 19
1762944283022 0.03008142113685608 20
1762944283022 0.02849631756544113 21
1762944283042 0.02899610437452793 22
1762944283052 0.029746150597929955 23
1762944283061 0.02904348261654377 24
1762944283061 0.029451049864292145 25
1762944283079 0.028022825717926025 26
1762944283087 0.029948873445391655 27
1762944283101 0.028648385778069496 28
1762944283111 0.029102781787514687 29
1762944283120 0.029241131618618965 30
1762944283128 0.029165225103497505 31
1762944283128 0.02844942733645439 32
1762944283144 0.028965668752789497 33
1762944283144 0.02888881228864193 34
1762944283160 0.02886607125401497 35
1762944283160 0.028544854372739792 36
1762944283175 0.02885383367538452 37
1762944283192 0.029053684324026108 38
1762944283201 0.02887674607336521 39
1762944283210 0.029376033693552017 40
1762944283215 0.028669321909546852 41
1762944283215 0.028754085302352905 42
1762944283231 0.028318112716078758 43
1762944283231 0.028387589380145073 44
1762944283247 0.028294414281845093 45
1762944283262 0.02885221131145954 46
1762944283262 0.02769012562930584 47
1762944283278 0.027329394593834877 48
1762944283278 0.02795066311955452 49
1762944283299 0.029230201616883278 50
1762944283307 0.028397897258400917 51
1762944283316 0.02937934175133705 52
1762944283325 0.029227364808321 53
1762944283325 0.030545637011528015 54
1762944283340 0.029486123472452164 55
1762944283340 0.03058706223964691 56
1762944283356 0.02993008866906166 57
1762944283356 0.030321188271045685 58
1762944283372 0.03102363459765911 59
1762944283372 0.03064396046102047 60
1762944283387 0.030595988035202026 61
1762944283403 0.030370298773050308 62
1762944283403 0.030104773119091988 63
1762944283423 0.029958168044686317 64
1762944283432 0.029805511236190796 65
1762944283434 0.029741475358605385 66
1762944283449 0.0298325065523386 67
1762944283449 0.029858965426683426 68
1762944283465 0.030138736590743065 69
1762944283465 0.02917298674583435 70
1762944283481 0.02799922414124012 71
1762944283481 0.028416773304343224 72
1762944283496 0.027098355814814568 73
1762944283496 0.028304653242230415 74
1762944283512 0.029030032455921173 75
1762944283527 0.029063833877444267 76
1762944283527 0.030416851863265038 77
1762944283543 0.031763844192028046 78
1762944283543 0.03045433759689331 79
1762944283559 0.029524005949497223 80
1762944283559 0.02955971099436283 81
1762944283580 0.029441077262163162 82
1762944283580 0.029409602284431458 83
1762944283601 0.02820131927728653 84
1762944283610 0.027864985167980194 85
1762944283619 0.029933946207165718 86
1762944283628 0.03003220073878765 87
1762944283637 0.030850954353809357 88
1762944283646 0.0303678996860981 89
1762944283653 0.029794149100780487 90
1762944283653 0.029530832543969154 91
1762944283668 0.029426489025354385 92
1762944283668 0.029674813151359558 93
1762944283684 0.030147138983011246 94
1762944283699 0.02997160516679287 95
1762944283699 0.02993697114288807 96
1762944283715 0.02982085756957531 97
1762944283715 0.02908230572938919 98
1762944283731 0.028275378048419952 99
1762944283731 0.02908799611032009 100
