1762944191524 1.0145865678787231 1
1762944191573 0.9599448442459106 2
1762944191609 0.9144729375839233 3
1762944191639 0.8396578431129456 4
1762944191671 0.7609532475471497 5
1762944191700 0.728600800037384 6
1762944191731 0.6674842238426208 7
1762944191763 0.5924183130264282 8
1762944191778 0.5521981120109558 9
1762944191809 0.47241148352622986 10
1762944191841 0.42672789096832275 11
1762944191872 0.36114567518234253 12
1762944191916 0.3098776042461395 13
1762944191947 0.26971524953842163 14
1762944191965 0.23020438849925995 15
