1762944341262 0.24146416783332825 1
1762944341280 0.060100968927145004 2
1762944341285 0.04863059148192406 3
1762944341298 0.04020024091005325 4
1762944341307 0.03593965619802475 5
1762944341317 0.0349203459918499 6
1762944341326 0.029344191774725914 7
1762944341331 0.031224871054291725 8
1762944341331 0.028002317994832993 9
1762944341347 0.029960909858345985 10
1762944341347 0.02720440924167633 11
1762944341363 0.026720890775322914 12
1762944341378 0.025990735739469528 13
1762944341378 0.023727741092443466 14
1762944341399 0.024028943851590157 15
1762944341408 0.02461538463830948 16
1762944341417 0.023224929347634315 17
1762944341417 0.023487381637096405 18
1762944341433 0.022529883310198784 19
1762944341433 0.021025599911808968 20
1762944341449 0.02173764258623123 21
1762944341449 0.021855074912309647 22
1762944341464 0.02062334306538105 23
1762944341464 0.020017432048916817 24
1762944341480 0.022105863317847252 25
1762944341495 0.019372358918190002 26
1762944341495 0.020223844796419144 27
1762944341511 0.019553856924176216 28
1762944341511 0.01896384172141552 29
1762944341527 0.019084831699728966 30
1762944341542 0.018531573936343193 31
1762944341542 0.018883205950260162 32
1762944341558 0.01783229410648346 33
1762944341558 0.018006369471549988 34
1762944341574 0.01773550920188427 35
1762944341589 0.01807636022567749 36
1762944341589 0.017897576093673706 37
1762944341605 0.017573324963450432 38
1762944341605 0.017222033813595772 39
1762944341620 0.017906421795487404 40
1762944341620 0.01747995987534523 41
1762944341644 0.017846716567873955 42
