1762944191548 1.6051331758499146 1
1762944191584 1.4577372074127197 2
1762944191617 1.3289518356323242 3
1762944191639 1.1201297044754028 4
1762944191679 0.9077231884002686 5
1762944191700 0.8300598859786987 6
1762944191731 0.7053732872009277 7
1762944191763 0.5498141050338745 8
1762944191794 0.48579883575439453 9
1762944191825 0.35141801834106445 10
1762944191856 0.2875685691833496 11
1762944191894 0.20511536300182343 12
1762944191925 0.14997567236423492 13
1762944191950 0.11472176760435104 14
1762944191981 0.08279263228178024 15
