1762938599270 9.999999747378752e-06 1
1762938599305 5.949999831500463e-05 2
1762938599345 0.00010900000052060932 3
1762938599378 0.0001584999990882352 4
1762938599413 0.00020799999765586108 5
1762938599450 0.0002575000107754022 6
1762938599481 0.00030700000934302807 7
1762938599512 0.00035650000791065395 8
1762938599548 0.00040600000647827983 9
1762938599568 0.0004555000050459057 10
1762938599599 0.0005050000036135316 11
1762938599630 0.000554499973077327 12
1762938599660 0.0006040000007487833 13
1762938599691 0.0006535000284202397 14
1762938599732 0.0007029999978840351 15
1762938599764 0.0007525000255554914 16
1762938599800 0.0008019999950192869 17
1762938600091 0.0008515000226907432 18
1762938600119 0.0009009999921545386 19
1762938600153 0.000950500019825995 20
1762938600186 0.0010000000474974513 21
1762938600226 0.0009996530134230852 22
1762938600255 0.0009986128425225616 23
1762938600286 0.0009968808153644204 24
1762938600319 0.0009944597259163857 25
1762938600355 0.0009913534158840775 26
1762938600386 0.0009875664254650474 27
1762938600410 0.00098310480825603 28
1762938600436 0.0009779754327610135 29
1762938600469 0.00097218609880656 30
1762938600503 0.0009657457703724504 31
1762938600538 0.0009586644009687006 32
1762938600570 0.0009509529336355627 33
1762938600614 0.0009426231845282018 34
1762938600635 0.0009336880757473409 35
1762938600676 0.0009241613443009555 36
1762938600706 0.0009140576585195959 37
1762938600737 0.0009033926180563867 38
1762938600767 0.0008921826956793666 39
1762938600785 0.0008804451208561659 40
1762938600816 0.0008681980543769896 41
1762938600847 0.0008554603555239737 42
1762938600878 0.000842251640278846 43
1762938600909 0.0008285922813229263 44
1762938600949 0.0008145033498294652 45
1762938600984 0.0008000066154636443 46
1762938601001 0.0007851243717595935 47
1762938601032 0.0007698795525357127 48
1762938601064 0.0007542957318946719 49
1762938601095 0.0007383968913927674 50
1762938601126 0.0007222075364552438 51
1762938601157 0.0007057526963762939 52
1762938601189 0.0006890576332807541 53
1762938601220 0.00067214819137007 54
1762938601251 0.0006550503894686699 55
1762938601285 0.0006377906538546085 56
