1762938740573 0.14594219624996185 1
1762938740573 0.03531299903988838 2
1762938740595 0.02557174675166607 3
1762938740609 0.02554623782634735 4
1762938740619 0.02336967922747135 5
1762938740628 0.021801862865686417 6
1762938740637 0.02069091796875 7
1762938740643 0.01744081825017929 8
1762938740643 0.01762038841843605 9
1762938740659 0.01618555560708046 10
1762938740659 0.017050979658961296 11
1762938740682 0.01705361157655716 12
1762938740691 0.018022362142801285 13
1762938740700 0.016145600005984306 14
1762938740709 0.016135724261403084 15
1762938740718 0.01575298234820366 16
1762938740727 0.01641044206917286 17
1762938740736 0.014546437188982964 18
1762938740745 0.014606175012886524 19
1762938740753 0.01476003136485815 20
1762938740753 0.014613460749387741 21
1762938740769 0.015190398320555687 22
1762938740769 0.014488289132714272 23
1762938740784 0.013770217075943947 24
1762938740784 0.013518313877284527 25
1762938740800 0.01340705156326294 26
1762938740815 0.013924485072493553 27
1762938740815 0.013407222926616669 28
1762938740834 0.013509687036275864 29
1762938740843 0.013428839854896069 30
1762938740852 0.013490542769432068 31
1762938740860 0.01386982947587967 32
1762938740863 0.013056200928986073 33
1762938740863 0.01376401912420988 34
1762938740879 0.013972146436572075 35
1762938740895 0.013551409356296062 36
1762938740895 0.013571594841778278 37
1762938740910 0.013797834515571594 38
1762938740910 0.014367162249982357 39
