1762938682209 0.1537613868713379 1
1762938682210 0.037619855254888535 2
1762938682237 0.03203601762652397 3
1762938682249 0.031139060854911804 4
1762938682357 0.03037346340715885 5
1762938682423 0.028469625860452652 6
1762938682439 0.027531957253813744 7
1762938682439 0.028149055317044258 8
1762938682454 0.02761220745742321 9
1762938682472 0.026585953310132027 10
1762938682480 0.026781918480992317 11
1762938682487 0.026411253958940506 12
1762938682487 0.027142398059368134 13
1762938682503 0.02572365291416645 14
1762938682503 0.026957232505083084 15
1762938683087 0.02632029354572296 16
1762938683118 0.025108519941568375 17
1762938683136 0.02509794384241104 18
1762938683144 0.02591339312493801 19
1762938683144 0.02499801479279995 20
1762938683160 0.024187782779335976 21
1762938683160 0.024204496294260025 22
1762938683175 0.024651333689689636 23
1762938683175 0.02416190132498741 24
1762938683191 0.024318579584360123 25
1762938683896 0.024535154923796654 26
1762938683922 0.024413591250777245 27
1762938685613 0.02379685826599598 28
1762938685629 0.024060839787125587 29
1762938685644 0.02356628142297268 30
1762938685644 0.023954084143042564 31
1762938685660 0.02395954541862011 32
1762938685676 0.02275019884109497 33
1762938685691 0.023299936205148697 34
1762938685701 0.02338595874607563 35
1762938685711 0.022824866697192192 36
1762938685720 0.02367209456861019 37
1762938685729 0.023638861253857613 38
1762938685740 0.023691942915320396 39
1762938685751 0.022727321833372116 40
1762938685761 0.023830508813261986 41
1762938685770 0.023256100714206696 42
1762938685773 0.023339178413152695 43
1762938685789 0.023578116670250893 44
1762938685789 0.02331375703215599 45
1762938685810 0.023456009104847908 46
1762938685819 0.023836754262447357 47
1762938685828 0.02330055460333824 48
1762938685832 0.023271240293979645 49
1762938685832 0.024078357964754105 50
1762938685847 0.0227299015969038 51
1762938685863 0.02370644360780716 52
1762938685863 0.023402327671647072 53
1762938685879 0.023663043975830078 54
1762938685879 0.022428056225180626 55
1762938685894 0.023581847548484802 56
1762938685894 0.023458708077669144 57
1762938685910 0.02345326915383339 58
1762938685928 0.023185690864920616 59
1762938685941 0.02320675738155842 60
1762938685956 0.022395314648747444 61
1762938685972 0.023328348994255066 62
1762938685972 0.02351752668619156 63
1762938685988 0.02418937161564827 64
1762938685988 0.023495925590395927 65
1762938686003 0.023670202121138573 66
1762938686003 0.023762067779898643 67
1762938686019 0.025186756625771523 68
1762938686036 0.023110687732696533 69
1762938686045 0.025102408602833748 70
1762938686054 0.023869702592492104 71
1762938686063 0.02377544529736042 72
