1762938599235 0.8479752540588379 1
1762938599270 0.6497611403465271 2
1762938599318 0.5721860527992249 3
1762938599347 0.4995504319667816 4
1762938599378 0.47111132740974426 5
1762938599419 0.41996797919273376 6
1762938599450 0.39098483324050903 7
1762938599481 0.3613491952419281 8
1762938599512 0.32762089371681213 9
1762938599552 0.30345413088798523 10
1762938599583 0.2677243649959564 11
1762938599614 0.24688899517059326 12
1762938599649 0.2221418172121048 13
1762938599675 0.20771107077598572 14
1762938599710 0.1994171142578125 15
1762938599735 0.18207798898220062 16
1762938599770 0.17238739132881165 17
1762938600048 0.1618579924106598 18
1762938600097 0.15413354337215424 19
1762938600119 0.14829587936401367 20
1762938600169 0.14234913885593414 21
1762938600186 0.13520954549312592 22
1762938600235 0.1322719156742096 23
1762938600255 0.12547555565834045 24
1762938600286 0.12517663836479187 25
1762938600319 0.1189812570810318 26
1762938600364 0.11833075433969498 27
1762938600386 0.11621148139238358 28
1762938600420 0.1150546669960022 29
1762938600453 0.11417564004659653 30
1762938600486 0.11355862021446228 31
1762938600520 0.11004858464002609 32
1762938600553 0.11106858402490616 33
1762938600591 0.10968270897865295 34
1762938600623 0.10833936184644699 35
1762938600653 0.10766789317131042 36
1762938600684 0.10780960321426392 37
1762938600715 0.10775116086006165 38
1762938600745 0.10640224814414978 39
1762938600769 0.10645680129528046 40
1762938600800 0.106160469353199 41
1762938600837 0.10500285774469376 42
1762938600863 0.10485214740037918 43
1762938600894 0.10526678711175919 44
1762938600927 0.1057642251253128 45
1762938600960 0.10491728782653809 46
1762938600985 0.1048956885933876 47
1762938601017 0.1042800322175026 48
1762938601048 0.10386820882558823 49
1762938601079 0.10521305352449417 50
1762938601110 0.10278633236885071 51
1762938601142 0.10433772951364517 52
1762938601173 0.10433170944452286 53
1762938601204 0.1020246297121048 54
1762938601235 0.10237601399421692 55
1762938601251 0.10438084602355957 56
