1762938599240 1.1073695421218872 1
1762938599270 0.6689618229866028 2
1762938599324 0.5078937411308289 3
1762938599347 0.394368439912796 4
1762938599394 0.3487856686115265 5
1762938599419 0.2781047224998474 6
1762938599466 0.24176199734210968 7
1762938599497 0.20707423985004425 8
1762938599528 0.17215612530708313 9
1762938599552 0.14280910789966583 10
1762938599583 0.11663462966680527 11
1762938599614 0.09822524338960648 12
1762938599653 0.07914940267801285 13
1762938599675 0.06841070204973221 14
1762938599715 0.06201888620853424 15
1762938599735 0.05331602320075035 16
1762938599770 0.04829968512058258 17
1762938600053 0.04310636594891548 18
1762938600103 0.039224158972501755 19
1762938600136 0.03837496042251587 20
1762938600169 0.035464588552713394 21
1762938600207 0.03253203630447388 22
1762938600240 0.03228284418582916 23
1762938600269 0.02974330447614193 24
1762938600303 0.029238516464829445 25
1762938600335 0.027695786207914352 26
1762938600368 0.027880467474460602 27
1762938600386 0.026965122669935226 28
1762938600420 0.02708856575191021 29
1762938600453 0.026708535850048065 30
1762938600486 0.02632203884422779 31
1762938600520 0.02572118118405342 32
1762938600553 0.026172194629907608 33
1762938600591 0.0257264394313097 34
1762938600627 0.025662845000624657 35
1762938600658 0.025197796523571014 36
1762938600687 0.025355782359838486 37
1762938600719 0.025663793087005615 38
1762938600750 0.025566386058926582 39
1762938600769 0.025458678603172302 40
1762938600800 0.025222117081284523 41
1762938600842 0.024936022236943245 42
1762938600863 0.0250441525131464 43
1762938600894 0.025099264457821846 44
1762938600932 0.025333281606435776 45
1762938600967 0.025075627490878105 46
1762938600985 0.02519957721233368 47
1762938601017 0.02511759288609028 48
1762938601048 0.024660542607307434 49
1762938601079 0.025236554443836212 50
1762938601110 0.024599235504865646 51
1762938601142 0.025159168988466263 52
1762938601173 0.02499554678797722 53
1762938601204 0.024772780016064644 54
1762938601235 0.02493412233889103 55
1762938601270 0.025104479864239693 56
