1762515903927 4.999999873689376e-05 1
1762515903954 0.00029749999521300197 2
1762515903991 0.0005450000171549618 3
1762515904004 0.0007924999808892608 4
1762515904043 0.0010400000028312206 5
1762515904070 0.0012875000247731805 6
1762515904097 0.0015350000467151403 7
1762515904117 0.0017824999522417784 8
1762515904152 0.00203000009059906 9
1762515904167 0.002277499996125698 10
1762515904202 0.002524999901652336 11
1762515904218 0.002772500040009618 12
1762515904252 0.003019999945536256 13
1762515904284 0.0032675000838935375 14
1762515904303 0.0035149999894201756 15
1762515904334 0.0037624998949468136 16
1762515904353 0.004009999800473452 17
1762515904392 0.004257500171661377 18
1762515904404 0.004505000077188015 19
1762515904435 0.004752499982714653 20
1762515904472 0.004999999888241291 21
1762515904499 0.00499826529994607 22
1762515904519 0.004993063863366842 23
1762515904550 0.00498440396040678 24
1762515904571 0.004972298629581928 25
1762515904606 0.004956766963005066 26
1762515904628 0.004937832243740559 27
1762515904656 0.004915524274110794 28
1762515904672 0.004889877047389746 29
1762515904706 0.004860930610448122 30
1762515904737 0.00482872873544693 31
1762515904757 0.004793322179466486 32
1762515904795 0.0047547644935548306 33
1762515904807 0.004713116213679314 34
1762515904846 0.004668440204113722 35
1762515904874 0.004620806779712439 36
1762515904904 0.004570288117974997 37
1762515904925 0.004516962915658951 38
1762515904957 0.004460913594812155 39
1762515904986 0.004402225837111473 40
1762515905003 0.004340990446507931 41
1762515905034 0.004277301486581564 42
1762515905066 0.004211258143186569 43
1762515905081 0.004142961464822292 44
1762515905120 0.004072516690939665 45
1762515905144 0.004000033251941204 46
1762515905173 0.003925621975213289 47
1762515905191 0.0038493978790938854 48
1762515905213 0.0037714785430580378 49
1762515905244 0.0036919843405485153 50
1762515905279 0.00361103774048388 51
1762515905295 0.0035287633072584867 52
1762515905329 0.0034452881664037704 53
1762515905358 0.0033607410732656717 54
1762515905385 0.003275252180173993 55
1762515905410 0.0031889532692730427 56
1762515905430 0.0031019775196909904 57
1762515905465 0.003014459041878581 58
1762515905493 0.0029265328776091337 59
1762515905515 0.002838334534317255 60
1762515905531 0.002749999985098839 61
1762515905566 0.0026616654358804226 62
1762515905599 0.002573467092588544 63
1762515905616 0.0024855409283190966 64
1762515905647 0.002398022450506687 65
1762515905667 0.002311046700924635 66
1762515905706 0.002224748022854328 67
1762515905722 0.002139258896932006 68
1762515905753 0.002054711803793907 69
1762515905783 0.001971236662939191 70
1762515905799 0.0018889622297137976 71
1762515905834 0.0018080156296491623 72
1762515905873 0.0017285214271396399 73
1762515905894 0.001650602207519114 74
1762515905919 0.001574378227815032 75
1762515905950 0.0014999669510871172 76
1762515905969 0.001427483162842691 77
1762515906006 0.0013570386217907071 78
1762515906032 0.0012887419434264302 79
1762515906051 0.0012226983672007918 80
1762515906085 0.0011590097565203905 81
1762515906112 0.0010977743659168482 82
1762515906136 0.0010390866082161665 83
1762515906152 0.000983036938123405 84
1762515906187 0.0009297117358073592 85
1762515906218 0.0008791933651082218 86
1762515906237 0.0008315596496686339 87
1762515906272 0.0007868839893490076 88
1762515906299 0.0007452353020198643 89
1762515906322 0.0007066778489388525 90
1762515906353 0.0006712710601277649 91
1762515906373 0.0006390694761648774 92
1762515906406 0.000610122864600271 93
1762515906425 0.0005844756960868835 94
1762515906456 0.0005621676682494581 95
1762515906490 0.0005432331236079335 96
1762515906503 0.0005277012242004275 97
1762515906540 0.0005155959515832365 98
1762515906555 0.0005069359904155135 99
1762515906582 0.0005017346702516079 100
