1762516098258 0.03258151188492775 1
1762516098268 0.010030231438577175 2
1762516098277 0.006516363006085157 3
1762516098286 0.005490149836987257 4
1762516098294 0.005134773440659046 5
1762516098300 0.005018335301429033 6
1762516098307 0.004927762318402529 7
1762516098316 0.004894196521490812 8
1762516098316 0.004870130680501461 9
1762516098336 0.004849773831665516 10
1762516098344 0.004805800970643759 11
1762516098352 0.0047801765613257885 12
1762516098360 0.0047950115986168385 13
1762516098369 0.004791154991835356 14
1762516098377 0.004750785883516073 15
1762516098385 0.004742634482681751 16
1762516098393 0.0047263274900615215 17
1762516098395 0.004740971606224775 18
1762516098408 0.004711051005870104 19
1762516098408 0.004707507789134979 20
1762516098408 0.004704617895185947 21
1762516098424 0.00469173351302743 22
1762516098439 0.004710358567535877 23
1762516098439 0.00469081848859787 24
1762516098455 0.004671027418226004 25
1762516098459 0.004698495380580425 26
1762516098459 0.0046820566058158875 27
1762516098474 0.004662331659346819 28
1762516098474 0.004673989024013281 29
1762516098493 0.004660342819988728 30
1762516098501 0.004653162322938442 31
1762516098503 0.004644103813916445 32
1762516098509 0.004651715513318777 33
1762516098509 0.0046208929270505905 34
1762516098525 0.004645830951631069 35
1762516098525 0.004657977260649204 36
1762516098540 0.00461335526779294 37
1762516098540 0.004625361412763596 38
1762516098563 0.004625896457582712 39
1762516098570 0.004639828577637672 40
1762516098578 0.004608853254467249 41
1762516098586 0.004628567490726709 42
1762516098594 0.004583535250276327 43
1762516098602 0.004600672051310539 44
1762516098610 0.00460796756669879 45
1762516098613 0.004579244181513786 46
1762516098613 0.004597573075443506 47
1762516098628 0.004585229326039553 48
1762516098644 0.004584665410220623 49
1762516098653 0.004591573029756546 50
1762516098661 0.004571105353534222 51
1762516098670 0.004577352665364742 52
1762516098680 0.00456698564812541 53
1762516098688 0.0045808847062289715 54
1762516098697 0.004571276716887951 55
1762516098705 0.004563945345580578 56
1762516098713 0.0045854137279093266 57
1762516098721 0.004530617501586676 58
1762516098722 0.004559803754091263 59
1762516098739 0.004544301889836788 60
1762516098751 0.0045834872871637344 61
1762516098759 0.004540067166090012 62
1762516098768 0.004541974980384111 63
1762516098776 0.004570333752781153 64
1762516098781 0.004533511586487293 65
1762516098781 0.004579445812851191 66
1762516098800 0.004510180093348026 67
1762516098808 0.004502024035900831 68
1762516098815 0.00446604797616601 69
1762516098823 0.004499243572354317 70
1762516098831 0.004514363594353199 71
1762516098832 0.004493716172873974 72
1762516098832 0.004502881318330765 73
1762516098848 0.00445585185661912 74
1762516098862 0.004554654937237501 75
1762516098862 0.004508779849857092 76
1762516098878 0.004514952190220356 77
1762516098878 0.004435951821506023 78
1762516098893 0.004413496237248182 79
1762516098893 0.004446828737854958 80
1762516098909 0.004437888972461224 81
1762516098913 0.004413048271089792 82
1762516098913 0.004358159843832254 83
1762516098932 0.004373406525701284 84
1762516098939 0.004354866687208414 85
1762516098940 0.004354757722467184 86
1762516098940 0.004357660189270973 87
1762516098963 0.00440263794735074 88
1762516098963 0.004363952204585075 89
1762516098979 0.0044127777218818665 90
1762516098979 0.004296477418392897 91
1762516098994 0.00433744303882122 92
1762516098994 0.004527250770479441 93
1762516099010 0.004412852693349123 94
1762516099013 0.004309080541133881 95
1762516099013 0.004314850550144911 96
1762516099035 0.0042805783450603485 97
1762516099043 0.004274648614227772 98
1762516099051 0.004346140194684267 99
1762516099058 0.004256572108715773 100
