1762516282042 0.0544135682284832 1
1762516282052 0.014131353236734867 2
1762516282063 0.008456511422991753 3
1762516282071 0.006378761492669582 4
1762516282082 0.005448415409773588 5
1762516282090 0.005033280700445175 6
1762516282100 0.004788000136613846 7
1762516282109 0.004600768443197012 8
1762516282117 0.004550795070827007 9
1762516282126 0.004456795286387205 10
1762516282137 0.004446772392839193 11
1762516282147 0.004367085639387369 12
1762516282160 0.004341425374150276 13
1762516282169 0.004293818026781082 14
1762516282178 0.0042555262334644794 15
1762516282188 0.0042358688078820705 16
1762516282197 0.004239359870553017 17
1762516282204 0.0041781640611588955 18
1762516282210 0.004189598374068737 19
1762516282210 0.004121032077819109 20
1762516282230 0.004103673622012138 21
1762516282238 0.004063006490468979 22
1762516282247 0.004115262068808079 23
1762516282253 0.00405804393813014 24
1762516282264 0.004007420502603054 25
1762516282273 0.00400947593152523 26
1762516282281 0.003979938570410013 27
1762516282290 0.0038905905093997717 28
1762516282298 0.00388883869163692 29
1762516282306 0.0038967453874647617 30
1762516282315 0.003872973145917058 31
1762516282323 0.0038271592929959297 32
1762516282330 0.0037774888332933187 33
1762516282338 0.0037615657784044743 34
1762516282347 0.0037250325549393892 35
1762516282355 0.003705451264977455 36
1762516282365 0.0036824983544647694 37
1762516282373 0.003640309674665332 38
1762516282385 0.0036048460751771927 39
1762516282393 0.0035810500849038363 40
1762516282402 0.0035552727058529854 41
1762516282411 0.0035203753504902124 42
1762516282420 0.003471112111583352 43
1762516282429 0.003462406573817134 44
1762516282437 0.003448618110269308 45
1762516282447 0.003407455747947097 46
1762516282455 0.0033530632499605417 47
1762516282467 0.0033198422752320766 48
1762516282476 0.0033166417852044106 49
1762516282486 0.003289388259872794 50
1762516282495 0.003211362985894084 51
1762516282502 0.003256060415878892 52
1762516282511 0.0032140815164893866 53
1762516282518 0.003177701961249113 54
1762516282529 0.0031229029409587383 55
1762516282537 0.0031316073145717382 56
1762516282547 0.0030778790824115276 57
1762516282555 0.003011376364156604 58
1762516282566 0.0030052943620830774 59
1762516282574 0.0029826464597135782 60
1762516282584 0.0029322411864995956 61
1762516282593 0.0029719064477831125 62
1762516282602 0.0029063511174172163 63
1762516282611 0.0029001201037317514 64
1762516282620 0.0029025680851191282 65
1762516282628 0.002831566845998168 66
1762516282636 0.0028302797582000494 67
1762516282645 0.0027806307189166546 68
1762516282653 0.0027393808122724295 69
1762516282662 0.0027387693990021944 70
1762516282670 0.0027501950971782207 71
1762516282679 0.002712072106078267 72
1762516282688 0.0026955571956932545 73
1762516282695 0.0027028373442590237 74
1762516282695 0.0026235447730869055 75
1762516282715 0.0026142909191548824 76
1762516282723 0.0026033988688141108 77
1762516282733 0.0025431138928979635 78
1762516282741 0.0025630712043493986 79
1762516282751 0.002547903684899211 80
1762516282759 0.0025481204502284527 81
1762516282769 0.0024832377675920725 82
1762516282778 0.0024559462908655405 83
1762516282786 0.0024673056323081255 84
1762516282795 0.0024158931337296963 85
1762516282802 0.0024004254955798388 86
1762516282812 0.0023553099017590284 87
1762516282820 0.00237295706756413 88
1762516282830 0.002361575374379754 89
1762516282838 0.0023653232492506504 90
1762516282848 0.00228972383774817 91
1762516282856 0.002304475288838148 92
1762516282866 0.0023155217058956623 93
1762516282874 0.002242264337837696 94
1762516282882 0.0023025262635201216 95
1762516282884 0.0022328130435198545 96
1762516282900 0.002270872239023447 97
1762516282907 0.0022246043663471937 98
1762516282917 0.0022028726525604725 99
1762516282926 0.00224713864736259 100
