1762515903899 0.17155900597572327 1
1762515903938 0.15010342001914978 2
1762515903954 0.13845813274383545 3
1762515903995 0.12387518584728241 4
1762515904019 0.11380556970834732 5
1762515904047 0.09960224479436874 6
1762515904074 0.09516961872577667 7
1762515904101 0.08100255578756332 8
1762515904117 0.07165606319904327 9
1762515904152 0.06476137787103653 10
1762515904183 0.06435604393482208 11
1762515904202 0.06344170868396759 12
1762515904233 0.06068282946944237 13
1762515904252 0.060643624514341354 14
1762515904284 0.062104232609272 15
1762515904303 0.06129918247461319 16
1762515904334 0.06156226992607117 17
1762515904369 0.06068626791238785 18
1762515904393 0.06280633807182312 19
1762515904419 0.06053052842617035 20
1762515904435 0.06229599937796593 21
1762515904472 0.059445980936288834 22
1762515904503 0.06300397962331772 23
1762515904519 0.0593961663544178 24
1762515904555 0.06049053743481636 25
1762515904571 0.05812365561723709 26
1762515904610 0.059086523950099945 27
1762515904628 0.05667196214199066 28
1762515904656 0.06093478575348854 29
1762515904687 0.05857210233807564 30
1762515904706 0.056654706597328186 31
1762515904737 0.05770067498087883 32
1762515904773 0.056367453187704086 33
1762515904799 0.05611627921462059 34
1762515904826 0.05765923485159874 35
1762515904846 0.055688295513391495 36
1762515904874 0.056673817336559296 37
1762515904908 0.05514305457472801 38
1762515904925 0.054800551384687424 39
1762515904961 0.05222969129681587 40
1762515904990 0.05300327017903328 41
1762515905003 0.05446133017539978 42
1762515905034 0.05434723198413849 43
1762515905066 0.053116001188755035 44
1762515905098 0.05212511122226715 45
1762515905124 0.05286655202507973 46
1762515905144 0.05257505178451538 47
1762515905176 0.05036166310310364 48
1762515905191 0.051503438502550125 49
1762515905229 0.05081120878458023 50
1762515905244 0.05117977410554886 51
1762515905279 0.050187598913908005 52
1762515905295 0.048767246305942535 53
1762515905329 0.04987778514623642 54
1762515905362 0.04948978126049042 55
1762515905389 0.049739353358745575 56
1762515905414 0.04964806139469147 57
1762515905430 0.04813672602176666 58
1762515905465 0.050073061138391495 59
1762515905497 0.04812801256775856 60
1762515905515 0.04802297428250313 61
1762515905546 0.048219919204711914 62
1762515905566 0.04732108116149902 63
1762515905603 0.04671252891421318 64
1762515905616 0.047321610152721405 65
1762515905647 0.04663314297795296 66
1762515905682 0.046092282980680466 67
1762515905710 0.04528364539146423 68
1762515905722 0.04582435265183449 69
1762515905753 0.045363932847976685 70
1762515905783 0.04638088122010231 71
1762515905814 0.04483379051089287 72
1762515905849 0.044805169105529785 73
1762515905877 0.045012250542640686 74
1762515905894 0.04435374587774277 75
1762515905919 0.04436948895454407 76
1762515905950 0.044476449489593506 77
1762515905969 0.04434700682759285 78
1762515906010 0.04387801140546799 79
1762515906035 0.043725691735744476 80
1762515906051 0.04414784535765648 81
1762515906089 0.04386502131819725 82
1762515906112 0.043669477105140686 83
1762515906136 0.043175216764211655 84
1762515906167 0.04303283989429474 85
1762515906187 0.04319269210100174 86
1762515906221 0.04326155036687851 87
1762515906237 0.04340172931551933 88
1762515906272 0.043274831026792526 89
1762515906303 0.042608585208654404 90
1762515906322 0.04295662045478821 91
1762515906357 0.04240204766392708 92
1762515906373 0.04320726916193962 93
1762515906411 0.04255520924925804 94
1762515906425 0.04261668026447296 95
1762515906456 0.04274145886301994 96
1762515906494 0.04294814541935921 97
1762515906518 0.042636457830667496 98
1762515906540 0.04231492429971695 99
1762515906573 0.0425758995115757 100
