1762515903899 0.053745705634355545 1
1762515903939 0.040686026215553284 2
1762515903975 0.03503888472914696 3
1762515904002 0.028202548623085022 4
1762515904019 0.023371372371912003 5
1762515904055 0.017770640552043915 6
1762515904082 0.01629387028515339 7
1762515904101 0.012731987982988358 8
1762515904133 0.010621843859553337 9
1762515904152 0.0086843715980649 10
1762515904183 0.008811765350401402 11
1762515904218 0.008513624779880047 12
1762515904233 0.007950344122946262 13
1762515904268 0.008142681792378426 14
1762515904284 0.008329834789037704 15
1762515904319 0.00841971393674612 16
1762515904350 0.008592145517468452 17
1762515904377 0.00839106272906065 18
1762515904404 0.008612340316176414 19
1762515904419 0.007875288836658001 20
1762515904458 0.008602535352110863 21
1762515904472 0.007767968345433474 22
1762515904511 0.008855062536895275 23
1762515904535 0.007909368723630905 24
1762515904555 0.008008093573153019 25
1762515904591 0.007662348449230194 26
1762515904617 0.00774729810655117 27
1762515904643 0.007395600434392691 28
1762515904656 0.008529995568096638 29
1762515904687 0.007907168939709663 30
1762515904726 0.007413340732455254 31
1762515904753 0.007682028692215681 32
1762515904780 0.0072813481092453 33
1762515904800 0.007348519749939442 34
1762515904835 0.007608043495565653 35
1762515904858 0.007151782978326082 36
1762515904889 0.007471937220543623 37
1762515904909 0.007128777448087931 38
1762515904942 0.0070497035048902035 39
1762515904970 0.0065057771280407906 40
1762515904998 0.006626937538385391 41
1762515905019 0.0069806212559342384 42
1762515905050 0.006984007079154253 43
1762515905066 0.006826033350080252 44
1762515905105 0.006427413318306208 45
1762515905128 0.006725662853568792 46
1762515905144 0.006698957644402981 47
1762515905176 0.0062459297478199005 48
1762515905207 0.00654714647680521 49
1762515905229 0.006306387018412352 50
1762515905263 0.0064899432472884655 51
1762515905279 0.006314537953585386 52
1762515905314 0.0060188062489032745 53
1762515905329 0.0062325685285031796 54
1762515905370 0.006322280969470739 55
1762515905394 0.006317897699773312 56
1762515905414 0.006289771758019924 57
1762515905446 0.005963591858744621 58
1762515905465 0.006499252747744322 59
1762515905503 0.005983590614050627 60
1762515905515 0.005985818337649107 61
1762515905546 0.006194451358169317 62
1762515905581 0.005864905193448067 63
1762515905610 0.005833958741277456 64
1762515905632 0.006131161469966173 65
1762515905663 0.005823203362524509 66
1762515905682 0.005774664226919413 67
1762515905717 0.0056636882945895195 68
1762515905744 0.00580154825001955 69
1762515905768 0.005682023707777262 70
1762515905783 0.005919085815548897 71
1762515905818 0.00548939686268568 72
1762515905856 0.005637269001454115 73
1762515905885 0.00568040506914258 74
1762515905909 0.00562301417812705 75
1762515905935 0.005674409214407206 76
1762515905950 0.0056887222453951836 77
1762515905985 0.005585167091339827 78
1762515906017 0.005551391746848822 79
1762515906035 0.0055722519755363464 80
1762515906070 0.005633004475384951 81
1762515906096 0.005650351755321026 82
1762515906121 0.005643142852932215 83
1762515906136 0.005572001449763775 84
1762515906171 0.005469422321766615 85
1762515906202 0.0056078131310641766 86
1762515906221 0.005569721572101116 87
1762515906253 0.0056305634789168835 88
1762515906272 0.005555528681725264 89
1762515906311 0.005485377740114927 90
1762515906322 0.005485733039677143 91
1762515906362 0.0054129958152771 92
1762515906391 0.0056425039656460285 93
1762515906420 0.005420653149485588 94
1762515906440 0.0054849968291819096 95
1762515906475 0.0055582644417881966 96
1762515906501 0.005648266524076462 97
1762515906524 0.005547347944229841 98
1762515906540 0.005416425876319408 99
1762515906580 0.005491592921316624 100
