1762934755344 9.999999747378752e-06 1
1762934755381 5.949999831500463e-05 2
1762934755425 0.00010900000052060932 3
1762934755464 0.0001584999990882352 4
1762934755507 0.00020799999765586108 5
1762934755542 0.0002575000107754022 6
1762934755590 0.00030700000934302807 7
1762934755631 0.00035650000791065395 8
1762934755677 0.00040600000647827983 9
1762934755717 0.0004555000050459057 10
1762934755754 0.0005050000036135316 11
1762934755790 0.000554499973077327 12
1762934755826 0.0006040000007487833 13
1762934755866 0.0006535000284202397 14
1762934755903 0.0007029999978840351 15
1762934755938 0.0007525000255554914 16
1762934755973 0.0008019999950192869 17
1762934756006 0.0008515000226907432 18
1762934756053 0.0009009999921545386 19
1762934756089 0.000950500019825995 20
1762934756128 0.0010000000474974513 21
1762934756164 0.0009996530134230852 22
1762934756199 0.0009986128425225616 23
1762934756234 0.0009968808153644204 24
1762934756271 0.0009944597259163857 25
1762934756308 0.0009913534158840775 26
1762934756343 0.0009875664254650474 27
1762934756377 0.00098310480825603 28
1762934756413 0.0009779754327610135 29
1762934756451 0.00097218609880656 30
1762934756492 0.0009657457703724504 31
1762934756593 0.0009586644009687006 32
1762934756700 0.0009509529336355627 33
1762934756774 0.0009426231845282018 34
1762934756824 0.0009336880757473409 35
1762934756875 0.0009241613443009555 36
1762934756914 0.0009140576585195959 37
1762934756952 0.0009033926180563867 38
1762934757027 0.0008921826956793666 39
1762934757060 0.0008804451208561659 40
1762934757114 0.0008681980543769896 41
1762934757153 0.0008554603555239737 42
1762934757189 0.000842251640278846 43
1762934757228 0.0008285922813229263 44
1762934757264 0.0008145033498294652 45
1762934757301 0.0008000066154636443 46
1762934757340 0.0007851243717595935 47
1762934757377 0.0007698795525357127 48
1762934757412 0.0007542957318946719 49
1762934757447 0.0007383968913927674 50
1762934757481 0.0007222075364552438 51
1762934757524 0.0007057526963762939 52
1762934757559 0.0006890576332807541 53
1762934757592 0.00067214819137007 54
1762934757637 0.0006550503894686699 55
1762934757674 0.0006377906538546085 56
1762934757713 0.0006203955272212625 57
1762934757749 0.0006028918433003128 58
1762934757791 0.0005853066104464233 59
1762934757827 0.0005676668952219188 60
1762934757866 0.0005499999970197678 61
1762934757903 0.0005323330988176167 62
1762934757938 0.0005146933835931122 63
1762934757973 0.0004971081507392228 64
1762934758012 0.0004796044959221035 65
1762934758048 0.00046220936928875744 66
1762934758084 0.0004449495754670352 67
1762934758123 0.00042785180266946554 68
1762934758158 0.00041094236075878143 69
1762934758196 0.0003942473267670721 70
1762934758234 0.0003777924575842917 71
1762934758277 0.00036160313175059855 72
1762934758318 0.0003457042621448636 73
1762934758352 0.0003301204415038228 74
1762934758400 0.0003148756513837725 75
1762934758439 0.0002999934076797217 76
1762934758475 0.00028549664421007037 77
1762934758511 0.00027140771271660924 78
1762934758549 0.00025774838286451995 79
1762934758591 0.0002445396676193923 80
1762934758631 0.00023180195421446115 81
1762934758670 0.00021955487318336964 82
1762934758708 0.00020781731291208416 83
1762934758743 0.0001966073759831488 84
1762934758776 0.0001859423500718549 85
1762934758809 0.00017583867884241045 86
1762934758852 0.00016631193284410983 87
1762934758876 0.00015737679495941848 88
1762934758924 0.00014904706040397286 89
1762934758961 0.00014133557851891965 90
1762934758993 0.00013425420911516994 91
1762934759036 0.00012781389523297548 92
1762934759059 0.00012202456855447963 93
1762934759108 0.00011689514212775975 94
1762934759142 0.00011243353219470009 95
1762934759182 0.00010864662181120366 96
1762934759221 0.00010554024629527703 97
1762934759258 0.00010311919322703034 98
1762934759297 0.00010138720244867727 99
1762934759334 0.00010034693696070462 100
