1762935085358 0.01620032638311386 1
1762935085373 0.0072946627624332905 2
1762935085387 0.006840617395937443 3
1762935085390 0.006591788027435541 4
1762935085407 0.006313598249107599 5
1762935085407 0.006107592023909092 6
1762935085433 0.006003257352858782 7
1762935085450 0.0058546229265630245 8
1762935085465 0.005742818582803011 9
1762935085478 0.0056204586289823055 10
1762935085490 0.00556174898520112 11
1762935085492 0.0054738386534154415 12
1762935085506 0.005430019460618496 13
1762935085523 0.005394227337092161 14
1762935085523 0.005336050875484943 15
1762935085540 0.005269848275929689 16
1762935085564 0.005216487217694521 17
1762935085575 0.005219737533479929 18
1762935085586 0.005164745729416609 19
1762935085598 0.0051792035810649395 20
1762935085609 0.0051476540975272655 21
1762935085609 0.005091245751827955 22
1762935085623 0.005101695656776428 23
1762935085640 0.005036451388150454 24
1762935085640 0.005037209950387478 25
1762935085667 0.00496364152058959 26
1762935085679 0.004939941223710775 27
1762935085695 0.00489019975066185 28
1762935085706 0.004909300711005926 29
1762935085708 0.004895676393061876 30
1762935085727 0.004796320106834173 31
1762935085740 0.004784587770700455 32
1762935085751 0.004792883526533842 33
1762935085759 0.004750643856823444 34
1762935085772 0.00473241601139307 35
1762935085781 0.004664903040975332 36
1762935085796 0.00466917222365737 37
1762935085808 0.004674574360251427 38
1762935085809 0.004621952306479216 39
1762935085823 0.004616336897015572 40
1762935085840 0.004558846354484558 41
1762935085840 0.004501573741436005 42
1762935085857 0.00449482211843133 43
1762935085876 0.0044628637842834 44
1762935085887 0.004414402414113283 45
1762935085900 0.004343066364526749 46
1762935085911 0.004345583729445934 47
1762935085922 0.0042165787890553474 48
1762935085923 0.004183984827250242 49
1762935085940 0.004234864376485348 50
1762935085940 0.0041033197194337845 51
1762935085957 0.004109868314117193 52
1762935085977 0.0040844581089913845 53
1762935085989 0.0040419199503958225 54
1762935085990 0.003977570217102766 55
1762935086007 0.004056099336594343 56
1762935086007 0.003948526456952095 57
1762935086023 0.003990117460489273 58
1762935086041 0.003897805232554674 59
1762935086051 0.0038735053967684507 60
1762935086062 0.0038598717655986547 61
1762935086071 0.0037865163758397102 62
1762935086073 0.0037618479691445827 63
1762935086092 0.003740845015272498 64
1762935086095 0.0037545436061918736 65
1762935086114 0.0036363310646265745 66
1762935086124 0.003685026429593563 67
1762935086134 0.003626474179327488 68
1762935086140 0.0035935561172664165 69
1762935086140 0.0035913409665226936 70
1762935086156 0.0035582520067691803 71
1762935086175 0.003535460215061903 72
1762935086186 0.003525450360029936 73
1762935086198 0.003453191602602601 74
1762935086210 0.0034746071323752403 75
1762935086214 0.003387663047760725 76
1762935086233 0.003365758340805769 77
1762935086243 0.0033601445611566305 78
1762935086247 0.0033585154451429844 79
1762935086266 0.0033238274045288563 80
1762935086278 0.0033117765560746193 81
1762935086288 0.003248973749577999 82
1762935086298 0.003244357882067561 83
1762935086309 0.003236674703657627 84
1762935086309 0.003201133105903864 85
1762935086329 0.0031878186855465174 86
1762935086339 0.0031504419166594744 87
1762935086349 0.0031197494827210903 88
1762935086359 0.0031185299158096313 89
1762935086369 0.003069752361625433 90
1762935086372 0.003033330896869302 91
1762935086388 0.0030448278412222862 92
1762935086388 0.0029899757355451584 93
1762935086404 0.002983416197821498 94
1762935086404 0.0030028570909053087 95
1762935086419 0.00299013196490705 96
1762935086435 0.002971712965518236 97
1762935086435 0.0029364840593189 98
1762935086459 0.002883470617234707 99
1762935086470 0.0028966001700609922 100
