1762934755185 0.2935250997543335 1
1762934755350 0.24077066779136658 2
1762934755387 0.19981522858142853 3
1762934755427 0.1576104462146759 4
1762934755470 0.1372409611940384 5
1762934755514 0.12899595499038696 6
1762934755558 0.12245960533618927 7
1762934755596 0.11912008374929428 8
1762934755638 0.11640709638595581 9
1762934755683 0.1134667620062828 10
1762934755724 0.1094597652554512 11
1762934755760 0.10729964822530746 12
1762934755795 0.10538177937269211 13
1762934755832 0.10414160788059235 14
1762934755871 0.1031637117266655 15
1762934755908 0.10175105184316635 16
1762934755943 0.10014793276786804 17
1762934755973 0.09923453629016876 18
1762934756006 0.09903854876756668 19
1762934756059 0.09821314364671707 20
1762934756090 0.09739106893539429 21
1762934756133 0.0969986543059349 22
1762934756169 0.09638158977031708 23
1762934756204 0.09655176848173141 24
1762934756239 0.09537385404109955 25
1762934756275 0.09536387026309967 26
1762934756311 0.09502488374710083 27
1762934756348 0.09432661533355713 28
1762934756377 0.09424173086881638 29
1762934756419 0.09423869103193283 30
1762934756457 0.09392133355140686 31
1762934756497 0.09422373026609421 32
1762934756616 0.09367775171995163 33
1762934756710 0.09292393177747726 34
1762934756783 0.0927853211760521 35
1762934756833 0.09316456317901611 36
1762934756880 0.0924740806221962 37
1762934756919 0.0923994779586792 38
1762934756957 0.09252014756202698 39
1762934757033 0.09250883758068085 40
1762934757076 0.09215451776981354 41
1762934757120 0.0919933095574379 42
1762934757159 0.09159713238477707 43
1762934757195 0.09161747246980667 44
1762934757233 0.09184425324201584 45
1762934757269 0.09159272909164429 46
1762934757307 0.09147944301366806 47
1762934757345 0.0912819430232048 48
1762934757382 0.09166307002305984 49
1762934757417 0.09141146391630173 50
1762934757452 0.09116337448358536 51
1762934757486 0.09108695387840271 52
1762934757532 0.09131419658660889 53
1762934757559 0.09079746901988983 54
1762934757606 0.09105754643678665 55
1762934757641 0.09099718928337097 56
1762934757680 0.09110110253095627 57
1762934757718 0.09097887575626373 58
1762934757754 0.0906950905919075 59
1762934757797 0.09081092476844788 60
1762934757832 0.09067127853631973 61
1762934757874 0.09054424613714218 62
1762934757909 0.09043368697166443 63
1762934757942 0.09057670086622238 64
1762934757975 0.09075403213500977 65
1762934758015 0.09060206264257431 66
1762934758053 0.0905926451086998 67
1762934758090 0.09062213450670242 68
1762934758128 0.09032008051872253 69
1762934758158 0.09043557196855545 70
1762934758201 0.09032908082008362 71
1762934758240 0.0902962014079094 72
1762934758282 0.09035007655620575 73
1762934758323 0.090377077460289 74
1762934758358 0.09024673700332642 75
1762934758407 0.09002088755369186 76
1762934758445 0.09000525623559952 77
1762934758480 0.09012066572904587 78
1762934758517 0.09004499763250351 79
1762934758555 0.0901336818933487 80
1762934758597 0.09007800370454788 81
1762934758639 0.09018942713737488 82
1762934758676 0.09011177718639374 83
1762934758713 0.08995633572340012 84
1762934758748 0.08992604911327362 85
1762934758776 0.08986077457666397 86
1762934758809 0.08995787054300308 87
1762934758857 0.09003779292106628 88
1762934758894 0.08991283178329468 89
1762934758929 0.08983238786458969 90
1762934758967 0.0899168848991394 91
1762934758993 0.09000159800052643 92
1762934759041 0.09005200117826462 93
1762934759075 0.08989349007606506 94
1762934759114 0.0899030789732933 95
1762934759142 0.089727483689785 96
1762934759187 0.09001822024583817 97
1762934759227 0.0901167020201683 98
1762934759263 0.0897681787610054 99
1762934759302 0.09009508788585663 100
