1762934925774 0.024569617584347725 1
1762934925892 0.019686490297317505 2
1762934925899 0.019200850278139114 3
1762934925915 0.01882101595401764 4
1762934925915 0.018169619143009186 5
1762934925937 0.01720612682402134 6
1762934925946 0.01661898009479046 7
1762934925957 0.01570805348455906 8
1762934925965 0.015001964755356312 9
1762934925977 0.014261757023632526 10
1762934925988 0.013045787811279297 11
1762934925998 0.01241681445389986 12
1762934926002 0.011197444051504135 13
1762934926020 0.010627355426549911 14
1762934926030 0.01019301451742649 15
1762934926049 0.009467370808124542 16
1762934926059 0.009148815646767616 17
1762934926072 0.008783501572906971 18
1762934926083 0.008560778573155403 19
1762934926095 0.008369727991521358 20
1762934926102 0.008174757473170757 21
1762934926115 0.007906737737357616 22
1762934926131 0.007898864336311817 23
1762934926132 0.007783667650073767 24
1762934926149 0.007694200612604618 25
1762934926164 0.007541682571172714 26
1762934926167 0.007418794557452202 27
1762934926184 0.007380019407719374 28
1762934926184 0.007262054830789566 29
1762934926201 0.007223122287541628 30
1762934926220 0.007112347055226564 31
1762934926232 0.006927953567355871 32
1762934926237 0.006985791027545929 33
1762934926255 0.0069149755872786045 34
1762934926267 0.006918163970112801 35
1762934926267 0.006924724206328392 36
1762934926283 0.006792693864554167 37
1762934926298 0.006733373738825321 38
1762934926300 0.006656866054981947 39
1762934926322 0.006634860765188932 40
1762934926334 0.00667790649458766 41
1762934926340 0.006526712793856859 42
1762934926357 0.006419654935598373 43
1762934926373 0.006367718800902367 44
1762934926383 0.0063537051901221275 45
1762934926398 0.006363057531416416 46
1762934926398 0.00634754030033946 47
1762934926420 0.006316635757684708 48
1762934926433 0.006131629925221205 49
1762934926433 0.006155890412628651 50
1762934926449 0.006136354524642229 51
1762934926466 0.006068140268325806 52
1762934926466 0.00606526667252183 53
1762934926483 0.006037937011569738 54
1762934926504 0.006003126036375761 55
1762934926516 0.006020576227456331 56
1762934926516 0.005906750913709402 57
1762934926533 0.005918778013437986 58
1762934926548 0.005902951583266258 59
1762934926559 0.005871273577213287 60
1762934926570 0.005934357643127441 61
1762934926576 0.005875858943909407 62
1762934926592 0.005858628079295158 63
1762934926605 0.005731840617954731 64
1762934926617 0.00572602404281497 65
1762934926628 0.0057555874809622765 66
1762934926639 0.005743611603975296 67
1762934926651 0.005765005946159363 68
1762934926661 0.005665800999850035 69
1762934926672 0.005594315472990274 70
1762934926683 0.005617919843643904 71
1762934926693 0.0056238784454762936 72
1762934926704 0.0055111185647547245 73
1762934926715 0.00552354147657752 74
1762934926726 0.005552728194743395 75
1762934926737 0.005649636033922434 76
1762934926747 0.005551408510655165 77
1762934926758 0.005522388964891434 78
1762934926769 0.005516738630831242 79
1762934926781 0.005529025569558144 80
1762934926792 0.005448038224130869 81
1762934926804 0.005466667003929615 82
1762934926815 0.005374350119382143 83
1762934926826 0.005436530336737633 84
1762934926837 0.005398488603532314 85
1762934926846 0.005400020629167557 86
1762934926858 0.005393202882260084 87
1762934926869 0.005354232620447874 88
1762934926879 0.005364697426557541 89
1762934926890 0.005393316503614187 90
1762934926901 0.005358962807804346 91
1762934926912 0.005336821544915438 92
1762934926924 0.005303946789354086 93
1762934926936 0.0053469217382371426 94
1762934926946 0.005308636464178562 95
1762934926957 0.005295718088746071 96
1762934926969 0.0053426604717969894 97
1762934926979 0.005290568806231022 98
1762934926989 0.005255647469311953 99
1762934927001 0.0052899932488799095 100
