1762934755322 0.12893135845661163 1
1762934755361 0.09202530235052109 2
1762934755400 0.06561320275068283 3
1762934755442 0.04109589010477066 4
1762934755476 0.03086686134338379 5
1762934755530 0.0274666640907526 6
1762934755569 0.02509976178407669 7
1762934755606 0.02369188889861107 8
1762934755654 0.02262182906270027 9
1762934755694 0.021649722009897232 10
1762934755734 0.02077288180589676 11
1762934755770 0.02011810801923275 12
1762934755805 0.019659563899040222 13
1762934755844 0.019121551886200905 14
1762934755877 0.019127387553453445 15
1762934755918 0.01856941170990467 16
1762934755943 0.01840139366686344 17
1762934755990 0.018160566687583923 18
1762934756027 0.018049685284495354 19
1762934756069 0.017899714410305023 20
1762934756090 0.017808038741350174 21
1762934756143 0.017686937004327774 22
1762934756179 0.017692042514681816 23
1762934756208 0.01762126199901104 24
1762934756249 0.017455056309700012 25
1762934756275 0.01747376285493374 26
1762934756323 0.017309894785284996 27
1762934756359 0.017393574118614197 28
1762934756393 0.017329402267932892 29
1762934756429 0.0172591395676136 30
1762934756468 0.017253173515200615 31
1762934756509 0.017273589968681335 32
1762934756635 0.017285248264670372 33
1762934756724 0.017166005447506905 34
1762934756801 0.01720106415450573 35
1762934756840 0.01712973229587078 36
1762934756892 0.017080524936318398 37
1762934756931 0.017125805839896202 38
1762934756957 0.017050907015800476 39
1762934757047 0.017136553302407265 40
1762934757087 0.0171193890273571 41
1762934757131 0.017077689990401268 42
1762934757168 0.016999611631035805 43
1762934757206 0.01703181117773056 44
1762934757243 0.017091836780309677 45
1762934757280 0.016991231590509415 46
1762934757319 0.01700066402554512 47
1762934757356 0.017078569158911705 48
1762934757392 0.017111411318182945 49
1762934757426 0.016973936930298805 50
1762934757462 0.01700247824192047 51
1762934757492 0.016945846378803253 52
1762934757543 0.017012104392051697 53
1762934757582 0.01701643317937851 54
1762934757616 0.017046945169568062 55
1762934757652 0.0170050710439682 56
1762934757692 0.016986757516860962 57
1762934757728 0.01695057936012745 58
1762934757763 0.017004001885652542 59
1762934757806 0.0170228723436594 60
1762934757842 0.016950003802776337 61
1762934757875 0.01693854108452797 62
1762934757918 0.016998590901494026 63
1762934757942 0.0169479101896286 64
1762934757992 0.016989707946777344 65
1762934758027 0.016957459971308708 66
1762934758064 0.01693403534591198 67
1762934758101 0.01700328104197979 68
1762934758139 0.01696588657796383 69
1762934758174 0.01705557480454445 70
1762934758212 0.016953226178884506 71
1762934758242 0.016967054456472397 72
1762934758293 0.01695670187473297 73
1762934758333 0.016948573291301727 74
1762934758378 0.01697365567088127 75
1762934758417 0.016934463754296303 76
1762934758455 0.016932452097535133 77
1762934758491 0.016998639330267906 78
1762934758528 0.016910914331674576 79
1762934758568 0.016928771510720253 80
1762934758608 0.01698005571961403 81
1762934758650 0.01697038672864437 82
1762934758682 0.01694900169968605 83
1762934758722 0.016896843910217285 84
1762934758757 0.01692216657102108 85
1762934758794 0.01693837344646454 86
1762934758830 0.016953326761722565 87
1762934758860 0.016930777579545975 88
1762934758904 0.01690595969557762 89
1762934758940 0.016969462856650352 90
1762934758977 0.016976578161120415 91
1762934759013 0.01694088615477085 92
1762934759051 0.017018726095557213 93
1762934759075 0.016922952607274055 94
1762934759124 0.01701570674777031 95
1762934759160 0.016843238845467567 96
1762934759197 0.01693849079310894 97
1762934759236 0.01695336401462555 98
1762934759274 0.01691541261970997 99
1762934759313 0.016956236213445663 100
