1762771353083 9.999999747378752e-06 1
1762771353111 5.949999831500463e-05 2
1762771353158 0.00010900000052060932 3
1762771353194 0.0001584999990882352 4
1762771353228 0.00020799999765586108 5
1762771353260 0.0002575000107754022 6
1762771353296 0.00030700000934302807 7
1762771353333 0.00035650000791065395 8
1762771353369 0.00040600000647827983 9
1762771353402 0.0004555000050459057 10
1762771353437 0.0005050000036135316 11
1762771353460 0.000554499973077327 12
1762771353498 0.0006040000007487833 13
1762771353541 0.0006535000284202397 14
1762771353576 0.0007029999978840351 15
1762771353611 0.0007525000255554914 16
1762771353647 0.0008019999950192869 17
1762771353677 0.0008515000226907432 18
1762771353714 0.0009009999921545386 19
1762771353747 0.000950500019825995 20
1762771353777 0.0010000000474974513 21
1762771353830 0.0009996530134230852 22
1762771353866 0.0009986128425225616 23
1762771353901 0.0009968808153644204 24
1762771353927 0.0009944597259163857 25
1762771353971 0.0009913534158840775 26
1762771353998 0.0009875664254650474 27
1762771354041 0.00098310480825603 28
1762771354075 0.0009779754327610135 29
1762771354111 0.00097218609880656 30
1762771354144 0.0009657457703724504 31
1762771354183 0.0009586644009687006 32
1762771354219 0.0009509529336355627 33
1762771354252 0.0009426231845282018 34
1762771354287 0.0009336880757473409 35
1762771354321 0.0009241613443009555 36
1762771354356 0.0009140576585195959 37
1762771354389 0.0009033926180563867 38
1762771354417 0.0008921826956793666 39
1762771354444 0.0008804451208561659 40
1762771354493 0.0008681980543769896 41
1762771354527 0.0008554603555239737 42
1762771354567 0.000842251640278846 43
1762771354602 0.0008285922813229263 44
1762771354635 0.0008145033498294652 45
1762771354670 0.0008000066154636443 46
1762771354704 0.0007851243717595935 47
1762771354727 0.0007698795525357127 48
1762771354775 0.0007542957318946719 49
1762771354811 0.0007383968913927674 50
1762771354846 0.0007222075364552438 51
1762771354877 0.0007057526963762939 52
1762771354914 0.0006890576332807541 53
1762771354948 0.00067214819137007 54
1762771354982 0.0006550503894686699 55
1762771355017 0.0006377906538546085 56
1762771355049 0.0006203955272212625 57
1762771355083 0.0006028918433003128 58
1762771355110 0.0005853066104464233 59
1762771355151 0.0005676668952219188 60
1762771355177 0.0005499999970197678 61
1762771355220 0.0005323330988176167 62
1762771355253 0.0005146933835931122 63
1762771355287 0.0004971081507392228 64
1762771355311 0.0004796044959221035 65
1762771355355 0.00046220936928875744 66
1762771355390 0.0004449495754670352 67
1762771355426 0.00042785180266946554 68
1762771355460 0.00041094236075878143 69
1762771355495 0.0003942473267670721 70
1762771355534 0.0003777924575842917 71
1762771355570 0.00036160313175059855 72
1762771355603 0.0003457042621448636 73
1762771355639 0.0003301204415038228 74
1762771355660 0.0003148756513837725 75
1762771355704 0.0002999934076797217 76
1762771355727 0.00028549664421007037 77
1762771355777 0.00027140771271660924 78
1762771355809 0.00025774838286451995 79
1762771355843 0.0002445396676193923 80
1762771355879 0.00023180195421446115 81
1762771355913 0.00021955487318336964 82
1762771355947 0.00020781731291208416 83
1762771355984 0.0001966073759831488 84
1762771356011 0.0001859423500718549 85
1762771356044 0.00017583867884241045 86
1762771356087 0.00016631193284410983 87
