1762771671428 0.02061300538480282 1
1762771671441 0.006497902330011129 2
1762771671451 0.005914614070206881 3
1762771671468 0.005679312627762556 4
1762771671480 0.005465672817081213 5
1762771671491 0.005421593319624662 6
1762771671503 0.005281794350594282 7
1762771671514 0.005221643019467592 8
1762771671525 0.005168435163795948 9
1762771671536 0.00513111799955368 10
1762771671547 0.005097417160868645 11
1762771671552 0.005035823676735163 12
1762771671569 0.005011772271245718 13
1762771671579 0.004981343634426594 14
1762771671590 0.004934771452099085 15
1762771671601 0.0049266391433775425 16
1762771671612 0.00490322383120656 17
1762771671623 0.004860794637352228 18
1762771671634 0.004861332941800356 19
1762771671643 0.004880177788436413 20
1762771671643 0.004833688493818045 21
1762771671666 0.004785669967532158 22
1762771671676 0.004787985235452652 23
1762771671685 0.004807240795344114 24
1762771671695 0.004735949914902449 25
1762771671705 0.004706285428255796 26
1762771671716 0.004720234777778387 27
1762771671727 0.004623132757842541 28
1762771671737 0.004636451136320829 29
1762771671747 0.004541589412838221 30
1762771671757 0.00452182162553072 31
1762771671768 0.004473610781133175 32
1762771671778 0.004541660193353891 33
1762771671789 0.004464154597371817 34
1762771671799 0.004476017318665981 35
1762771671810 0.004384302534162998 36
1762771671815 0.0043729571625590324 37
1762771671831 0.0043662250973284245 38
1762771671843 0.004387160297483206 39
1762771671855 0.0043027447536587715 40
1762771671866 0.004232349339872599 41
1762771671877 0.004184217657893896 42
1762771671882 0.004144538193941116 43
1762771671899 0.004089691210538149 44
1762771671909 0.004114789888262749 45
1762771671915 0.004120027646422386 46
1762771671931 0.0040120696648955345 47
1762771671941 0.004042208660393953 48
1762771671951 0.004015116021037102 49
1762771671962 0.003957906737923622 50
1762771671974 0.003969224635511637 51
1762771671981 0.003946658689528704 52
1762771671996 0.003958142828196287 53
1762771672006 0.0038953011389821768 54
1762771672016 0.0038255646359175444 55
1762771672026 0.0038795180153101683 56
1762771672036 0.003854653099551797 57
1762771672048 0.003768575144931674 58
1762771672061 0.0038184798322618008 59
1762771672069 0.0037504700012505054 60
1762771672084 0.0037320186384022236 61
1762771672095 0.0036705080419778824 62
1762771672102 0.0036833363119512796 63
1762771672117 0.0036383254919201136 64
1762771672127 0.0036216406151652336 65
1762771672138 0.003599516348913312 66
1762771672148 0.0035855683963745832 67
1762771672159 0.0035590704064816236 68
1762771672170 0.0035054769832640886 69
1762771672180 0.00349056301638484 70
1762771672191 0.0035018192138522863 71
1762771672198 0.00344845256768167 72
1762771672213 0.0034194893669337034 73
1762771672223 0.0034029849339276552 74
1762771672235 0.0034039507154375315 75
1762771672245 0.0033226441591978073 76
1762771672258 0.0032844259403645992 77
1762771672269 0.0033046810422092676 78
1762771672280 0.00325924064964056 79
1762771672295 0.003247298067435622 80
1762771672298 0.0032122081611305475 81
1762771672317 0.0032190752681344748 82
1762771672327 0.003203805536031723 83
1762771672337 0.0032078083604574203 84
1762771672347 0.003061469877138734 85
1762771672352 0.003121010260656476 86
1762771672360 0.003146662376821041 87
1762771672379 0.0030786534771323204 88
1762771672390 0.003036940237507224 89
1762771672401 0.0030360291711986065 90
1762771672411 0.0029922069516032934 91
1762771672415 0.002990173874422908 92
1762771672432 0.002993485191836953 93
1762771672442 0.0029759497847408056 94
1762771672453 0.003008499974384904 95
1762771672466 0.00290999305434525 96
1762771672481 0.002909698523581028 97
1762771672485 0.0028804501052945852 98
1762771672502 0.002848102943971753 99
1762771672512 0.00291481614112854 100
