1762771513772 0.012341685593128204 1
1762771513773 0.006219744682312012 2
1762771513795 0.005777351558208466 3
1762771513806 0.005618686322122812 4
1762771513817 0.005496627185493708 5
1762771513830 0.005394462961703539 6
1762771513841 0.005334510002285242 7
1762771513852 0.005310308653861284 8
1762771513862 0.0052843415178358555 9
1762771513869 0.005280213430523872 10
1762771513869 0.0052351513877511024 11
1762771513892 0.005242197308689356 12
1762771513902 0.005198991857469082 13
1762771513912 0.005213560536503792 14
1762771513924 0.005202343221753836 15
1762771513931 0.005196552723646164 16
1762771513935 0.0051941415295004845 17
1762771513952 0.005186619237065315 18
1762771513971 0.005184360779821873 19
1762771513983 0.005178691819310188 20
1762771513985 0.005190363619476557 21
1762771514018 0.005169246811419725 22
1762771514030 0.005160056985914707 23
1762771514042 0.005145058501511812 24
1762771514052 0.005158657673746347 25
1762771514052 0.005160178989171982 26
1762771514068 0.005162912420928478 27
1762771514085 0.005142651032656431 28
1762771514085 0.0051440163515508175 29
1762771514103 0.0051411851309239864 30
1762771514118 0.005137014668434858 31
1762771514134 0.005136826541274786 32
1762771514152 0.005147374235093594 33
1762771514168 0.005125317722558975 34
1762771514168 0.005124130751937628 35
1762771514185 0.005120729096233845 36
1762771514204 0.005133953411132097 37
1762771514213 0.005115353502333164 38
1762771514218 0.005096331238746643 39
1762771514235 0.005111307837069035 40
1762771514235 0.005098183173686266 41
1762771514252 0.005078058689832687 42
1762771514268 0.005097904708236456 43
1762771514268 0.005106212105602026 44
1762771514285 0.00507898535579443 45
1762771514313 0.005093191284686327 46
1762771514324 0.0050867353565990925 47
1762771514337 0.005040346644818783 48
1762771514354 0.005078843329101801 49
1762771514366 0.005051894579082727 50
1762771514379 0.00506585044786334 51
1762771514392 0.005049287341535091 52
1762771514405 0.005038504954427481 53
1762771514419 0.0050327409990131855 54
1762771514434 0.005020580720156431 55
1762771514452 0.005028296262025833 56
1762771514470 0.005038841161876917 57
1762771514488 0.005006198771297932 58
1762771514504 0.005031087435781956 59
1762771514519 0.00501256762072444 60
1762771514535 0.005005690734833479 61
1762771514550 0.005090445280075073 62
1762771514568 0.005010312423110008 63
1762771514586 0.0050154151394963264 64
1762771514596 0.004986912477761507 65
1762771514607 0.005017365328967571 66
1762771514618 0.005004244856536388 67
1762771514628 0.0049978941679000854 68
1762771514638 0.005006149876862764 69
1762771514649 0.0050047775730490685 70
1762771514661 0.0050292108207941055 71
1762771514671 0.005030177533626556 72
1762771514681 0.005008100997656584 73
1762771514691 0.005014276131987572 74
1762771514702 0.00498707452788949 75
1762771514712 0.004988216795027256 76
1762771514723 0.00502027478069067 77
1762771514733 0.004998999182134867 78
1762771514743 0.005007362458854914 79
1762771514754 0.0051009999588131905 80
1762771514763 0.005007006227970123 81
1762771514773 0.004993378650397062 82
1762771514783 0.0050117322243750095 83
1762771514794 0.004977978300303221 84
1762771514803 0.004992115776985884 85
1762771514813 0.00498740142211318 86
1762771514818 0.004994154442101717 87
1762771514833 0.004992042202502489 88
1762771514833 0.005001302342861891 89
1762771514853 0.004980477038770914 90
1762771514864 0.004973457660526037 91
1762771514901 0.0049781184643507 92
1762771514928 0.005062174517661333 93
1762771514938 0.005095886066555977 94
1762771514948 0.005082933232188225 95
1762771514958 0.005006645806133747 96
1762771514962 0.004984380677342415 97
1762771514978 0.0050901444628834724 98
1762771514978 0.005033469293266535 99
1762771514993 0.004983684979379177 100
