1762771353044 0.2689622938632965 1
1762771353087 0.2261982411146164 2
1762771353111 0.16757553815841675 3
1762771353163 0.14868977665901184 4
1762771353195 0.12303448468446732 5
1762771353232 0.11837369948625565 6
1762771353260 0.10934782028198242 7
1762771353301 0.10104143619537354 8
1762771353338 0.09193047881126404 9
1762771353373 0.08266579359769821 10
1762771353407 0.0758981853723526 11
1762771353442 0.07296576350927353 12
1762771353475 0.06901566684246063 13
1762771353512 0.06501208990812302 14
1762771353546 0.06299751996994019 15
1762771353582 0.0603146031498909 16
1762771353611 0.059570539742708206 17
1762771353652 0.058335766196250916 18
1762771353677 0.05712595582008362 19
1762771353719 0.05620238557457924 20
1762771353752 0.05590888112783432 21
1762771353777 0.055863287299871445 22
1762771353835 0.05391696095466614 23
1762771353871 0.05267561227083206 24
1762771353906 0.053567469120025635 25
1762771353927 0.05157024785876274 26
1762771353976 0.04991402104496956 27
1762771354013 0.0509047694504261 28
1762771354043 0.05048493668437004 29
1762771354080 0.04786982759833336 30
1762771354116 0.0477849580347538 31
1762771354144 0.04796252399682999 32
1762771354188 0.04724555462598801 33
1762771354224 0.04809094965457916 34
1762771354257 0.04771406576037407 35
1762771354292 0.04669782519340515 36
1762771354326 0.04706114903092384 37
1762771354361 0.047621604055166245 38
1762771354394 0.04683395102620125 39
1762771354429 0.04691947251558304 40
1762771354465 0.04819395765662193 41
1762771354493 0.04600462317466736 42
1762771354527 0.046166837215423584 43
1762771354572 0.046783287078142166 44
1762771354606 0.04545048624277115 45
1762771354635 0.04599406197667122 46
1762771354675 0.04538995400071144 47
1762771354709 0.04559268057346344 48
1762771354745 0.045583128929138184 49
1762771354777 0.04549696296453476 50
1762771354816 0.04571298137307167 51
1762771354851 0.04529663175344467 52
1762771354877 0.04497530683875084 53
1762771354919 0.044869374483823776 54
1762771354948 0.045072365552186966 55
1762771354987 0.044395603239536285 56
1762771355022 0.04512331262230873 57
1762771355054 0.04502938315272331 58
1762771355088 0.04436872527003288 59
1762771355110 0.04438227042555809 60
1762771355156 0.044272392988204956 61
1762771355177 0.04346068203449249 62
1762771355225 0.043484561145305634 63
1762771355258 0.04319941997528076 64
1762771355292 0.04364510253071785 65
1762771355327 0.04354861378669739 66
1762771355360 0.04298051819205284 67
1762771355396 0.043555621057748795 68
1762771355431 0.04283655062317848 69
1762771355466 0.04252763092517853 70
1762771355495 0.04256707429885864 71
1762771355540 0.043241292238235474 72
1762771355575 0.04295360669493675 73
1762771355603 0.0425485223531723 74
1762771355643 0.04238700121641159 75
1762771355677 0.04256711155176163 76
1762771355713 0.04236948490142822 77
1762771355747 0.04211508110165596 78
1762771355777 0.04255056753754616 79
1762771355814 0.04215836152434349 80
1762771355843 0.042659323662519455 81
1762771355884 0.0419929064810276 82
1762771355918 0.04214268550276756 83
1762771355953 0.042158663272857666 84
1762771355989 0.04177616164088249 85
1762771356011 0.042132869362831116 86
1762771356044 0.041851431131362915 87
