1762771353044 0.11008066684007645 1
1762771353096 0.08333771675825119 2
1762771353135 0.04476696997880936 3
1762771353172 0.03507043048739433 4
1762771353195 0.024742087349295616 5
1762771353242 0.02305707521736622 6
1762771353277 0.020022394135594368 7
1762771353312 0.01758248545229435 8
1762771353349 0.0150542501360178 9
1762771353383 0.012641256675124168 10
1762771353417 0.010975338518619537 11
1762771353451 0.010276283137500286 12
1762771353477 0.00936551671475172 13
1762771353512 0.0085827074944973 14
1762771353556 0.008131311275064945 15
1762771353592 0.007620070595294237 16
1762771353627 0.007470947224646807 17
1762771353662 0.007245312444865704 18
1762771353695 0.007087718695402145 19
1762771353727 0.0069039068184792995 20
1762771353761 0.006901635322719812 21
1762771353794 0.006785275414586067 22
1762771353846 0.006467942614108324 23
1762771353881 0.006378310266882181 24
1762771353910 0.006354855839163065 25
1762771353950 0.006256962660700083 26
1762771353980 0.0059569841250777245 27
1762771354022 0.0061795469373464584 28
1762771354043 0.006000185385346413 29
1762771354089 0.0056713661178946495 30
1762771354127 0.005642579402774572 31
1762771354164 0.00567814614623785 32
1762771354193 0.005526933819055557 33
1762771354227 0.00572600495070219 34
1762771354267 0.0056380173191428185 35
1762771354302 0.0054966178722679615 36
1762771354327 0.005505787208676338 37
1762771354361 0.005630192346870899 38
1762771354404 0.005562518257647753 39
1762771354438 0.005555340088903904 40
1762771354475 0.00561370886862278 41
1762771354512 0.005350278224796057 42
1762771354547 0.005436745937913656 43
1762771354577 0.005480802617967129 44
1762771354616 0.005393959581851959 45
1762771354643 0.005404929630458355 46
1762771354680 0.0052634538151323795 47
1762771354719 0.00539604714140296 48
1762771354754 0.005326044745743275 49
1762771354777 0.005344612989574671 50
1762771354826 0.00537725118920207 51
1762771354861 0.005338800139725208 52
1762771354895 0.00528629869222641 53
1762771354929 0.00528190191835165 54
1762771354964 0.005331552587449551 55
1762771354993 0.0052182781510055065 56
1762771355030 0.005332787521183491 57
1762771355058 0.005322894547134638 58
1762771355099 0.005252722185105085 59
1762771355127 0.0052809459157288074 60
1762771355166 0.005233247764408588 61
1762771355201 0.005160067696124315 62
1762771355227 0.005130791570991278 63
1762771355268 0.005085744429379702 64
1762771355302 0.005190112162381411 65
1762771355336 0.005181367974728346 66
1762771355360 0.005134785082191229 67
1762771355405 0.005229259375482798 68
1762771355440 0.005089960061013699 69
1762771355476 0.0050676376558840275 70
1762771355514 0.005014833528548479 71
1762771355544 0.005136370193213224 72
1762771355584 0.0051216850988566875 73
1762771355620 0.005032746121287346 74
1762771355643 0.0050437250174582005 75
1762771355686 0.00507382582873106 76
1762771355723 0.005074981600046158 77
1762771355757 0.005049315746873617 78
1762771355777 0.005116862244904041 79
1762771355825 0.005107202101498842 80
1762771355861 0.005052948370575905 81
1762771355893 0.004991363734006882 82
1762771355928 0.005010268650949001 83
1762771355961 0.00503402017056942 84
1762771355998 0.004980745259672403 85
1762771356033 0.005014470312744379 86
1762771356068 0.004968726541846991 87
