1762941075031 9.999999747378752e-06 1
1762941075079 5.949999831500463e-05 2
1762941075096 0.00010900000052060932 3
1762941075127 0.0001584999990882352 4
1762941075159 0.00020799999765586108 5
1762941075203 0.0002575000107754022 6
1762941075228 0.00030700000934302807 7
1762941075264 0.00035650000791065395 8
1762941075284 0.00040600000647827983 9
1762941075315 0.0004555000050459057 10
1762941075359 0.0005050000036135316 11
1762941075378 0.000554499973077327 12
1762941075409 0.0006040000007487833 13
1762941075454 0.0006535000284202397 14
1762941075479 0.0007029999978840351 15
1762941075513 0.0007525000255554914 16
1762941075544 0.0008019999950192869 17
1762941075575 0.0008515000226907432 18
1762941075606 0.0009009999921545386 19
1762941075638 0.000950500019825995 20
1762941075669 0.0010000000474974513 21
1762941075710 0.0009996530134230852 22
1762941075741 0.0009986128425225616 23
1762941075771 0.0009968808153644204 24
1762941075805 0.0009944597259163857 25
1762941075831 0.0009913534158840775 26
1762941075862 0.0009875664254650474 27
1762941075893 0.00098310480825603 28
1762941075924 0.0009779754327610135 29
1762941075955 0.00097218609880656 30
1762941075986 0.0009657457703724504 31
1762941076031 0.0009586644009687006 32
1762941076050 0.0009509529336355627 33
1762941076097 0.0009426231845282018 34
1762941076129 0.0009336880757473409 35
1762941076161 0.0009241613443009555 36
1762941076178 0.0009140576585195959 37
1762941076210 0.0009033926180563867 38
1762941076255 0.0008921826956793666 39
1762941076287 0.0008804451208561659 40
1762941076315 0.0008681980543769896 41
1762941076351 0.0008554603555239737 42
1762941076379 0.000842251640278846 43
1762941076411 0.0008285922813229263 44
1762941076445 0.0008145033498294652 45
1762941076471 0.0008000066154636443 46
1762941076502 0.0007851243717595935 47
1762941076534 0.0007698795525357127 48
1762941076565 0.0007542957318946719 49
1762941076596 0.0007383968913927674 50
1762941076627 0.0007222075364552438 51
1762941076659 0.0007057526963762939 52
1762941076690 0.0006890576332807541 53
1762941076721 0.00067214819137007 54
1762941076764 0.0006550503894686699 55
1762941076795 0.0006377906538546085 56
1762941076815 0.0006203955272212625 57
1762941076846 0.0006028918433003128 58
1762941076890 0.0005853066104464233 59
1762941076909 0.0005676668952219188 60
1762941076940 0.0005499999970197678 61
1762941076971 0.0005323330988176167 62
1762941077015 0.0005146933835931122 63
1762941077033 0.0004971081507392228 64
1762941077080 0.0004796044959221035 65
1762941077112 0.00046220936928875744 66
1762941077143 0.0004449495754670352 67
1762941077174 0.00042785180266946554 68
1762941077205 0.00041094236075878143 69
1762941077236 0.0003942473267670721 70
1762941077267 0.0003777924575842917 71
1762941077295 0.00036160313175059855 72
1762941077336 0.0003457042621448636 73
1762941077362 0.0003301204415038228 74
1762941077396 0.0003148756513837725 75
1762941077428 0.0002999934076797217 76
1762941077455 0.00028549664421007037 77
1762941077487 0.00027140771271660924 78
1762941077518 0.00025774838286451995 79
1762941077549 0.0002445396676193923 80
1762941077596 0.00023180195421446115 81
1762941077612 0.00021955487318336964 82
1762941077658 0.00020781731291208416 83
1762941077674 0.0001966073759831488 84
1762941077713 0.0001859423500718549 85
