1762941402961 0.06862164288759232 1
1762941402982 0.03617558255791664 2
1762941402982 0.027861006557941437 3
1762941403001 0.024103006348013878 4
1762941403010 0.020012585446238518 5
1762941403020 0.018217239528894424 6
1762941403029 0.017593838274478912 7
1762941403031 0.01574126072227955 8
1762941403047 0.015525389462709427 9
1762941403047 0.01501388382166624 10
1762941403063 0.014795294962823391 11
1762941403063 0.015011386945843697 12
1762941403078 0.014828275889158249 13
1762941403078 0.014954634010791779 14
1762941403100 0.014900089241564274 15
1762941403109 0.01451103389263153 16
1762941403113 0.014201996847987175 17
1762941403113 0.014016823843121529 18
1762941403129 0.01393391564488411 19
1762941403144 0.01390985120087862 20
1762941403153 0.015041286125779152 21
1762941403156 0.014902693219482899 22
1762941403156 0.016009369865059853 23
1762941403172 0.014640024863183498 24
1762941403188 0.014633309096097946 25
1762941403188 0.015431021340191364 26
1762941403203 0.014995317906141281 27
1762941403203 0.01703466847538948 28
1762941403224 0.0159438643604517 29
1762941403233 0.01601606234908104 30
1762941403242 0.01622205600142479 31
1762941403251 0.016105711460113525 32
1762941403260 0.016698243096470833 33
1762941403268 0.01637854054570198 34
1762941403277 0.015619689598679543 35
1762941403286 0.015886154025793076 36
1762941403295 0.01679343357682228 37
1762941403297 0.016733909025788307 38
1762941403313 0.015919355675578117 39
1762941403322 0.015617252327501774 40
1762941403332 0.01465208362787962 41
1762941403341 0.015763752162456512 42
1762941403346 0.014918884262442589 43
1762941403346 0.014972939155995846 44
1762941403362 0.014825752936303616 45
1762941403362 0.01699903793632984 46
1762941403378 0.015913940966129303 47
1762941403393 0.017209118232131004 48
1762941403393 0.015590162016451359 49
1762941403412 0.015712611377239227 50
1762941403421 0.014453142881393433 51
1762941403430 0.01494546327739954 52
1762941403430 0.015034273266792297 53
1762941403445 0.01528832409530878 54
1762941403445 0.015709368512034416 55
1762941403461 0.014963448978960514 56
1762941403461 0.01422641146928072 57
1762941403483 0.01423072163015604 58
1762941403485 0.01667221263051033 59
1762941403500 0.015571142546832561 60
1762941403500 0.015147004276514053 61
1762941403516 0.015256447717547417 62
1762941403516 0.014186189509928226 63
1762941403532 0.014450516551733017 64
1762941403547 0.017176419496536255 65
1762941403547 0.016888683661818504 66
1762941403565 0.019423486664891243 67
1762941403574 0.018275612965226173 68
1762941403582 0.019168317317962646 69
1762941403591 0.018157783895730972 70
1762941403594 0.019007666036486626 71
1762941403594 0.02021165005862713 72
1762941403610 0.01994580775499344 73
1762941403628 0.019678184762597084 74
1762941403637 0.019270965829491615 75
1762941403646 0.01961914263665676 76
1762941403646 0.019378216937184334 77
1762941403662 0.019038600847125053 78
1762941403662 0.018450649455189705 79
1762941403678 0.0174636859446764 80
1762941403678 0.017642555758357048 81
1762941403699 0.01875358261168003 82
1762941403703 0.016352206468582153 83
1762941403703 0.018504159525036812 84
1762941403726 0.019623450934886932 85
1762941403735 0.01838403381407261 86
1762941403744 0.019402995705604553 87
1762941403746 0.019575001671910286 88
1762941403746 0.018652338534593582 89
1762941403762 0.019204983487725258 90
1762941403778 0.01909896545112133 91
1762941403778 0.019395949319005013 92
1762941403798 0.018434282392263412 93
1762941403807 0.01818319968879223 94
1762941403813 0.018731826916337013 95
1762941403813 0.01846460998058319 96
1762941403828 0.018577001988887787 97
1762941403828 0.017852630466222763 98
1762941403844 0.018148038536310196 99
1762941403860 0.017815101891756058 100
