1762941139450 0.25446459650993347 1
1762941139469 0.0638461634516716 2
1762941139472 0.037122584879398346 3
1762941139489 0.03224976360797882 4
1762941139498 0.029886465519666672 5
1762941139510 0.028428014367818832 6
1762941139519 0.027568308636546135 7
1762941139528 0.026850247755646706 8
1762941139533 0.026413526386022568 9
1762941139533 0.025701429694890976 10
1762941139549 0.02677041105926037 11
1762941139565 0.025468677282333374 12
1762941139565 0.025761490687727928 13
1762941139580 0.02491089142858982 14
1762941139580 0.024997523054480553 15
1762941139596 0.024401184171438217 16
1762941139596 0.023857977241277695 17
1762941139619 0.023669298738241196 18
1762941139628 0.023674845695495605 19
1762941139637 0.02338738739490509 20
1762941139643 0.02363365888595581 21
1762941139643 0.022618979215621948 22
1762941139659 0.02338097244501114 23
1762941139659 0.023310059681534767 24
1762941139675 0.023037128150463104 25
1762941139675 0.023369159549474716 26
1762941139690 0.02222795970737934 27
1762941139706 0.023074015974998474 28
1762941139706 0.022310175001621246 29
1762941139721 0.02240351401269436 30
1762941139721 0.02201516553759575 31
1762941139744 0.021902313455939293 32
1762941139752 0.021715683862566948 33
1762941139752 0.02188623510301113 34
1762941139768 0.021495871245861053 35
1762941139783 0.021909112110733986 36
1762941139783 0.021648641675710678 37
1762941139803 0.021432476118206978 38
1762941139812 0.021485168486833572 39
1762941139820 0.021382935345172882 40
1762941139829 0.021665304899215698 41
1762941139833 0.02159898914396763 42
1762941139833 0.021533185616135597 43
