1762941075017 1.0875259637832642 1
1762941075056 1.0489850044250488 2
1762941075080 0.9841935634613037 3
1762941075111 0.901445746421814 4
1762941075150 0.8117280006408691 5
1762941075175 0.7258362174034119 6
1762941075212 0.6392117142677307 7
1762941075228 0.5518688559532166 8
1762941075268 0.47342249751091003 9
1762941075300 0.4001787602901459 10
1762941075331 0.335189551115036 11
1762941075368 0.28467532992362976 12
1762941075393 0.24824702739715576 13
1762941075424 0.21958471834659576 14
1762941075463 0.19794513285160065 15
1762941075498 0.18383069336414337 16
1762941075528 0.17022718489170074 17
1762941075560 0.1612904816865921 18
1762941075591 0.1524415910243988 19
1762941075622 0.14666830003261566 20
1762941075653 0.14201603829860687 21
1762941075688 0.13758163154125214 22
1762941075718 0.1358141303062439 23
1762941075750 0.1351749449968338 24
1762941075781 0.13175003230571747 25
1762941075815 0.13185282051563263 26
1762941075846 0.13045626878738403 27
1762941075877 0.12955237925052643 28
1762941075912 0.12863200902938843 29
1762941075940 0.12856321036815643 30
1762941075971 0.1283217817544937 31
1762941076008 0.12752041220664978 32
1762941076034 0.12848009169101715 33
1762941076065 0.12723153829574585 34
1762941076097 0.12678129971027374 35
1762941076138 0.12711802124977112 36
1762941076163 0.12609630823135376 37
1762941076194 0.12555623054504395 38
1762941076225 0.12479662895202637 39
1762941076264 0.12568849325180054 40
1762941076296 0.1251106560230255 41
1762941076315 0.12489404529333115 42
1762941076360 0.12392419576644897 43
1762941076379 0.12385685741901398 44
1762941076411 0.1236800104379654 45
1762941076454 0.12390746176242828 46
1762941076487 0.12307634949684143 47
1762941076518 0.12316864728927612 48
1762941076549 0.12370046228170395 49
1762941076581 0.12302914261817932 50
1762941076612 0.12271776050329208 51
1762941076643 0.12334504723548889 52
1762941076679 0.12265876680612564 53
1762941076705 0.12256713956594467 54
1762941076736 0.12119374424219131 55
1762941076773 0.12162476778030396 56
1762941076799 0.1214175894856453 57
1762941076831 0.12101570516824722 58
1762941076862 0.12048588693141937 59
1762941076899 0.12046190351247787 60
1762941076924 0.12063714861869812 61
1762941076956 0.12067967653274536 62
1762941076987 0.12065576016902924 63
1762941077018 0.1201346293091774 64
1762941077049 0.12002032995223999 65
1762941077089 0.11968664824962616 66
1762941077121 0.11916603893041611 67
1762941077143 0.11977337300777435 68
1762941077174 0.1190996840596199 69
1762941077214 0.11919782310724258 70
1762941077236 0.11939834803342819 71
1762941077276 0.11863429844379425 72
1762941077314 0.11885249614715576 73
1762941077346 0.1184859424829483 74
1762941077362 0.11842049658298492 75
1762941077396 0.11733029782772064 76
1762941077428 0.11767546087503433 77
1762941077471 0.11756137013435364 78
1762941077502 0.11805777251720428 79
1762941077533 0.1175103560090065 80
1762941077565 0.11739205569028854 81
1762941077596 0.11746583133935928 82
1762941077627 0.1175864115357399 83
1762941077667 0.11681271344423294 84
1762941077698 0.11643294990062714 85
