1762941075017 1.85703444480896 1
1762941075060 1.728492021560669 2
1762941075080 1.5312442779541016 3
1762941075111 1.2803150415420532 4
1762941075154 1.0357842445373535 5
1762941075175 0.834148108959198 6
1762941075213 0.6447466015815735 7
1762941075247 0.48166602849960327 8
1762941075268 0.35625869035720825 9
1762941075300 0.25512951612472534 10
1762941075331 0.178690105676651 11
1762941075373 0.12949545681476593 12
1762941075393 0.09754252433776855 13
1762941075424 0.07665969431400299 14
1762941075463 0.06213332712650299 15
1762941075502 0.05370643362402916 16
1762941075528 0.046530213207006454 17
1762941075560 0.04158319532871246 18
1762941075591 0.03743899613618851 19
1762941075622 0.03495396673679352 20
1762941075653 0.032740868628025055 21
1762941075692 0.03107190504670143 22
1762941075723 0.03061157837510109 23
1762941075754 0.030458390712738037 24
1762941075787 0.02886490896344185 25
1762941075820 0.029140660539269447 26
1762941075846 0.028799235820770264 27
1762941075877 0.028122564777731895 28
1762941075916 0.027933768928050995 29
1762941075940 0.027811989188194275 30
1762941075971 0.02802123688161373 31
1762941076012 0.027526339516043663 32
1762941076034 0.027865024283528328 33
1762941076065 0.027530131861567497 34
1762941076097 0.027296001091599464 35
1762941076143 0.027470029890537262 36
1762941076163 0.027162956073880196 37
1762941076194 0.02689986862242222 38
1762941076225 0.026641670614480972 39
1762941076269 0.02706480212509632 40
1762941076299 0.026912076398730278 41
1762941076331 0.02663794532418251 42
1762941076364 0.02637573331594467 43
1762941076395 0.02650810033082962 44
1762941076426 0.0264310073107481 45
1762941076459 0.026421431452035904 46
1762941076487 0.0261484757065773 47
1762941076518 0.026168201118707657 48
1762941076549 0.026351746171712875 49
1762941076581 0.026253318414092064 50
1762941076612 0.026312734931707382 51
1762941076643 0.02640019915997982 52
1762941076683 0.026120228692889214 53
1762941076705 0.026225019246339798 54
1762941076736 0.02558787912130356 55
1762941076777 0.02585328184068203 56
1762941076799 0.025783605873584747 57
1762941076831 0.02559799514710903 58
1762941076862 0.025667771697044373 59
1762941076904 0.025643039494752884 60
1762941076924 0.025526322424411774 61
1762941076956 0.02574787847697735 62
1762941076987 0.02565869502723217 63
1762941077018 0.02550967037677765 64
1762941077049 0.02560543455183506 65
1762941077094 0.025412993505597115 66
1762941077125 0.02535848133265972 67
1762941077143 0.025246284902095795 68
1762941077174 0.025409240275621414 69
1762941077218 0.025291064754128456 70
1762941077236 0.025245072320103645 71
1762941077280 0.025178493931889534 72
1762941077318 0.025125643238425255 73
1762941077346 0.02509773150086403 74
1762941077382 0.025132451206445694 75
1762941077412 0.02494184486567974 76
1762941077445 0.024955034255981445 77
1762941077471 0.024989135563373566 78
1762941077502 0.024986589327454567 79
1762941077533 0.024895377457141876 80
1762941077565 0.024995997548103333 81
1762941077596 0.02491774410009384 82
1762941077627 0.02500312589108944 83
1762941077671 0.024751883000135422 84
1762941077703 0.024731211364269257 85
