1762275359478 0.04112178087234497 1
1762275359501 0.012595945969223976 2
1762275359501 0.009032003581523895 3
1762275359518 0.007572419475764036 4
1762275359525 0.006843493320047855 5
1762275359534 0.006536778993904591 6
1762275359540 0.006379982922226191 7
1762275359546 0.006280701141804457 8
1762275359546 0.006233103573322296 9
1762275359566 0.006222600117325783 10
1762275359574 0.006166714243590832 11
1762275359582 0.006154404953122139 12
1762275359589 0.00614189961925149 13
1762275359595 0.006137134041637182 14
1762275359595 0.006121116690337658 15
1762275359611 0.006101278122514486 16
1762275359611 0.006101763341575861 17
1762275359626 0.006096399389207363 18
1762275359626 0.006098999176174402 19
1762275359646 0.006107279099524021 20
1762275359653 0.006075808312743902 21
1762275359661 0.006084531079977751 22
1762275359669 0.006064980756491423 23
1762275359677 0.006052408833056688 24
1762275359685 0.006060949992388487 25
1762275359692 0.006061076652258635 26
1762275359700 0.006057561840862036 27
1762275359708 0.006064590532332659 28
1762275359711 0.006040932610630989 29
1762275359711 0.006048580631613731 30
1762275359727 0.006048392504453659 31
1762275359727 0.006034472957253456 32
1762275359742 0.006030010990798473 33
1762275359758 0.0060515995137393475 34
1762275359773 0.006022660993039608 35
1762275359781 0.006046338938176632 36
1762275359789 0.00600590743124485 37
1762275359797 0.006006447598338127 38
1762275359805 0.005989531986415386 39
1762275359813 0.00598748167976737 40
1762275359821 0.005948033183813095 41
1762275359829 0.006013340782374144 42
1762275359837 0.0059799207374453545 43
1762275359844 0.005971806589514017 44
1762275359852 0.005952667444944382 45
1762275359852 0.005966580472886562 46
1762275359852 0.005966126453131437 47
1762275359875 0.0059777856804430485 48
1762275359882 0.005946723278611898 49
1762275359890 0.005943503230810165 50
1762275359898 0.005938448943197727 51
1762275359898 0.005923745222389698 52
1762275359898 0.005953384097665548 53
1762275359913 0.0059369890950620174 54
1762275359913 0.005922576412558556 55
1762275359929 0.005917150527238846 56
1762275359929 0.00590692600235343 57
1762275359945 0.005918978713452816 58
1762275359945 0.005907086655497551 59
1762275359960 0.005889047868549824 60
1762275359960 0.005893819499760866 61
1762275359976 0.005887071136385202 62
1762275359976 0.005884245038032532 63
1762275359997 0.005881928373128176 64
1762275360004 0.005876794457435608 65
1762275360011 0.005870447959750891 66
1762275360011 0.005882387515157461 67
1762275360027 0.005868035834282637 68
1762275360027 0.005851768422871828 69
1762275360045 0.0058736652135849 70
