1762275592512 0.03739773854613304 1
1762275592523 0.012651766650378704 2
1762275592526 0.010031432844698429 3
1762275592540 0.008486955426633358 4
1762275592542 0.00751354917883873 5
1762275592559 0.006808851845562458 6
1762275592568 0.006395513191819191 7
1762275592570 0.006092580035328865 8
1762275592570 0.005925090983510017 9
1762275592592 0.005771537311375141 10
1762275592600 0.005674452055245638 11
1762275592608 0.005589873529970646 12
1762275592616 0.005552223417907953 13
1762275592623 0.0054784356616437435 14
1762275592631 0.0054566035978496075 15
1762275592632 0.005451875738799572 16
1762275592632 0.005455775186419487 17
1762275592655 0.00542317284271121 18
1762275592663 0.00538847129791975 19
1762275592671 0.005361373070627451 20
1762275592678 0.005301479250192642 21
1762275592684 0.005300865508615971 22
1762275592684 0.005301129072904587 23
1762275592700 0.005253592040389776 24
1762275592700 0.005203773733228445 25
1762275592716 0.005178910214453936 26
1762275592716 0.005117211956530809 27
1762275592731 0.005091393366456032 28
1762275592739 0.005058247596025467 29
1762275592741 0.0049946545623242855 30
1762275592741 0.00505345594137907 31
1762275592757 0.004997424781322479 32
1762275592771 0.004932963754981756 33
1762275592779 0.00485130213201046 34
1762275592786 0.004828549921512604 35
1762275592794 0.004825618118047714 36
1762275592802 0.00482151797041297 37
1762275592802 0.004768827930092812 38
1762275592802 0.004729783162474632 39
1762275592818 0.004731866531074047 40
1762275592818 0.004693176131695509 41
1762275592833 0.004644306376576424 42
1762275592833 0.00458952970802784 43
1762275592855 0.004600062500685453 44
1762275592863 0.004531291779130697 45
1762275592872 0.004550048150122166 46
1762275592879 0.0044691357761621475 47
1762275592887 0.004485619254410267 48
1762275592894 0.004411644767969847 49
1762275592902 0.0043821437284350395 50
1762275592910 0.004372121766209602 51
1762275592918 0.004297057632356882 52
1762275592925 0.004348652437329292 53
1762275592933 0.004282103851437569 54
1762275592941 0.004272768273949623 55
1762275592949 0.004199995659291744 56
1762275592956 0.004238322842866182 57
1762275592965 0.004269597586244345 58
1762275592973 0.004125402774661779 59
1762275592980 0.004069275222718716 60
1762275592988 0.004034176003187895 61
1762275592995 0.004043051972985268 62
1762275593003 0.003998917993158102 63
1762275593006 0.003971882630139589 64
1762275593006 0.003961032722145319 65
1762275593022 0.003979092929512262 66
1762275593022 0.003883637022227049 67
1762275593038 0.0038787079975008965 68
1762275593038 0.003829733468592167 69
1762275593059 0.003797240788117051 70
1762275593066 0.003843404585495591 71
1762275593068 0.0038072888273745775 72
1762275593068 0.0037722010165452957 73
1762275593084 0.003680410562083125 74
1762275593084 0.0036967950873076916 75
1762275593105 0.0037011713720858097 76
1762275593113 0.003668404184281826 77
1762275593115 0.003623319324105978 78
1762275593115 0.00364791601896286 79
1762275593131 0.0036405015271157026 80
1762275593131 0.0035948781296610832 81
1762275593146 0.0036150487139821053 82
1762275593146 0.0035243609454482794 83
1762275593162 0.003518852172419429 84
1762275593162 0.0034545643720775843 85
1762275593181 0.0035063535906374454 86
1762275593189 0.003434297163039446 87
1762275593196 0.0034314775839447975 88
1762275593204 0.0033552641980350018 89
1762275593211 0.0033265205565840006 90
1762275593219 0.0033571994863450527 91
1762275593225 0.0033117348793894053 92
1762275593225 0.003306349040940404 93
1762275593240 0.0032510487362742424 94
1762275593240 0.003279806114733219 95
1762275593256 0.0032143546268343925 96
1762275593264 0.0031720385886728764 97
1762275593272 0.003146604634821415 98
1762275593280 0.0031624215189367533 99
1762275593288 0.0031065382063388824 100
