1762940615473 9.999999747378752e-06 1
1762940615507 5.949999831500463e-05 2
1762940615541 0.00010900000052060932 3
1762940615572 0.0001584999990882352 4
1762940615589 0.00020799999765586108 5
1762940615620 0.0002575000107754022 6
1762940615667 0.00030700000934302807 7
1762940615694 0.00035650000791065395 8
1762940615725 0.00040600000647827983 9
1762940615756 0.0004555000050459057 10
1762940615792 0.0005050000036135316 11
1762940615818 0.000554499973077327 12
1762940615849 0.0006040000007487833 13
1762940615886 0.0006535000284202397 14
1762940615905 0.0007029999978840351 15
1762940615936 0.0007525000255554914 16
1762940615982 0.0008019999950192869 17
1762940616005 0.0008515000226907432 18
1762940616036 0.0009009999921545386 19
1762940616076 0.000950500019825995 20
1762940616108 0.0010000000474974513 21
1762940616130 0.0009996530134230852 22
1762940616162 0.0009986128425225616 23
1762940616201 0.0009968808153644204 24
1762940616221 0.0009944597259163857 25
1762940616268 0.0009913534158840775 26
1762940616289 0.0009875664254650474 27
1762940616331 0.00098310480825603 28
1762940616350 0.0009779754327610135 29
1762940616381 0.00097218609880656 30
