1762940711794 0.155757337808609 1
1762940711810 0.05054100975394249 2
1762940711817 0.03624529764056206 3
1762940711829 0.029179923236370087 4
1762940711829 0.02807781659066677 5
1762940711849 0.02641940861940384 6
1762940711858 0.0246474239975214 7
1762940711867 0.024531256407499313 8
1762940711877 0.024189753457903862 9
1762940711878 0.02322489395737648 10
1762940711894 0.023349445313215256 11
1762940711894 0.022838197648525238 12
1762940711909 0.02274336665868759 13
1762940711909 0.02192484587430954 14
1762940711929 0.021894752979278564 15
1762940711938 0.022041523829102516 16
1762940711942 0.02163836546242237 17
1762940711942 0.022104376927018166 18
1762940711958 0.02194606512784958 19
1762940711974 0.021549906581640244 20
1762940711974 0.021416906267404556 21
1762940711989 0.02112886682152748 22
1762940711989 0.021208062767982483 23
1762940712005 0.020910494029521942 24
1762940712005 0.021018676459789276 25
1762940712028 0.020721599459648132 26
1762940712037 0.02060646563768387 27
1762940712046 0.02075156755745411 28
1762940712054 0.020585142076015472 29
1762940712064 0.020570429041981697 30
1762940712072 0.0203549787402153 31
1762940712077 0.02020028419792652 32
1762940712077 0.020350005477666855 33
1762940712093 0.020288342610001564 34
1762940712093 0.02011558786034584 35
1762940712117 0.01997538097202778 36
1762940712126 0.02033812925219536 37
1762940712135 0.020100120455026627 38
1762940712144 0.020386913791298866 39
1762940712152 0.019835567101836205 40
1762940712161 0.019879641011357307 41
1762940712161 0.019985171034932137 42
1762940712179 0.019850129261612892 43
1762940712188 0.01980656571686268 44
1762940712196 0.019830718636512756 45
1762940712205 0.01990111730992794 46
1762940712213 0.019817152991890907 47
1762940712213 0.019835513085126877 48
1762940712229 0.019684461876749992 49
1762940712229 0.019640246406197548 50
1762940712244 0.019611520692706108 51
1762940712244 0.01962588168680668 52
1762940712268 0.019703220576047897 53
1762940712271 0.019306324422359467 54
1762940712271 0.019923945888876915 55
1762940712287 0.01955927535891533 56
1762940712302 0.01943919248878956 57
1762940712302 0.01942247338593006 58
1762940712318 0.019534705206751823 59
1762940712318 0.019442079588770866 60
1762940712333 0.01956266351044178 61
1762940712349 0.019412465393543243 62
1762940712358 0.019471008330583572 63
1762940712368 0.019567951560020447 64
1762940712377 0.01961621269583702 65
1762940712386 0.019888082519173622 66
1762940712394 0.01944858394563198 67
1762940712394 0.01950797811150551 68
1762940712410 0.019479304552078247 69
1762940712410 0.019387686625123024 70
1762940712425 0.019444825127720833 71
1762940712441 0.01953255385160446 72
1762940712441 0.019201895222067833 73
1762940712457 0.01938577927649021 74
1762940712457 0.019368961453437805 75
1762940712472 0.019373370334506035 76
1762940712472 0.019487746059894562 77
1762940712488 0.019520483911037445 78
1762940712504 0.019251348450779915 79
1762940712504 0.01899181492626667 80
1762940712519 0.01925940252840519 81
1762940712519 0.01898849941790104 82
1762940712535 0.01939968764781952 83
1762940712535 0.01945476420223713 84
1762940712550 0.019182084128260612 85
1762940712566 0.019551251083612442 86
1762940712566 0.01933460310101509 87
1762940712582 0.019119029864668846 88
1762940712582 0.01948973722755909 89
1762940712602 0.019884420558810234 90
1762940712611 0.019536562263965607 91
1762940712615 0.019825752824544907 92
1762940712630 0.019322583451867104 93
1762940712630 0.01952972635626793 94
1762940712646 0.019381357356905937 95
1762940712646 0.019877905026078224 96
1762940712661 0.019827377051115036 97
1762940712661 0.019926702603697777 98
1762940712683 0.01989547163248062 99
1762940712691 0.019870899617671967 100
