1762940956638 0.08159886300563812 1
1762940956659 0.03693295642733574 2
1762940956682 0.03151801601052284 3
1762940956696 0.026955585926771164 4
1762940956705 0.022955216467380524 5
1762940956715 0.02048639953136444 6
1762940956724 0.018457641825079918 7
1762940956733 0.017370697110891342 8
1762940956738 0.01771429181098938 9
1762940956738 0.015946900472044945 10
1762940956753 0.015481204725801945 11
1762940956753 0.014833611436188221 12
1762940956769 0.014166266657412052 13
1762940956785 0.013797922059893608 14
1762940956794 0.014065869152545929 15
1762940956803 0.013406764715909958 16
1762940956807 0.01376546174287796 17
1762940956807 0.012710655108094215 18
1762940956829 0.013132687658071518 19
1762940956839 0.012535047717392445 20
1762940956848 0.012674892321228981 21
1762940956857 0.013152685947716236 22
1762940956857 0.012892946600914001 23
1762940956872 0.012585417367517948 24
1762940956872 0.012541293166577816 25
1762940956888 0.012333493679761887 26
1762940956888 0.012563063763082027 27
1762940956903 0.012204885482788086 28
1762940956903 0.012026182375848293 29
1762940956919 0.012110293842852116 30
1762940956935 0.012092245742678642 31
1762940956935 0.012076690793037415 32
1762940956950 0.01183253899216652 33
1762940956950 0.012480344623327255 34
1762940956966 0.011643366888165474 35
1762940956966 0.011204983107745647 36
1762940956982 0.011766567826271057 37
1762940956982 0.011896803043782711 38
1762940956997 0.011385170742869377 39
1762940957013 0.011958188377320766 40
1762940957013 0.011745664291083813 41
1762940957028 0.011506318114697933 42
1762940957028 0.011188048869371414 43
1762940957044 0.011884033679962158 44
1762940957044 0.011530998162925243 45
1762940957060 0.01162220910191536 46
1762940957060 0.011695535853505135 47
1762940957075 0.011343825608491898 48
1762940957091 0.011854817159473896 49
1762940957100 0.011517333798110485 50
1762940957110 0.011286369524896145 51
1762940957119 0.011212504468858242 52
1762940957123 0.011240119114518166 53
1762940957123 0.011040604673326015 54
1762940957146 0.011269092559814453 55
1762940957155 0.010994936339557171 56
1762940957164 0.010657268576323986 57
1762940957173 0.010615854524075985 58
1762940957173 0.010483553633093834 59
1762940957191 0.010213103145360947 60
1762940957200 0.010464115999639034 61
1762940957211 0.010762922465801239 62
1762940957220 0.010561637580394745 63
1762940957223 0.01017065905034542 64
1762940957223 0.009895458817481995 65
1762940957239 0.009711873717606068 66
1762940957255 0.009562221355736256 67
1762940957255 0.009438111446797848 68
1762940957270 0.009459290653467178 69
1762940957270 0.009056784212589264 70
1762940957286 0.008868451230227947 71
1762940957286 0.008895385079085827 72
1762940957301 0.00883622094988823 73
1762940957301 0.008512573316693306 74
1762940957317 0.008511255495250225 75
1762940957333 0.008371041156351566 76
1762940957333 0.008482271805405617 77
1762940957348 0.008222672156989574 78
1762940957348 0.008291630074381828 79
1762940957368 0.008404994383454323 80
1762940957377 0.008116299286484718 81
1762940957378 0.008296284824609756 82
1762940957395 0.008148250170052052 83
1762940957405 0.008092048577964306 84
1762940957414 0.00797831267118454 85
1762940957423 0.00810011476278305 86
1762940957423 0.007825174368917942 87
1762940957439 0.008059038780629635 88
1762940957439 0.007946942932903767 89
1762940957460 0.007621500175446272 90
1762940957470 0.007669919170439243 91
1762940957479 0.007683440577238798 92
1762940957488 0.007414763327687979 93
1762940957489 0.007480569649487734 94
1762940957504 0.007382556796073914 95
1762940957504 0.0070822215639054775 96
1762940957520 0.007249592803418636 97
1762940957520 0.007208964321762323 98
1762940957536 0.007187198847532272 99
1762940957536 0.006956008262932301 100
