1762940615443 0.747874915599823 1
1762940615479 0.6641138792037964 2
1762940615507 0.5652360320091248 3
1762940615545 0.4840518534183502 4
1762940615577 0.42348238825798035 5
1762940615605 0.3637768030166626 6
1762940615636 0.311798632144928 7
1762940615671 0.26746904850006104 8
1762940615694 0.23246453702449799 9
1762940615725 0.20790702104568481 10
1762940615756 0.18628914654254913 11
1762940615797 0.17189143598079681 12
1762940615818 0.16373278200626373 13
1762940615849 0.15524891018867493 14
1762940615889 0.14857207238674164 15
1762940615920 0.14409247040748596 16
1762940615952 0.13982628285884857 17
1762940615986 0.13754591345787048 18
1762940616005 0.13290272653102875 19
1762940616036 0.13138718903064728 20
1762940616081 0.13008664548397064 21
1762940616112 0.12795409560203552 22
1762940616130 0.12652581930160522 23
1762940616162 0.12642976641654968 24
1762940616206 0.12471602112054825 25
1762940616221 0.12349852174520493 26
1762940616273 0.12354270368814468 27
1762940616289 0.12262193858623505 28
1762940616334 0.1228104829788208 29
1762940616365 0.12114698439836502 30
