1762940615446 0.8728669285774231 1
1762940615488 0.6994621157646179 2
1762940615523 0.5065169930458069 3
1762940615554 0.3750218451023102 4
1762940615586 0.28571969270706177 5
1762940615605 0.21085192263126373 6
1762940615636 0.15525272488594055 7
1762940615681 0.11401673406362534 8
1762940615710 0.08639057725667953 9
1762940615741 0.06903647631406784 10
1762940615772 0.05546595901250839 11
1762940615802 0.047177672386169434 12
1762940615833 0.04320554807782173 13
1762940615868 0.0388924703001976 14
1762940615889 0.03607938438653946 15
1762940615920 0.033884525299072266 16
1762940615952 0.03222920000553131 17
1762940615989 0.03152325004339218 18
1762940616020 0.029713107272982597 19
1762940616052 0.029243264347314835 20
1762940616089 0.028714874759316444 21
1762940616115 0.02835613675415516 22
1762940616146 0.027506574988365173 23
1762940616183 0.027496501803398132 24
1762940616206 0.027134161442518234 25
1762940616237 0.026756269857287407 26
1762940616282 0.026545684784650803 27
1762940616313 0.026400767266750336 28
1762940616334 0.026448547840118408 29
1762940616365 0.025970719754695892 30
