1762945475933 0.10818950086832047 1
1762945475942 0.041980911046266556 2
1762945475942 0.02725282683968544 3
1762945475957 0.02458621934056282 4
1762945475974 0.01908641867339611 5
1762945475985 0.019235244020819664 6
1762945475995 0.017353350296616554 7
1762945476004 0.017259864136576653 8
1762945476014 0.01597251184284687 9
1762945476024 0.015170617960393429 10
1762945476034 0.015497582033276558 11
1762945476040 0.014782757498323917 12
1762945476040 0.014927261509001255 13
1762945476057 0.014484109356999397 14
1762945476057 0.01426612213253975 15
1762945476082 0.014103499241173267 16
1762945476090 0.013872256502509117 17
1762945476099 0.01364503987133503 18
1762945476106 0.013089279644191265 19
1762945476106 0.013268363662064075 20
1762945476122 0.012829254381358624 21
1762945476122 0.013511143624782562 22
1762945476137 0.013524424284696579 23
1762945476153 0.0133865000680089 24
1762945476153 0.01277704443782568 25
1762945476173 0.01303104031831026 26
1762945476173 0.012988120317459106 27
1762945476189 0.012995714321732521 28
1762945476189 0.013139963150024414 29
1762945476206 0.013676498085260391 30
1762945476206 0.014051301404833794 31
1762945476232 0.014176523312926292 32
1762945476243 0.013971829786896706 33
1762945476252 0.013803660869598389 34
1762945476258 0.014531299471855164 35
1762945476258 0.015506766736507416 36
1762945476278 0.015721390023827553 37
1762945476290 0.01529325358569622 38
1762945476299 0.015286745503544807 39
1762945476309 0.01577899605035782 40
1762945476319 0.016193237155675888 41
1762945476328 0.015410770662128925 42
1762945476337 0.01533051859587431 43
1762945476346 0.015408962965011597 44
1762945476357 0.01566150225698948 45
1762945476358 0.01729404553771019 46
1762945476377 0.017210889607667923 47
1762945476385 0.016383877024054527 48
1762945476396 0.01686146669089794 49
1762945476406 0.016823403537273407 50
1762945476415 0.016753947362303734 51
1762945476429 0.016832316294312477 52
1762945476439 0.016744809225201607 53
1762945476448 0.01638691872358322 54
1762945476456 0.016421284526586533 55
1762945476456 0.016191639006137848 56
1762945476474 0.016310149803757668 57
1762945476485 0.016630452126264572 58
1762945476494 0.017935292795300484 59
1762945476503 0.01818859577178955 60
1762945476506 0.018513474613428116 61
1762945476522 0.01895957440137863 62
1762945476534 0.01835794374346733 63
1762945476542 0.017327649518847466 64
1762945476551 0.01715347357094288 65
1762945476556 0.017513923346996307 66
1762945476556 0.0177236907184124 67
1762945476572 0.018889443948864937 68
1762945476587 0.01929723657667637 69
1762945476587 0.01982727274298668 70
1762945476603 0.01997149921953678 71
1762945476603 0.02165614627301693 72
1762945476623 0.021040426567196846 73
1762945476632 0.020389629527926445 74
1762945476641 0.019486192613840103 75
1762945476650 0.018374213948845863 76
1762945476656 0.018819110468029976 77
1762945476656 0.020950498059391975 78
1762945476672 0.02262352779507637 79
1762945476672 0.021685931831598282 80
1762945476687 0.021251298487186432 81
1762945476687 0.02087734267115593 82
1762945476703 0.020890934392809868 83
