1762945303446 0.29480767250061035 1
1762945303449 0.08605653047561646 2
1762945303466 0.05303550511598587 3
1762945303475 0.04408303648233414 4
1762945303488 0.041075993329286575 5
1762945303498 0.03958697244524956 6
1762945303513 0.0394141785800457 7
1762945303513 0.03778162598609924 8
1762945303529 0.036774735897779465 9
1762945303529 0.036744289100170135 10
1762945303545 0.037605058401823044 11
1762945303545 0.03522118553519249 12
1762945303560 0.036152321845293045 13
1762945303576 0.035273753106594086 14
1762945303576 0.03609181195497513 15
1762945303591 0.03466947749257088 16
1762945303591 0.033975981175899506 17
1762945303607 0.0340157188475132 18
1762945303607 0.03306407853960991 19
1762945303631 0.033711276948451996 20
1762945303640 0.034291964024305344 21
1762945303649 0.03371625393629074 22
1762945303658 0.032425351440906525 23
1762945303664 0.03248751163482666 24
1762945303664 0.03264373540878296 25
1762945303679 0.03339727967977524 26
1762945303679 0.03179291635751724 27
1762945303703 0.032938551157712936 28
1762945303712 0.034094665199518204 29
1762945303714 0.03203059732913971 30
1762945303729 0.031907957047224045 31
1762945303739 0.0324932262301445 32
1762945303740 0.03273873031139374 33
1762945303756 0.03300764039158821 34
1762945303768 0.032436951994895935 35
1762945303777 0.03257444128394127 36
1762945303786 0.03202968090772629 37
1762945303796 0.03221262991428375 38
1762945303805 0.032893236726522446 39
1762945303813 0.03196354955434799 40
1762945303814 0.032551538199186325 41
1762945303829 0.03216585889458656 42
1762945303829 0.032660871744155884 43
1762945303845 0.03170637786388397 44
1762945303845 0.03184644132852554 45
1762945303861 0.03129376098513603 46
1762945303861 0.03015013039112091 47
1762945303876 0.031518176198005676 48
1762945303892 0.031472813338041306 49
1762945303892 0.029940646141767502 50
1762945303908 0.030150435864925385 51
1762945303908 0.03051953762769699 52
1762945303929 0.029923656955361366 53
1762945303938 0.029535003006458282 54
1762945303948 0.030047260224819183 55
1762945303957 0.029402071610093117 56
1762945303958 0.028918050229549408 57
1762945303973 0.029163872823119164 58
1762945303973 0.029184812679886818 59
1762945303989 0.028961824253201485 60
1762945304010 0.029007993638515472 61
1762945304021 0.028106776997447014 62
1762945304030 0.027557892724871635 63
1762945304039 0.027560601010918617 64
1762945304048 0.027848532423377037 65
1762945304057 0.02734951861202717 66
1762945304066 0.027552392333745956 67
1762945304067 0.02692568115890026 68
1762945304084 0.026522411033511162 69
1762945304093 0.026591602712869644 70
1762945304101 0.025821400806307793 71
1762945304110 0.0268431156873703 72
1762945304114 0.025868326425552368 73
1762945304114 0.026683663949370384 74
1762945304138 0.025664998218417168 75
1762945304147 0.027191979810595512 76
1762945304148 0.0256977342069149 77
1762945304166 0.026701411232352257 78
1762945304175 0.02562166377902031 79
1762945304184 0.026244837790727615 80
1762945304193 0.02581905759871006 81
1762945304198 0.025676971301436424 82
1762945304198 0.02544979192316532 83
1762945304213 0.026043089106678963 84
1762945304213 0.025600269436836243 85
1762945304229 0.025646772235631943 86
1762945304245 0.025467947125434875 87
1762945304245 0.025889720767736435 88
1762945304266 0.024988872930407524 89
1762945304275 0.025866404175758362 90
1762945304284 0.02530132606625557 91
1762945304293 0.025250455364584923 92
1762945304298 0.02483154833316803 93
1762945304298 0.02492782101035118 94
1762945304320 0.025567349046468735 95
1762945304329 0.02546018920838833 96
1762945304338 0.02538882941007614 97
1762945304347 0.02470778301358223 98
1762945304347 0.024961907416582108 99
1762945304363 0.024442752823233604 100
