1762945198275 1.051566481590271 1
1762945198309 1.007858395576477 2
1762945198357 0.9519753456115723 3
1762945198376 0.8705725073814392 4
1762945198425 0.7964457273483276 5
1762945198442 0.7114464640617371 6
1762945198473 0.6393135190010071 7
1762945198504 0.5713781714439392 8
1762945198535 0.49899739027023315 9
1762945198568 0.43478935956954956 10
1762945198600 0.3758670687675476 11
1762945198631 0.3248692452907562 12
1762945198674 0.27989017963409424 13
1762945198706 0.2446630299091339 14
1762945198738 0.21556930243968964 15
1762945198759 0.1948380023241043 16
1762945198787 0.1778697669506073 17
1762945198834 0.16390207409858704 18
