1762945198292 1.7726452350616455 1
1762945198326 1.6260945796966553 2
1762945198362 1.4396084547042847 3
1762945198391 1.2030518054962158 4
1762945198429 1.0083813667297363 5
1762945198457 0.8090978860855103 6
1762945198489 0.6469701528549194 7
1762945198520 0.5183635354042053 8
1762945198554 0.39679333567619324 9
1762945198584 0.30269038677215576 10
1762945198615 0.22562339901924133 11
1762945198646 0.17007635533809662 12
1762945198679 0.12464746087789536 13
1762945198710 0.09639133512973785 14
1762945198742 0.07440494745969772 15
1762945198759 0.06093504652380943 16
1762945198803 0.05042662471532822 17
1762945198834 0.04286813735961914 18
