1762179288951 0.07663458585739136 1
1762179288960 0.025933703407645226 2
1762179288968 0.020997794345021248 3
1762179288975 0.01955040730535984 4
1762179288983 0.019476713612675667 5
1762179288991 0.019003307446837425 6
1762179288998 0.0187758207321167 7
1762179288998 0.018604589626193047 8
1762179288998 0.0184488482773304 9
1762179289014 0.01837950199842453 10
1762179289014 0.01835259236395359 11
1762179289035 0.017665933817625046 12
1762179289042 0.017566321417689323 13
1762179289051 0.01754181645810604 14
1762179289057 0.017244787886738777 15
1762179289064 0.017148829996585846 16
1762179289064 0.01691572740674019 17
1762179289064 0.016925813630223274 18
1762179289081 0.016926588490605354 19
1762179289081 0.01692363992333412 20
1762179289097 0.016699807718396187 21
1762179289097 0.016284212470054626 22
1762179289114 0.016566628590226173 23
1762179289121 0.01638699695467949 24
1762179289121 0.01635192707180977 25
1762179289131 0.0164593867957592 26
1762179289131 0.016235457733273506 27
1762179289147 0.016074679791927338 28
1762179289147 0.01621866784989834 29
1762179289147 0.016168862581253052 30
1762179289164 0.016112927347421646 31
1762179289164 0.01599615253508091 32
1762179289181 0.01607106253504753 33
1762179289181 0.01584501564502716 34
1762179289197 0.015953192487359047 35
1762179289197 0.01601848378777504 36
1762179289197 0.015730952844023705 37
1762179289214 0.015711577609181404 38
1762179289214 0.0156092569231987 39
1762179289231 0.01578468456864357 40
1762179289231 0.01573578268289566 41
1762179289247 0.015570380724966526 42
1762179289254 0.015633881092071533 43
1762179289261 0.015603749081492424 44
1762179289269 0.015660639852285385 45
1762179289276 0.015632137656211853 46
1762179289289 0.015572665259242058 47
1762179289308 0.015552723780274391 48
1762179289315 0.015362896956503391 49
1762179289323 0.015488354489207268 50
1762179289330 0.015369013883173466 51
1762179289338 0.015222597867250443 52
1762179289345 0.01551042404025793 53
1762179289353 0.015418878756463528 54
1762179289360 0.015419059433043003 55
1762179289367 0.015293659642338753 56
1762179289374 0.015294861048460007 57
1762179289381 0.01542393397539854 58
1762179289388 0.015388727188110352 59
1762179289395 0.015500294044613838 60
1762179289402 0.015311296097934246 61
1762179289409 0.015263482928276062 62
1762179289416 0.015236668288707733 63
1762179289423 0.015307101421058178 64
1762179289429 0.015259022824466228 65
1762179289436 0.015208146534860134 66
1762179289443 0.015165013261139393 67
1762179289451 0.015071223489940166 68
1762179289458 0.015168705023825169 69
1762179289466 0.015201409347355366 70
1762179289473 0.014983930625021458 71
1762179289479 0.0150611512362957 72
1762179289486 0.015114141628146172 73
1762179289493 0.015066297724843025 74
1762179289498 0.01495532225817442 75
1762179289498 0.01492543239146471 76
1762179289513 0.014964948408305645 77
1762179289513 0.015031113289296627 78
1762179289513 0.014853389002382755 79
1762179289533 0.014799670316278934 80
1762179289540 0.014906425960361958 81
1762179289541 0.014963270165026188 82
1762179289541 0.014764329418540001 83
1762179289557 0.014919227920472622 84
1762179289557 0.014974898658692837 85
1762179289572 0.014713008888065815 86
1762179289572 0.014762194827198982 87
1762179289572 0.01470315270125866 88
1762179289593 0.014789286069571972 89
1762179289600 0.01463358011096716 90
1762179289603 0.014788014814257622 91
1762179289603 0.014729205518960953 92
1762179289619 0.014730238355696201 93
1762179289619 0.01469357218593359 94
1762179289619 0.014847368001937866 95
1762179289639 0.014594005420804024 96
1762179289646 0.014721445739269257 97
1762179289651 0.014600414782762527 98
1762179289651 0.014509006403386593 99
1762179289651 0.014562433585524559 100
