1762882461268 9.999999747378752e-05 1
1762882461308 0.0005949999904260039 2
1762882461337 0.0010900000343099236 3
1762882461362 0.0015849999617785215 4
1762882461398 0.0020800000056624413 5
1762882461421 0.002575000049546361 6
1762882461454 0.0030700000934302807 7
1762882461477 0.0035649999044835567 8
1762882461509 0.00406000018119812 9
1762882461539 0.004554999992251396 10
1762882461570 0.005049999803304672 11
1762882461595 0.005545000080019236 12
1762882461610 0.006039999891072512 13
1762882461641 0.006535000167787075 14
1762882461684 0.007029999978840351 15
1762882461715 0.007524999789893627 16
1762882461729 0.008019999600946903 17
1762882461772 0.008515000343322754 18
1762882461795 0.00901000015437603 19
1762882461826 0.009504999965429306 20
1762882461858 0.009999999776482582 21
1762882461873 0.00999653059989214 22
1762882461904 0.009986127726733685 23
1762882461942 0.00996880792081356 24
1762882461968 0.009944597259163857 25
1762882461983 0.009913533926010132 26
1762882462015 0.009875664487481117 27
1762882462055 0.009831048548221588 28
1762882462086 0.009779754094779491 29
1762882462114 0.009721861220896244 30
