1762882461245 0.18640106916427612 1
1762882461280 0.11416148394346237 2
1762882461312 0.09938766062259674 3
1762882461341 0.09317940473556519 4
1762882461362 0.0901847779750824 5
1762882461402 0.088163360953331 6
1762882461421 0.08682391792535782 7
1762882461458 0.08551649749279022 8
1762882461477 0.08514591306447983 9
1762882461509 0.08402999490499496 10
1762882461545 0.08350957185029984 11
1762882461574 0.08448026329278946 12
1762882461595 0.08272762596607208 13
1762882461626 0.08251253515481949 14
1762882461657 0.08294130116701126 15
1762882461688 0.08264948427677155 16
1762882461719 0.08244408667087555 17
1762882461748 0.08240831643342972 18
1762882461776 0.0838971808552742 19
1762882461795 0.0837898701429367 20
1762882461826 0.08296237140893936 21
1762882461858 0.08307565003633499 22
1762882461889 0.08269304782152176 23
1762882461904 0.08325056731700897 24
1762882461946 0.0827028825879097 25
1762882461968 0.08213672786951065 26
1762882461999 0.08270275592803955 27
1762882462030 0.08185922354459763 28
1762882462060 0.08297789841890335 29
1762882462090 0.08232448250055313 30
1762882716625 0.02533537521958351 1
1762882716645 0.01700129546225071 2
1762882716654 0.015182135626673698 3
1762882716663 0.01422212366014719 4
1762882716673 0.013652739115059376 5
1762882716684 0.013020324520766735 6
1762882716692 0.012743568979203701 7
1762882716692 0.012368405237793922 8
1762882716709 0.012338144704699516 9
1762882716717 0.01178696472197771 10
1762882716726 0.011548275128006935 11
1762882716734 0.011093015782535076 12
1762882716742 0.01084354892373085 13
1762882716742 0.010555755347013474 14
1762882716758 0.010213702917098999 15
1762882716758 0.010159347206354141 16
1762882716773 0.010190416127443314 17
1762882716773 0.009724029339849949 18
1762882716789 0.009348509833216667 19
1762882716789 0.00943269394338131 20
1762882716805 0.009259197860956192 21
1762882716805 0.009006946347653866 22
1762882716825 0.00892004743218422 23
1762882716834 0.00864278245717287 24
1762882716841 0.008654534816741943 25
1762882716841 0.008400565944612026 26
1762882716856 0.00843930896371603 27
1762882716856 0.008277165703475475 28
1762882716872 0.008115974254906178 29
1762882716872 0.008102000690996647 30
1762882716887 0.007967215962707996 31
1762882716887 0.007917191833257675 32
1762882716903 0.007891210727393627 33
1762882716903 0.007660692557692528 34
1762882716919 0.007549258414655924 35
1762882716919 0.0075818621553480625 36
1762882716934 0.007473488338291645 37
1762882716934 0.007443050853908062 38
1762882716953 0.007314817048609257 39
1762882716962 0.007227952592074871 40
1762882716970 0.007277519442141056 41
1762882716978 0.007258026394993067 42
1762882716986 0.007251006085425615 43
1762882716992 0.0071386368945240974 44
1762882716992 0.007093430031090975 45
1762882717011 0.007105439901351929 46
1762882717020 0.007155356928706169 47
1762882717028 0.007044820114970207 48
1762882717036 0.007074289955198765 49
1762882717045 0.00705681461840868 50
1762882717053 0.00699962442740798 51
1762882717059 0.0069416663609445095 52
1762882717059 0.006896799895912409 53
1762882717075 0.006833722814917564 54
1762882717075 0.006877945736050606 55
1762882717091 0.006810929160565138 56
1762882717091 0.00691243726760149 57
1762882717106 0.006773642264306545 58
1762882717106 0.006785342004150152 59
1762882717122 0.006753053516149521 60
1762882717122 0.006703528575599194 61
1762882717137 0.006763932295143604 62
1762882717137 0.006716304458677769 63
1762882717153 0.006737734656780958 64
1762882717153 0.006652057636529207 65
1762882717177 0.00662671122699976 66
1762882717187 0.006682243198156357 67
1762882717196 0.006693155970424414 68
1762882717206 0.00658799521625042 69
1762882717244 0.006472769659012556 70
1762882717257 0.006466328632086515 71
1762882717270 0.006526757497340441 72
1762882717278 0.006516176741570234 73
1762882717286 0.0064050802029669285 74
1762882717295 0.006445772480219603 75
1762882717304 0.006411121226847172 76
1762882717308 0.0064533972181379795 77
1762882717308 0.006385255139321089 78
1762882717324 0.0063918777741491795 79
1762882717324 0.006314893253147602 80
1762882717339 0.006410785019397736 81
1762882717339 0.006303383037447929 82
1762882717355 0.006253499537706375 83
1762882717355 0.006204735953360796 84
1762882717371 0.006234952248632908 85
1762882717371 0.0062295012176036835 86
1762882717386 0.006248190067708492 87
1762882717386 0.0062321326695382595 88
1762882717402 0.006211213301867247 89
1762882717418 0.006109782960265875 90
1762882717418 0.006215560715645552 91
1762882717433 0.006142720114439726 92
1762882717449 0.006086891517043114 93
1762882717449 0.006014095153659582 94
1762882717464 0.006202601362019777 95
1762882717464 0.006115548312664032 96
1762882717483 0.006010375916957855 97
1762882717494 0.006106260698288679 98
1762882717498 0.006018216721713543 99
1762882717498 0.006010001990944147 100
1762882897262 0.02772795967757702 1
1762882897288 0.010908140800893307 2
1762882897297 0.008475163951516151 3
1762882897304 0.007823918014764786 4
1762882897304 0.006999210454523563 5
1762882897319 0.006812110543251038 6
1762882897335 0.0064034052193164825 7
1762882897343 0.005999213550239801 8
1762882897352 0.005969060584902763 9
1762882897360 0.005858979653567076 10
1762882897368 0.005589451175183058 11
1762882897372 0.005534644238650799 12
1762882897372 0.005343241151422262 13
1762882897388 0.005277746822685003 14
1762882897388 0.005040009506046772 15
1762882897403 0.004977728705853224 16
1762882897403 0.004851475823670626 17
1762882897419 0.004678818397223949 18
1762882897435 0.004726013168692589 19
1762882897435 0.004594624042510986 20
1762882897451 0.004566286224871874 21
1762882897459 0.0045232875272631645 22
1762882897467 0.004415333271026611 23
1762882897475 0.004508442245423794 24
1762882897481 0.004394961055368185 25
1762882897481 0.004208971746265888 26
1762882897496 0.004122935235500336 27
1762882897496 0.004226101562380791 28
1762882897518 0.004109113942831755 29
1762882897526 0.003986017778515816 30
1762882897534 0.003982542082667351 31
1762882897534 0.003999878186732531 32
1762882897550 0.003870029468089342 33
1762882897550 0.0038003723602741957 34
1762882897565 0.0037945781368762255 35
1762882897565 0.003852014197036624 36
1762882897582 0.003757191589102149 37
1762882897590 0.003710388205945492 38
1762882897598 0.0036855328362435102 39
1762882897601 0.0036454929504543543 40
1762882897601 0.0035602706484496593 41
1762882897616 0.003563488135114312 42
1762882897616 0.0035353442654013634 43
1762882897632 0.0034779252018779516 44
1762882897632 0.0034706746228039265 45
1762882897648 0.0034606142435222864 46
1762882897663 0.0034142229706048965 47
1762882897663 0.003387520322576165 48
1762882897679 0.003410852048546076 49
1762882897690 0.003322049044072628 50
1762882897698 0.0033246532548218966 51
1762882897707 0.003339445684105158 52
1762882897716 0.003287863451987505 53
1762882897724 0.0032092237379401922 54
1762882897732 0.003203918691724539 55
1762882897735 0.0032455106265842915 56
1762882897735 0.0031976138707250357 57
1762882897758 0.003192315809428692 58
1762882897766 0.0031409249641001225 59
1762882897774 0.0031089752446860075 60
1762882897782 0.0031195508781820536 61
1762882897786 0.0031136719044297934 62
1762882897801 0.0031164002139121294 63
1762882897801 0.003053017659112811 64
1762882897817 0.003043225035071373 65
1762882897817 0.0030466809403151274 66
1762882897833 0.0030401672702282667 67
1762882897848 0.0029949727468192577 68
1762882897848 0.0029413443990051746 69
1762882897864 0.002939939731732011 70
1762882897872 0.0029306579381227493 71
1762882897880 0.0029229118954390287 72
1762882897888 0.0029109008610248566 73
1762882897897 0.0028498771134763956 74
1762882897905 0.002878823783248663 75
1762882897913 0.0028298725374042988 76
1762882897919 0.0028228305745869875 77
1762882897919 0.0027910901699215174 78
1762882897934 0.0027639593463391066 79
1762882897934 0.002767642494291067 80
1762882897950 0.0027314461767673492 81
1762882897950 0.002704071346670389 82
1762882897966 0.0027199846226722 83
1762882897966 0.0026830127462744713 84
1762882897985 0.0027097873389720917 85
1762882897993 0.002749468432739377 86
1762882897996 0.002676415489986539 87
1762882897996 0.0026390710845589638 88
1762882898012 0.0026112934574484825 89
1762882898012 0.002622195053845644 90
1762882898028 0.0025790988001972437 91
1762882898028 0.002555884188041091 92
1762882898043 0.002535613952204585 93
1762882898043 0.0025306018069386482 94
1762882898059 0.002538560889661312 95
1762882898059 0.0025446692015975714 96
1762882898074 0.002514676423743367 97
1762882898074 0.0024931218940764666 98
1762882898098 0.0024454889353364706 99
1762882898106 0.0024721170775592327 100
