1762882461250 0.18640106916427612 1
1762882461281 0.11416148394346237 2
1762882461317 0.09938766062259674 3
1762882461346 0.09317940473556519 4
1762882461362 0.0901847779750824 5
1762882461406 0.088163360953331 6
1762882461421 0.08682391792535782 7
1762882461462 0.08551649749279022 8
1762882461477 0.08514591306447983 9
1762882461509 0.08402999490499496 10
1762882461549 0.08350957185029984 11
1762882461578 0.08448026329278946 12
1762882461595 0.08272762596607208 13
1762882461626 0.08251253515481949 14
1762882461657 0.08294130116701126 15
1762882461693 0.08264948427677155 16
1762882461723 0.08244408667087555 17
1762882461752 0.08240831643342972 18
1762882461781 0.0838971808552742 19
1762882461811 0.0837898701429367 20
1762882461826 0.08296237140893936 21
1762882461858 0.08307565003633499 22
1762882461889 0.08269304782152176 23
1762882461920 0.08325056731700897 24
1762882461950 0.0827028825879097 25
1762882461968 0.08213672786951065 26
1762882461999 0.08270275592803955 27
1762882462034 0.08185922354459763 28
1762882462064 0.08297789841890335 29
1762882462094 0.08232448250055313 30
