1762882461250 0.06346958875656128 1
1762882461281 0.02352007105946541 2
1762882461321 0.01750682294368744 3
1762882461347 0.015530964359641075 4
1762882461381 0.014622766524553299 5
1762882461410 0.014208240434527397 6
1762882461438 0.013909991830587387 7
1762882461462 0.013629012741148472 8
1762882461493 0.013674183748662472 9
1762882461509 0.013418110087513924 10
1762882461553 0.01335758063942194 11
1762882461579 0.013471020385622978 12
1762882461595 0.013170735910534859 13
1762882461626 0.013112781569361687 14
1762882461657 0.013242973014712334 15
1762882461698 0.01323284488171339 16
1762882461727 0.013213150203227997 17
1762882461756 0.013221005909144878 18
1762882461786 0.013481591828167439 19
1762882461811 0.013376452960073948 20
1762882461842 0.013242678716778755 21
1762882461858 0.013215168379247189 22
1762882461889 0.013199660927057266 23
1762882461920 0.013387846760451794 24
1762882461952 0.0131909204646945 25
1762882461968 0.013138233684003353 26
1762882461999 0.013138024136424065 27
1762882462038 0.013048381544649601 28
1762882462068 0.013329719193279743 29
1762882462099 0.013122628442943096 30
