1762300384395 0.03899719566106796 1
1762300384417 0.010196170769631863 2
1762300384433 0.009036693722009659 3
1762300384446 0.008352266624569893 4
1762300384455 0.007782080210745335 5
1762300384460 0.007360806223005056 6
1762300384460 0.0070717232301831245 7
1762300384480 0.0068400246091187 8
1762300384488 0.006676472257822752 9
1762300384497 0.006522167474031448 10
1762300384505 0.006416162941604853 11
1762300384510 0.006350701674818993 12
1762300384510 0.006273294799029827 13
1762300384525 0.006232810206711292 14
1762300384525 0.006186902057379484 15
1762300384550 0.006173879373818636 16
1762300384557 0.006141784135252237 17
1762300384567 0.006110432092100382 18
1762300384576 0.006092192139476538 19
1762300384585 0.0060840449295938015 20
1762300384593 0.006059807259589434 21
1762300384602 0.006070900708436966 22
1762300384610 0.005993940867483616 23
1762300384613 0.005969600286334753 24
1762300384613 0.005874353926628828 25
1762300384628 0.005920681171119213 26
1762300384644 0.005825717002153397 27
1762300384653 0.005927055608481169 28
1762300384662 0.0058474731631577015 29
1762300384670 0.005865533370524645 30
1762300384677 0.005747020244598389 31
1762300384677 0.005847204476594925 32
1762300384693 0.0057086036540567875 33
1762300384693 0.005761859472841024 34
1762300384715 0.005684762727469206 35
1762300384723 0.005673933308571577 36
1762300384723 0.005616579670459032 37
1762300384739 0.005628824699670076 38
1762300384739 0.0055160075426101685 39
1762300384758 0.0055503034964203835 40
1762300384767 0.00545546505600214 41
1762300384770 0.0054795946925878525 42
1762300384770 0.005435791332274675 43
1762300384785 0.005457453895360231 44
1762300384801 0.005453021731227636 45
1762300384810 0.005418941378593445 46
1762300384818 0.005385236814618111 47
1762300384827 0.005450880620628595 48
1762300384832 0.005364376585930586 49
1762300384832 0.00535323703661561 50
1762300384855 0.005365289747714996 51
1762300384864 0.00532104866579175 52
1762300384873 0.005274783819913864 53
1762300384881 0.005301923491060734 54
1762300384890 0.005261744372546673 55
1762300384898 0.005265467334538698 56
1762300384907 0.005327092949301004 57
1762300384910 0.005252932198345661 58
1762300384910 0.005213557742536068 59
1762300384933 0.005227798130363226 60
1762300384941 0.005209691822528839 61
1762300384942 0.005173968151211739 62
1762300384958 0.005199258215725422 63
1762300384968 0.005123340059071779 64
1762300384977 0.0052116564474999905 65
1762300384985 0.005182095803320408 66
1762300384989 0.005115802399814129 67
1762300384989 0.005133333150297403 68
1762300385005 0.00510723702609539 69
1762300385005 0.005093658808618784 70
1762300385020 0.005056798458099365 71
1762300385020 0.005062403157353401 72
1762300385040 0.005019245203584433 73
1762300385048 0.005034821107983589 74
1762300385050 0.004988492000848055 75
1762300385050 0.005066826939582825 76
1762300385066 0.0049758427776396275 77
1762300385066 0.005077706649899483 78
1762300385081 0.004979094956070185 79
1762300385081 0.004983906168490648 80
1762300385097 0.00499173067510128 81
1762300385097 0.004978354554623365 82
1762300385113 0.004915731493383646 83
1762300385113 0.004952033516019583 84
1762300385128 0.004848227370530367 85
1762300385160 0.004926691763103008 86
1762300385169 0.0047989520244300365 87
1762300385178 0.00491435918956995 88
1762300385186 0.004800401162356138 89
1762300385194 0.004857070278376341 90
1762300385202 0.004819459281861782 91
1762300385210 0.0047890497371554375 92
1762300385217 0.004796485882252455 93
1762300385226 0.004698942881077528 94
1762300385234 0.004752095323055983 95
1762300385245 0.004735235590487719 96
1762300385253 0.004771879408508539 97
1762300385260 0.0047632683999836445 98
1762300385268 0.004702200647443533 99
1762300385269 0.004658816382288933 100
