1762299065484 0.03722880408167839 1
1762299065508 0.014584732241928577 2
1762299065513 0.011039411649107933 3
1762299065524 0.009594336152076721 4
1762299065524 0.008805135264992714 5
1762299065536 0.008349611423909664 6
1762299065552 0.008166508749127388 7
1762299065552 0.008116905577480793 8
1762299065570 0.008033635094761848 9
1762299065577 0.008008155971765518 10
1762299065586 0.007960877381265163 11
1762299065593 0.007931312546133995 12
1762299065601 0.007898188196122646 13
1762299065602 0.00777461240068078 14
1762299065602 0.007837186567485332 15
1762299065618 0.007700685411691666 16
1762299065618 0.0076187788508832455 17
1762299065634 0.007774586323648691 18
1762299065634 0.007545779459178448 19
1762299065649 0.007497190963476896 20
1762299065649 0.007555284071713686 21
1762299065669 0.0074752140790224075 22
1762299065669 0.007490119896829128 23
1762299065685 0.007490877062082291 24
1762299065685 0.007409793324768543 25
1762299065704 0.007375262677669525 26
1762299065712 0.00737713323906064 27
1762299065720 0.007329198066145182 28
1762299065727 0.007337027229368687 29
1762299065735 0.007308750879019499 30
1762299065743 0.00728064589202404 31
1762299065751 0.007255442440509796 32
1762299065751 0.007217974867671728 33
1762299065767 0.007239862345159054 34
1762299065775 0.00718651432543993 35
1762299065779 0.0071992031298577785 36
1762299065779 0.00716534024104476 37
1762299065794 0.007169753313064575 38
1762299065794 0.007162883877754211 39
1762299065810 0.007177945226430893 40
1762299065810 0.007132312282919884 41
1762299065830 0.007168004754930735 42
1762299065838 0.007105594035238028 43
1762299065842 0.007106377277523279 44
1762299065842 0.007079114206135273 45
1762299065862 0.007068421225994825 46
1762299065870 0.0070441532880067825 47
1762299065878 0.0070257470943033695 48
1762299065885 0.006937646307051182 49
1762299065888 0.0069125136360526085 50
1762299065888 0.006892493460327387 51
1762299065904 0.006884776055812836 52
1762299065904 0.006855493411421776 53
1762299065919 0.006855223793536425 54
1762299065919 0.006903335452079773 55
1762299065935 0.006861437112092972 56
1762299065935 0.0068173399195075035 57
1762299065956 0.006802479736506939 58
1762299065964 0.006736547686159611 59
1762299065972 0.0066918195225298405 60
1762299065980 0.006812560372054577 61
1762299065988 0.0067374128848314285 62
1762299065996 0.006676219869405031 63
1762299066001 0.006656798999756575 64
1762299066001 0.006653894670307636 65
1762299066017 0.00660850340500474 66
1762299066017 0.006630260497331619 67
1762299066040 0.00660523260012269 68
1762299066052 0.006574654020369053 69
1762299066060 0.006586510222405195 70
1762299066068 0.0065533979795873165 71
1762299066068 0.0065627736039459705 72
1762299066083 0.006531459279358387 73
1762299066083 0.006528603378683329 74
1762299066099 0.006459265016019344 75
1762299066099 0.006518017500638962 76
1762299066115 0.006413851398974657 77
1762299066115 0.006395570933818817 78
1762299066130 0.006348065100610256 79
1762299066130 0.006424582563340664 80
1762299066146 0.006358588580042124 81
1762299066146 0.0063648526556789875 82
