1762316696457 0.03125998005270958 1
1762316696473 0.008604129776358604 2
1762316696480 0.007582287769764662 3
1762316696492 0.0070372819900512695 4
1762316696501 0.006574457511305809 5
1762316696510 0.0062367855571210384 6
1762316696519 0.005988746881484985 7
1762316696528 0.005766210146248341 8
1762316696537 0.005602492019534111 9
1762316696545 0.005497184116393328 10
1762316696553 0.0053778444416821 11
1762316696562 0.0052897450514137745 12
1762316696570 0.005222127307206392 13
1762316696578 0.005172888282686472 14
1762316696585 0.005144601687788963 15
1762316696594 0.005111717619001865 16
1762316696602 0.005070867948234081 17
1762316696610 0.005079149268567562 18
1762316696611 0.005011416506022215 19
1762316696611 0.004991419147700071 20
1762316696627 0.004961654543876648 21
1762316696627 0.004917208570986986 22
1762316696642 0.004958901088684797 23
1762316696642 0.004910686518996954 24
1762316696658 0.004913216456770897 25
1762316696658 0.004881744273006916 26
1762316696673 0.004890329670161009 27
1762316696673 0.0048931799829006195 28
1762316696696 0.004863474518060684 29
1762316696704 0.004876023158431053 30
1762316696705 0.004829502198845148 31
1762316696705 0.004831914324313402 32
1762316696721 0.0047968169674277306 33
1762316696721 0.00475670862942934 34
1762316696737 0.0047614979557693005 35
1762316696737 0.0047666034661233425 36
1762316696760 0.004728826228529215 37
1762316696767 0.004738606512546539 38
1762316696773 0.0047170608304440975 39
1762316696773 0.004691534209996462 40
1762316696789 0.0046882894821465015 41
1762316696789 0.004656246863305569 42
1762316696809 0.004648572765290737 43
1762316696817 0.004628169350326061 44
1762316696825 0.0046073030680418015 45
1762316696830 0.004545306786894798 46
1762316696830 0.0045860237441957 47
1762316696846 0.004556723870337009 48
1762316696846 0.004558407235890627 49
1762316696861 0.0045388066209852695 50
1762316696861 0.004509518854320049 51
1762316696877 0.004529526457190514 52
1762316696877 0.0045266770757734776 53
1762316696893 0.004483612719923258 54
1762316696893 0.004482636693865061 55
1762316696913 0.00444418378174305 56
1762316696921 0.004443699959665537 57
1762316696930 0.004435711540281773 58
1762316696937 0.004414863418787718 59
1762316696946 0.004401565995067358 60
1762316696953 0.004408705048263073 61
1762316696962 0.004352041985839605 62
1762316696970 0.004359680227935314 63
1762316696980 0.004313569515943527 64
1762316696986 0.004304572008550167 65
1762316696986 0.004295249469578266 66
1762316697009 0.004318044520914555 67
1762316697021 0.0042916289530694485 68
1762316697032 0.004288716707378626 69
1762316697041 0.004252027254551649 70
1762316697050 0.0042379978112876415 71
1762316697059 0.004287680145353079 72
1762316697068 0.004245943855494261 73
1762316697077 0.004218752961605787 74
1762316697084 0.004241994582116604 75
1762316697090 0.004200588446110487 76
1762316697097 0.004228045232594013 77
1762316697097 0.0041959285736083984 78
1762316697113 0.0042270515114068985 79
1762316697113 0.004218445159494877 80
1762316697134 0.004173889756202698 81
1762316697145 0.004218292888253927 82
1762316697153 0.004130556248128414 83
1762316697158 0.004240063950419426 84
1762316697158 0.004155013244599104 85
1762316697173 0.004193744156509638 86
1762316697186 0.004139341413974762 87
1762316697186 0.004105375614017248 88
1762316697201 0.004133440554141998 89
1762316697201 0.004113979171961546 90
1762316697220 0.00414246367290616 91
1762316697220 0.004085773602128029 92
1762316697236 0.0041637178510427475 93
1762316697236 0.004146330989897251 94
1762316697251 0.004130078013986349 95
1762316697251 0.004095208831131458 96
1762316697267 0.0040821777656674385 97
1762316697267 0.004047294147312641 98
1762316697282 0.004055432975292206 99
1762316697282 0.004049824085086584 100
