1762315252396 0.018195172771811485 1
1762315252405 0.010556553490459919 2
1762315252414 0.009323936887085438 3
1762315252424 0.008611033670604229 4
1762315252432 0.008181296288967133 5
1762315252437 0.007879398763179779 6
1762315252437 0.007740328088402748 7
1762315252457 0.007542173843830824 8
1762315252465 0.007388670928776264 9
1762315252474 0.007156508509069681 10
1762315252482 0.006918114610016346 11
1762315252485 0.00694037601351738 12
1762315252485 0.007044133264571428 13
1762315252500 0.007219519000500441 14
1762315252500 0.007132919505238533 15
1762315252521 0.006861573085188866 16
1762315252529 0.0068444013595581055 17
1762315252537 0.0069669694639742374 18
1762315252545 0.00682039326056838 19
1762315252553 0.006908328738063574 20
1762315252561 0.00680273212492466 21
1762315252569 0.006820192560553551 22
1762315252576 0.006638715043663979 23
1762315252578 0.0066689918749034405 24
1762315252578 0.0065700295381248 25
1762315252594 0.006468878127634525 26
1762315252594 0.006410208530724049 27
1762315252609 0.006384854204952717 28
1762315252609 0.0063617657870054245 29
1762315252625 0.0062873465940356255 30
1762315252625 0.006303709931671619 31
1762315252648 0.006293698213994503 32
1762315252656 0.006220902316272259 33
1762315252664 0.006188943050801754 34
1762315252672 0.006160816643387079 35
1762315252679 0.006097918376326561 36
1762315252687 0.006071986630558968 37
1762315252687 0.006010061129927635 38
1762315252704 0.005962088238447905 39
1762315252712 0.005946522578597069 40
1762315252721 0.0059356531128287315 41
1762315252728 0.005892951041460037 42
1762315252733 0.005886912811547518 43
1762315252733 0.005875900853425264 44
1762315252752 0.005824531428515911 45
1762315252759 0.005813654977828264 46
1762315252765 0.00574836228042841 47
1762315252765 0.005719877779483795 48
1762315252783 0.00569898821413517 49
1762315252791 0.00568010751157999 50
1762315252796 0.0056720031425356865 51
1762315252796 0.005649651866406202 52
1762315252812 0.005772897973656654 53
1762315252812 0.005667758174240589 54
1762315252831 0.0057137506082654 55
1762315252839 0.005680358503013849 56
1762315252847 0.005614161025732756 57
1762315252855 0.005580405704677105 58
1762315252864 0.005578332114964724 59
1762315252872 0.0056076752953231335 60
1762315252875 0.005593474023044109 61
1762315252875 0.005531317554414272 62
1762315252895 0.005531371105462313 63
1762315252902 0.005439802538603544 64
1762315252906 0.0055387853644788265 65
1762315252906 0.005542937200516462 66
1762315252922 0.0056472048163414 67
1762315252922 0.005501026287674904 68
1762315252938 0.005458923522382975 69
1762315252953 0.005361173767596483 70
1762315252961 0.005350555293262005 71
1762315252969 0.005325394216924906 72
1762315252977 0.005354516673833132 73
1762315252985 0.0053238458931446075 74
1762315252992 0.005276110488921404 75
1762315253000 0.00526172760874033 76
1762315253008 0.0053307125344872475 77
1762315253015 0.005287868902087212 78
1762315253015 0.005213167052716017 79
1762315253031 0.005180669948458672 80
1762315253031 0.0052798292599618435 81
1762315253046 0.0052624852396547794 82
1762315253046 0.005129625555127859 83
1762315253062 0.005161878652870655 84
1762315253062 0.005101944785565138 85
1762315253078 0.0050362772308290005 86
1762315253086 0.005169208627194166 87
1762315253093 0.0052322158589959145 88
1762315253093 0.005091128870844841 89
1762315253108 0.005188066512346268 90
1762315253108 0.004930749069899321 91
1762315253124 0.004880322143435478 92
1762315253132 0.004983233287930489 93
1762315253140 0.005089093931019306 94
1762315253148 0.005208568647503853 95
1762315253156 0.005048475228250027 96
1762315253164 0.004813496023416519 97
1762315253172 0.00508549390360713 98
1762315253180 0.005211192648857832 99
1762315253188 0.0047996253706514835 100
