1762770787370 9.999999747378752e-06 1
1762770787411 5.949999831500463e-05 2
1762770787431 0.00010900000052060932 3
1762770787462 0.0001584999990882352 4
1762770787526 0.00020799999765586108 5
1762770787566 0.0002575000107754022 6
1762770787610 0.00030700000934302807 7
1762770787646 0.00035650000791065395 8
1762770787688 0.00040600000647827983 9
1762770787730 0.0004555000050459057 10
1762770787770 0.0005050000036135316 11
1762770787810 0.000554499973077327 12
1762770787851 0.0006040000007487833 13
1762770787881 0.0006535000284202397 14
1762770787929 0.0007029999978840351 15
1762770787964 0.0007525000255554914 16
1762770788004 0.0008019999950192869 17
1762770788053 0.0008515000226907432 18
1762770788108 0.0009009999921545386 19
1762770788148 0.000950500019825995 20
1762770788186 0.0010000000474974513 21
1762770788222 0.0009996530134230852 22
1762770788259 0.0009986128425225616 23
1762770788296 0.0009968808153644204 24
1762770788332 0.0009944597259163857 25
1762770788369 0.0009913534158840775 26
1762770788406 0.0009875664254650474 27
1762770788442 0.00098310480825603 28
1762770788479 0.0009779754327610135 29
1762770788514 0.00097218609880656 30
1762770788551 0.0009657457703724504 31
1762770788588 0.0009586644009687006 32
1762770788623 0.0009509529336355627 33
1762770788656 0.0009426231845282018 34
1762770788692 0.0009336880757473409 35
1762770788729 0.0009241613443009555 36
1762770788762 0.0009140576585195959 37
1762770788816 0.0009033926180563867 38
1762770788866 0.0008921826956793666 39
1762770788938 0.0008804451208561659 40
1762770788978 0.0008681980543769896 41
1762770789014 0.0008554603555239737 42
1762770789049 0.000842251640278846 43
1762770789086 0.0008285922813229263 44
1762770789122 0.0008145033498294652 45
1762770789158 0.0008000066154636443 46
1762770789199 0.0007851243717595935 47
1762770789235 0.0007698795525357127 48
1762770789269 0.0007542957318946719 49
1762770789304 0.0007383968913927674 50
1762770789338 0.0007222075364552438 51
1762770789373 0.0007057526963762939 52
1762770789410 0.0006890576332807541 53
1762770789444 0.00067214819137007 54
1762770789464 0.0006550503894686699 55
1762770789511 0.0006377906538546085 56
1762770789545 0.0006203955272212625 57
1762770789583 0.0006028918433003128 58
1762770789630 0.0005853066104464233 59
1762770789670 0.0005676668952219188 60
1762770789703 0.0005499999970197678 61
1762770789747 0.0005323330988176167 62
1762770789781 0.0005146933835931122 63
1762770789814 0.0004971081507392228 64
1762770789847 0.0004796044959221035 65
1762770789888 0.00046220936928875744 66
1762770789924 0.0004449495754670352 67
1762770789970 0.00042785180266946554 68
1762770789997 0.00041094236075878143 69
1762770790039 0.0003942473267670721 70
1762770790080 0.0003777924575842917 71
1762770790121 0.00036160313175059855 72
1762770790147 0.0003457042621448636 73
1762770790178 0.0003301204415038228 74
1762770790210 0.0003148756513837725 75
1762770790241 0.0002999934076797217 76
1762770790272 0.00028549664421007037 77
1762770790303 0.00027140771271660924 78
1762770790350 0.00025774838286451995 79
1762770790382 0.0002445396676193923 80
1762770790413 0.00023180195421446115 81
1762770790444 0.00021955487318336964 82
1762770790475 0.00020781731291208416 83
1762770790507 0.0001966073759831488 84
1762770790538 0.0001859423500718549 85
1762770790585 0.00017583867884241045 86
1762770790656 0.00016631193284410983 87
1762770790690 0.00015737679495941848 88
1762770790725 0.00014904706040397286 89
1762770790761 0.00014133557851891965 90
1762770790796 0.00013425420911516994 91
1762770790831 0.00012781389523297548 92
1762770790867 0.00012202456855447963 93
