1762770787331 0.3140116035938263 1
1762770787370 0.2675551474094391 2
1762770787416 0.2133651077747345 3
1762770787447 0.15086251497268677 4
1762770787478 0.12230832874774933 5
1762770787534 0.1320818066596985 6
1762770787566 0.11422311514616013 7
1762770787614 0.11282339692115784 8
1762770787652 0.11085669696331024 9
1762770787694 0.10935433208942413 10
1762770787736 0.1076200008392334 11
1762770787776 0.10688244551420212 12
1762770787817 0.10145176947116852 13
1762770787857 0.08776513487100601 14
1762770787897 0.07491078972816467 15
1762770787935 0.07165336608886719 16
1762770787964 0.06762780994176865 17
1762770788011 0.06515495479106903 18
1762770788066 0.06507640331983566 19
1762770788108 0.06521264463663101 20
1762770788154 0.06207447871565819 21
1762770788191 0.06384939700365067 22
1762770788227 0.0590599849820137 23
1762770788265 0.06037667766213417 24
1762770788302 0.05904985964298248 25
1762770788338 0.05682988837361336 26
1762770788375 0.05426957085728645 27
1762770788410 0.05333157628774643 28
1762770788448 0.05290555581450462 29
1762770788484 0.052168108522892 30
1762770788520 0.05078680068254471 31
1762770788556 0.05021879822015762 32
1762770788592 0.049405984580516815 33
1762770788628 0.04958576336503029 34
1762770788656 0.04992983490228653 35
1762770788696 0.049396220594644547 36
1762770788729 0.04934448376297951 37
1762770788771 0.049833569675683975 38
1762770788825 0.04869580268859863 39
1762770788867 0.04908355325460434 40
1762770788947 0.049504127353429794 41
1762770788984 0.04987672343850136 42
1762770789019 0.04920874536037445 43
1762770789054 0.04869639873504639 44
1762770789091 0.04964347556233406 45
1762770789128 0.04895397648215294 46
1762770789163 0.04860084131360054 47
1762770789204 0.047684960067272186 48
1762770789240 0.04739806428551674 49
1762770789274 0.04698973894119263 50
1762770789309 0.0472351536154747 51
1762770789343 0.04631274193525314 52
1762770789375 0.0461990088224411 53
1762770789416 0.046455513685941696 54
1762770789449 0.0459301695227623 55
1762770789480 0.04588901251554489 56
1762770789516 0.04514028877019882 57
1762770789549 0.04509406536817551 58
1762770789583 0.045251499861478806 59
1762770789636 0.04453684762120247 60
1762770789676 0.04455852508544922 61
1762770789717 0.04478614032268524 62
1762770789752 0.044468339532613754 63
1762770789786 0.04448920115828514 64
1762770789819 0.04435626044869423 65
1762770789847 0.04391559958457947 66
1762770789894 0.04356915131211281 67
1762770789929 0.04360819235444069 68
1762770789974 0.043590471148490906 69
1762770789997 0.04389335587620735 70
1762770790043 0.04340433329343796 71
1762770790085 0.04342486709356308 72
1762770790126 0.04288531094789505 73
1762770790147 0.04313371330499649 74
1762770790178 0.04327778518199921 75
1762770790210 0.042828768491744995 76
1762770790257 0.04302038252353668 77
1762770790288 0.042945437133312225 78
1762770790319 0.04264024272561073 79
1762770790350 0.04274565726518631 80
1762770790382 0.0428628996014595 81
1762770790413 0.04241711273789406 82
1762770790444 0.04299887642264366 83
1762770790475 0.042532794177532196 84
1762770790507 0.04231543838977814 85
1762770790538 0.042258650064468384 86
1762770790600 0.04265764355659485 87
1762770790660 0.04245265945792198 88
1762770790695 0.0425240695476532 89
1762770790731 0.04198494181036949 90
1762770790767 0.04243076965212822 91
1762770790801 0.042268089950084686 92
1762770790836 0.0422799177467823 93
