1762770951614 0.011040227487683296 1
1762770951614 0.006269983947277069 2
1762770951638 0.00603314395993948 3
1762770951650 0.0058813863433897495 4
1762770951658 0.0058184475637972355 5
1762770951658 0.005767536349594593 6
1762770951682 0.005700516048818827 7
1762770951692 0.005697464570403099 8
1762770951702 0.005675012711435556 9
1762770951713 0.005636952351778746 10
1762770951724 0.005607853643596172 11
1762770951733 0.005625960882753134 12
1762770951741 0.005602626129984856 13
1762770951741 0.0056121088564395905 14
1762770951757 0.005584680009633303 15
1762770951772 0.005578851327300072 16
1762770951772 0.005577974487096071 17
1762770951794 0.0055585214868187904 18
1762770951804 0.005550703965127468 19
1762770951814 0.005568225402384996 20
1762770951823 0.005568158812820911 21
1762770951833 0.0055627282708883286 22
1762770951839 0.005560411140322685 23
1762770951839 0.005548722576349974 24
1762770951855 0.00556155014783144 25
1762770951871 0.005529928021132946 26
1762770951871 0.005524166859686375 27
1762770951886 0.005510855931788683 28
1762770951886 0.0055274805054068565 29
1762770951902 0.005506908055394888 30
1762770951917 0.005506492219865322 31
1762770951917 0.005531591828912497 32
1762770951940 0.005518283694982529 33
1762770951950 0.005502328276634216 34
1762770951956 0.005492080003023148 35
1762770951956 0.005497068166732788 36
1762770951971 0.005485542118549347 37
1762770951987 0.005483344662934542 38
1762770951987 0.005486933048814535 39
1762770952002 0.005464199464768171 40
1762770952002 0.005470688454806805 41
1762770952027 0.005454690661281347 42
1762770952037 0.005446254275739193 43
1762770952044 0.00544256716966629 44
1762770952044 0.005455006845295429 45
1762770952060 0.005440361797809601 46
1762770952075 0.005432459060102701 47
1762770952075 0.0054341577924788 48
1762770952091 0.005422589369118214 49
1762770952091 0.005432724021375179 50
1762770952107 0.005415375344455242 51
1762770952122 0.005409105680882931 52
1762770952122 0.005401107016950846 53
1762770952144 0.005408360622823238 54
1762770952153 0.005410383455455303 55
1762770952164 0.005399901419878006 56
1762770952174 0.0054143634624779224 57
1762770952183 0.005419526714831591 58
1762770952184 0.0054284739308059216 59
1762770952200 0.005409853998571634 60
1762770952200 0.005405256524682045 61
1762770952216 0.005425396375358105 62
1762770952231 0.005419060587882996 63
1762770952231 0.005415265914052725 64
1762770952251 0.005393381230533123 65
1762770952261 0.005402804352343082 66
1762770952271 0.005354182329028845 67
1762770952272 0.0054109469056129456 68
1762770952288 0.005395005457103252 69
1762770952288 0.005383278708904982 70
1762770952304 0.0053598168306052685 71
1762770952320 0.005448667798191309 72
1762770952330 0.005381885915994644 73
1762770952344 0.00543617270886898 74
1762770952353 0.0054055978544056416 75
1762770952355 0.005420033819973469 76
1762770952371 0.005392172373831272 77
1762770952371 0.005427540745586157 78
1762770952387 0.005354818422347307 79
1762770952387 0.0054127429611980915 80
1762770952402 0.005416007712483406 81
1762770952418 0.0053778947331011295 82
1762770952418 0.0053882841020822525 83
1762770952434 0.0054865344427526 84
1762770952449 0.00539161404594779 85
1762770952449 0.005355257075279951 86
1762770952465 0.005440242122858763 87
1762770952465 0.00536097027361393 88
1762770952489 0.005391137674450874 89
1762770952499 0.005355990491807461 90
1762770952506 0.005325419828295708 91
1762770952506 0.0053860521875321865 92
1762770952521 0.00533100962638855 93
1762770952537 0.005396141204982996 94
1762770952537 0.00528526259586215 95
1762770952560 0.005331018939614296 96
1762770952569 0.005342555232346058 97
1762770952579 0.00531218433752656 98
1762770952588 0.00530964182689786 99
1762770952591 0.005281153600662947 100
