1762771115099 0.011815127916634083 1
1762771115101 0.0065450528636574745 2
1762771115120 0.006015329621732235 3
1762771115132 0.00572584941983223 4
1762771115143 0.005538745317608118 5
1762771115154 0.005409370642155409 6
1762771115164 0.005315059330314398 7
1762771115174 0.005268181208521128 8
1762771115184 0.005210479721426964 9
1762771115194 0.005184940528124571 10
1762771115198 0.005169725511223078 11
1762771115214 0.0051265922375023365 12
1762771115214 0.005099835339933634 13
1762771115236 0.005103886127471924 14
1762771115245 0.005027775652706623 15
1762771115256 0.005022535566240549 16
1762771115264 0.0049705542623996735 17
1762771115264 0.004955657757818699 18
1762771115280 0.0049052974209189415 19
1762771115294 0.004875806625932455 20
1762771115305 0.0048384596593678 21
1762771115314 0.004817239940166473 22
1762771115324 0.004776584450155497 23
1762771115331 0.0047086202539503574 24
1762771115331 0.004686681088060141 25
1762771115353 0.004636220633983612 26
1762771115364 0.004603917710483074 27
1762771115371 0.004601076245307922 28
1762771115386 0.004538829904049635 29
1762771115396 0.004520487505942583 30
1762771115408 0.0045115030370652676 31
1762771115417 0.004419528879225254 32
1762771115426 0.004400873091071844 33
1762771115433 0.004355577751994133 34
1762771115447 0.004363085143268108 35
1762771115459 0.004323764704167843 36
1762771115471 0.004270792007446289 37
1762771115482 0.004255976527929306 38
1762771115493 0.004222153685986996 39
1762771115500 0.004216093569993973 40
1762771115500 0.004188991151750088 41
1762771115517 0.004149577114731073 42
1762771115533 0.004128791857510805 43
1762771115533 0.004124773200601339 44
1762771115551 0.004098411183804274 45
1762771115567 0.004068595822900534 46
1762771115567 0.004084718879312277 47
1762771115583 0.004031613003462553 48
1762771115600 0.0040021128952503204 49
1762771115600 0.003986247815191746 50
1762771115617 0.0039914073422551155 51
1762771115632 0.003946938086301088 52
1762771115633 0.003953753504902124 53
1762771115654 0.0039108628407120705 54
1762771115664 0.003897874616086483 55
1762771115674 0.00387288979254663 56
1762771115683 0.003869164502248168 57
1762771115683 0.003872212255373597 58
1762771115700 0.003845818806439638 59
1762771115717 0.0038435892201960087 60
1762771115717 0.0038318203296512365 61
1762771115733 0.0037937751039862633 62
1762771115749 0.0037941995542496443 63
1762771115750 0.0037664242554455996 64
1762771115770 0.0037563322111964226 65
1762771115780 0.0037385723553597927 66
1762771115791 0.0037684044800698757 67
1762771115801 0.0037030235398560762 68
1762771115811 0.0037252886686474085 69
1762771115821 0.003682762151584029 70
1762771115832 0.0036748626735061407 71
1762771115833 0.0036928437184542418 72
1762771115852 0.0036707085091620684 73
1762771115862 0.0036810366436839104 74
1762771115872 0.003672362305223942 75
1762771115883 0.0036153763066977262 76
1762771115883 0.0036029061302542686 77
1762771115905 0.0036463644355535507 78
1762771115915 0.003649312537163496 79
1762771115925 0.003632924286648631 80
1762771115935 0.0036328528076410294 81
1762771115945 0.0035518482327461243 82
1762771115955 0.0035718358121812344 83
1762771115965 0.0035438889171928167 84
1762771115976 0.003526370506733656 85
1762771115985 0.00354147725738585 86
1762771115995 0.0035135713405907154 87
1762771116005 0.0035212093498557806 88
1762771116015 0.0034995605237782 89
1762771116024 0.003446712391451001 90
1762771116034 0.0034333954099565744 91
1762771116044 0.0034462492913007736 92
1762771116054 0.003419282380491495 93
1762771116063 0.0034273832570761442 94
1762771116072 0.0033829116728156805 95
1762771116083 0.0033926288597285748 96
1762771116093 0.003355535911396146 97
1762771116103 0.003365861950442195 98
1762771116113 0.003329693106934428 99
1762771116123 0.003335255431011319 100
