1762770787343 0.16169148683547974 1
1762770787391 0.11485354602336884 2
1762770787426 0.07987350225448608 3
1762770787447 0.04068531468510628 4
1762770787494 0.02425738051533699 5
1762770787544 0.027992192655801773 6
1762770787591 0.02170843444764614 7
1762770787614 0.021308472380042076 8
1762770787666 0.02060152404010296 9
1762770787707 0.020298490300774574 10
1762770787746 0.01967165246605873 11
1762770787783 0.019383732229471207 12
1762770787829 0.01758214272558689 13
1762770787869 0.013273683376610279 14
1762770787903 0.010268555954098701 15
1762770787945 0.009569126181304455 16
1762770787981 0.008948171511292458 17
1762770788035 0.008482329547405243 18
1762770788069 0.008477575145661831 19
1762770788127 0.00843424815684557 20
1762770788165 0.00791643001139164 21
1762770788202 0.008393175899982452 22
1762770788238 0.00749267777428031 23
1762770788276 0.007827266119420528 24
1762770788311 0.007492339238524437 25
1762770788348 0.007087391335517168 26
1762770788386 0.006721886340528727 27
1762770788421 0.006569898687303066 28
1762770788458 0.006476160138845444 29
1762770788494 0.006407533772289753 30
1762770788529 0.006205886602401733 31
1762770788566 0.006181883160024881 32
1762770788603 0.006020055618137121 33
1762770788631 0.00603475421667099 34
1762770788672 0.006162628997117281 35
1762770788698 0.006024840287864208 36
1762770788729 0.005948020610958338 37
1762770788793 0.0060556018725037575 38
1762770788837 0.005905649159103632 39
1762770788911 0.00593907805159688 40
1762770788957 0.005976619198918343 41
1762770788993 0.005995714105665684 42
1762770789029 0.005968463607132435 43
1762770789065 0.005839163903146982 44
1762770789101 0.006049684714525938 45
1762770789138 0.0058732046745717525 46
1762770789175 0.005881511140614748 47
1762770789215 0.005761417560279369 48
1762770789250 0.005722182337194681 49
1762770789284 0.005558846518397331 50
1762770789319 0.00572432205080986 51
1762770789347 0.005548292305320501 52
1762770789390 0.005535227246582508 53
1762770789425 0.005641352850943804 54
1762770789458 0.005598844029009342 55
1762770789480 0.005601659882813692 56
1762770789526 0.005545209627598524 57
1762770789549 0.005488134920597076 58
1762770789602 0.005459393374621868 59
1762770789647 0.0053769382648169994 60
1762770789686 0.005438960622996092 61
1762770789727 0.005445650778710842 62
1762770789761 0.005421952344477177 63
1762770789796 0.005451072007417679 64
1762770789829 0.005426257848739624 65
1762770789863 0.0053308624774217606 66
1762770789904 0.00532753998413682 67
1762770789937 0.005376483779400587 68
1762770789984 0.005362021736800671 69
1762770790019 0.005383889656513929 70
1762770790052 0.005310600623488426 71
1762770790101 0.005368605721741915 72
1762770790136 0.005266434047371149 73
1762770790163 0.005307080689817667 74
1762770790194 0.0053260247223079205 75
1762770790225 0.005282768979668617 76
1762770790257 0.0053189885802567005 77
1762770790288 0.0052769859321415424 78
1762770790319 0.005246984306722879 79
1762770790350 0.005253228824585676 80
1762770790397 0.005288039334118366 81
1762770790428 0.005275377072393894 82
1762770790460 0.005322064273059368 83
1762770790491 0.005205956753343344 84
1762770790522 0.005264748353511095 85
1762770790553 0.005183397326618433 86
1762770790632 0.0052704717963933945 87
1762770790670 0.005282924044877291 88
1762770790705 0.005260285921394825 89
1762770790735 0.00517334695905447 90
1762770790777 0.005237632896751165 91
1762770790811 0.005253003444522619 92
1762770790846 0.005264377687126398 93
