1762767671162 0.06607156246900558 1
1762767671185 0.05864466726779938 2
1762767671185 0.05865294486284256 3
1762767671202 0.05865360051393509 4
1762767671211 0.05864495784044266 5
1762767671220 0.05864466726779938 6
1762767671229 0.05864466726779938 7
1762767671233 0.05864489823579788 8
1762767671233 0.05864466726779938 9
1762767671249 0.05864455923438072 10
1762767671249 0.05864466726779938 11
1762767671273 0.05864466726779938 12
1762767671281 0.05864466726779938 13
1762767671283 0.05864466726779938 14
1762767671298 0.05864466726779938 15
1762767671307 0.05864466726779938 16
1762767671315 0.05864466726779938 17
1762767671315 0.05864466726779938 18
1762767671331 0.05864603817462921 19
1762767671331 0.05864466726779938 20
1762767671346 0.05864466726779938 21
1762767671346 0.058646731078624725 22
1762767671362 0.05864635482430458 23
1762767671362 0.05864466726779938 24
1762767671377 0.05864466726779938 25
1762767671377 0.0586448609828949 26
