1762767607511 0.0923200249671936 1
1762767607521 0.05902896448969841 2
1762767607530 0.058826617896556854 3
1762767607530 0.05875997990369797 4
1762767607546 0.0587572380900383 5
1762767607546 0.05866740643978119 6
1762767607566 0.05877209082245827 7
1762767607575 0.0586574450135231 8
1762767607584 0.05866618826985359 9
1762767607593 0.058663588017225266 10
1762767607596 0.058715060353279114 11
1762767607596 0.05867544189095497 12
1762767607612 0.05865168198943138 13
1762767607612 0.05864466726779938 14
1762767607627 0.05865294113755226 15
1762767607643 0.05864444002509117 16
1762767607643 0.058645933866500854 17
1762767607659 0.05864466726779938 18
1762767607659 0.05865136533975601 19
1762767607680 0.05864466726779938 20
1762767607689 0.05865225940942764 21
1762767607695 0.05864466726779938 22
1762767607695 0.058644749224185944 23
1762767607711 0.05865468084812164 24
1762767607711 0.058666713535785675 25
1762767607727 0.05864466726779938 26
