1762292026283 0.01678190566599369 1
1762292026303 0.010128573514521122 2
1762292026306 0.009325926192104816 3
1762292026321 0.008924650028347969 4
1762292026329 0.008612176403403282 5
1762292026340 0.008302593603730202 6
1762292026349 0.008182020857930183 7
1762292026356 0.008164383471012115 8
1762292026365 0.00790032371878624 9
1762292026373 0.00785837322473526 10
1762292026381 0.007921540178358555 11
1762292026389 0.007821103557944298 12
1762292026398 0.007871436886489391 13
1762292026400 0.0076917195692658424 14
1762292026400 0.007632586173713207 15
1762292026415 0.007589478045701981 16
1762292026415 0.007557004224509001 17
1762292026431 0.007502079010009766 18
1762292026431 0.007463835179805756 19
1762292026447 0.007423135451972485 20
1762292026447 0.007384598255157471 21
1762292026462 0.007283833809196949 22
1762292026462 0.007294268347322941 23
1762292026485 0.007293989881873131 24
1762292026493 0.00731512438505888 25
1762292026501 0.007226581685245037 26
1762292026509 0.007131610997021198 27
1762292026516 0.007131106220185757 28
1762292026516 0.007099910639226437 29
1762292026532 0.007036759052425623 30
1762292026532 0.006991707254201174 31
1762292026547 0.006923855282366276 32
1762292026547 0.006943423766642809 33
1762292026566 0.007070588879287243 34
1762292026574 0.007103171665221453 35
1762292026583 0.006815144792199135 36
1762292026591 0.006717453710734844 37
1762292026600 0.006644357927143574 38
1762292026608 0.006594468839466572 39
1762292026611 0.00658773398026824 40
1762292026611 0.00683811167255044 41
1762292026631 0.006604810710996389 42
1762292026640 0.006481265649199486 43
1762292026647 0.006485124118626118 44
1762292026655 0.006373080890625715 45
1762292026663 0.006297503598034382 46
1762292026671 0.006421660538762808 47
1762292026673 0.006244526244699955 48
1762292026673 0.006133852060884237 49
1762292026688 0.006350909825414419 50
1762292026688 0.006527575198560953 51
1762292026704 0.0063554332591593266 52
1762292026704 0.006164151709526777 53
1762292026720 0.006055676378309727 54
1762292026720 0.00685011176392436 55
1762292026735 0.006641423795372248 56
1762292026735 0.006051348987966776 57
1762292026751 0.005968883167952299 58
1762292026751 0.006111933849751949 59
1762292026766 0.006328340154141188 60
1762292026766 0.005965581163764 61
1762292026786 0.006055167876183987 62
1762292026794 0.005867671687155962 63
1762292026803 0.005847968626767397 64
1762292026810 0.005793076008558273 65
1762292026818 0.0058168815448880196 66
1762292026826 0.005726879928261042 67
1762292026829 0.00566685339435935 68
1762292026829 0.00590391643345356 69
1762292026845 0.005804304964840412 70
1762292026845 0.005833931267261505 71
1762292026861 0.00565743213519454 72
1762292026861 0.005610744934529066 73
1762292026882 0.005809747613966465 74
1762292026890 0.00560451066121459 75
1762292026898 0.005874031689018011 76
1762292026906 0.00607945816591382 77
1762292026914 0.005638047121465206 78
1762292026922 0.00545235350728035 79
1762292026923 0.005476443562656641 80
1762292026923 0.005362395197153091 81
1762292026939 0.005452684126794338 82
1762292026939 0.005448020529001951 83
1762292026955 0.0054364390671253204 84
1762292026955 0.005914293695241213 85
1762292026970 0.005793844815343618 86
1762292026970 0.00545241916552186 87
1762292026993 0.005396633874624968 88
1762292027001 0.005373729858547449 89
1762292027001 0.005276570562273264 90
1762292027001 0.0052569108083844185 91
1762292027025 0.005192033015191555 92
1762292027033 0.005188732873648405 93
1762292027040 0.005109173245728016 94
1762292027048 0.005073516163975 95
1762292027056 0.0049350690096616745 96
1762292027064 0.00493187690153718 97
1762292027067 0.005064387805759907 98
1762292027067 0.005167229101061821 99
1762292027088 0.005090477876365185 100
