1762293050654 0.03642652556300163 1
1762293050664 0.009409976191818714 2
1762293050674 0.008412825874984264 3
1762293050682 0.0077397688291966915 4
1762293050692 0.007200632710009813 5
1762293050700 0.00682260375469923 6
1762293050709 0.006553600076586008 7
1762293050717 0.00630858913064003 8
1762293050725 0.006117481272667646 9
1762293050733 0.005968433804810047 10
1762293050741 0.005868471693247557 11
1762293050749 0.00577352661639452 12
1762293050751 0.005710409488528967 13
1762293050751 0.005648522637784481 14
1762293050766 0.005584252066910267 15
1762293050766 0.005565363448113203 16
1762293050788 0.005511605180799961 17
1762293050796 0.005495842080563307 18
1762293050803 0.005425669252872467 19
1762293050811 0.0053910305723547935 20
1762293050819 0.005343437194824219 21
1762293050821 0.005311187356710434 22
1762293050821 0.005268193315714598 23
1762293050837 0.005268895532935858 24
1762293050837 0.005169325973838568 25
1762293050853 0.005109637975692749 26
1762293050853 0.0050841267220675945 27
1762293050868 0.005054304841905832 28
1762293050868 0.004998608957976103 29
1762293050884 0.004969114903360605 30
1762293050884 0.004852029494941235 31
1762293050900 0.004830633755773306 32
1762293050900 0.004756821785122156 33
1762293050915 0.004615353420376778 34
1762293050915 0.0045712050050497055 35
1762293050931 0.00454565929248929 36
1762293050931 0.004536849912256002 37
1762293050946 0.004512201528996229 38
1762293050946 0.004533016122877598 39
1762293050969 0.004450226668268442 40
1762293050977 0.004444983787834644 41
1762293050986 0.0044327713549137115 42
1762293050994 0.004402207676321268 43
1762293050994 0.004393466282635927 44
1762293051010 0.004375312943011522 45
1762293051018 0.004335128236562014 46
1762293051025 0.004359507001936436 47
1762293051033 0.004359639249742031 48
1762293051041 0.004341119900345802 49
1762293051041 0.0043654413893818855 50
1762293051057 0.004323197063058615 51
1762293051057 0.004328889772295952 52
1762293051072 0.004322091583162546 53
1762293051072 0.0043849400244653225 54
1762293051093 0.004274256061762571 55
1762293051100 0.004271884448826313 56
1762293051108 0.0042637065052986145 57
1762293051116 0.004261183552443981 58
1762293051118 0.004241722170263529 59
1762293051118 0.004259393084794283 60
1762293051134 0.004243845585733652 61
1762293051134 0.004294123966246843 62
1762293051156 0.004212128464132547 63
1762293051164 0.0042228857055306435 64
1762293051172 0.004294592887163162 65
1762293051180 0.004171748645603657 66
1762293051189 0.0041941567324101925 67
1762293051197 0.004174122586846352 68
1762293051244 0.004197997506707907 69
1762293051270 0.004112026188522577 70
1762293051286 0.004155855160206556 71
1762293051300 0.004151136614382267 72
1762293051317 0.004138720687478781 73
1762293051332 0.004095175769180059 74
1762293051342 0.0040825167670845985 75
1762293051354 0.00406342139467597 76
1762293051354 0.0040474748238921165 77
1762293051370 0.004032372962683439 78
1762293051386 0.004052517935633659 79
1762293051386 0.004045586101710796 80
1762293051401 0.004004553891718388 81
1762293051401 0.003975599072873592 82
1762293051417 0.003958502784371376 83
1762293051417 0.0039695072919130325 84
1762293051435 0.003978390246629715 85
1762293051442 0.0039619565941393375 86
1762293051451 0.003952380269765854 87
1762293051459 0.003914785571396351 88
1762293051467 0.003900247160345316 89
1762293051467 0.0038895413745194674 90
1762293051483 0.0038987668231129646 91
1762293051483 0.0039190873503685 92
1762293051499 0.0038948357105255127 93
1762293051499 0.0038568973541259766 94
1762293051514 0.003842375474050641 95
1762293051514 0.003818375524133444 96
1762293051530 0.0038311081007122993 97
1762293051530 0.003791854251176119 98
1762293051548 0.003780428320169449 99
1762293051556 0.003795953467488289 100
