1762876801353 0.1998218595981598 1
1762876801394 0.12937428057193756 2
1762876801426 0.10802587121725082 3
1762876801455 0.10164050757884979 4
1762876801484 0.09904104471206665 5
1762876801504 0.09690381586551666 6
1762876801535 0.09512818604707718 7
1762876801566 0.09431027621030807 8
1762876801597 0.0945531502366066 9
1762876801613 0.09338844567537308 10
1762876801653 0.09293057024478912 11
1762876801679 0.09376652538776398 12
1762876801695 0.09354756772518158 13
1762876801740 0.092925526201725 14
1762876801767 0.09317748248577118 15
1762876801797 0.09309814125299454 16
1762876801819 0.09324423223733902 17
1762876801855 0.09357496351003647 18
1762876801882 0.09295055270195007 19
1762876801897 0.09343898296356201 20
1762876801929 0.09405215829610825 21
1762876801960 0.0940437987446785 22
1762876801991 0.09362892061471939 23
1762876802022 0.09394145011901855 24
1762876802038 0.09365515410900116 25
1762876802069 0.09348020702600479 26
1762876802107 0.09299133718013763 27
1762876802136 0.09308142215013504 28
1762876802152 0.09370037168264389 29
1762876802192 0.09321971982717514 30
1762876802210 0.09327994287014008 31
1762876802247 0.09277406334877014 32
1762876802280 0.0930628627538681 33
1762876970829 0.02513139322400093 1
1762876970848 0.019401082769036293 2
1762876970850 0.018401725217700005 3
1762876970868 0.017509700730443 4
1762876970869 0.016941336914896965 5
1762876970887 0.01644384115934372 6
1762876970896 0.016287652775645256 7
1762876970905 0.016067923977971077 8
1762876970914 0.015391807071864605 9
1762876970923 0.01473079714924097 10
1762876970931 0.014252492226660252 11
1762876970939 0.013863357715308666 12
1762876970946 0.0134035749360919 13
1762876970946 0.013154860585927963 14
1762876970961 0.012787197716534138 15
1762876970961 0.012453509494662285 16
1762876970977 0.012182692997157574 17
1762876970977 0.011882050894200802 18
1762876970992 0.011666414327919483 19
1762876970992 0.011320098303258419 20
1762876971008 0.011125764809548855 21
1762876971008 0.010898450389504433 22
1762876971024 0.010614687576889992 23
1762876971024 0.010422703810036182 24
1762876971043 0.010342239402234554 25
1762876971051 0.010188027285039425 26
1762876971052 0.009966515935957432 27
1762876971052 0.01006790529936552 28
1762876971068 0.00973513349890709 29
1762876971084 0.009703932330012321 30
1762876971084 0.009472664445638657 31
1762876971099 0.009391634725034237 32
1762876971099 0.009456961415708065 33
1762876971115 0.009186141192913055 34
1762876971115 0.00921449065208435 35
1762876971131 0.009069054387509823 36
1762876971131 0.00901199970394373 37
1762876971146 0.009029245004057884 38
1762876971146 0.008996191434562206 39
1762876971162 0.00896479096263647 40
1762876971162 0.008809125982224941 41
1762876971177 0.00881589949131012 42
1762876971193 0.00877049844712019 43
1762876971203 0.008773203007876873 44
1762876971211 0.00866758543998003 45
1762876971221 0.008710519410669804 46
1762876971231 0.008679404854774475 47
1762876971239 0.008595808409154415 48
1762876971248 0.00858480203896761 49
1762876971256 0.00864436849951744 50
1762876971265 0.008464884012937546 51
1762876971273 0.008500558324158192 52
1762876971281 0.008505946956574917 53
1762876971289 0.00837785005569458 54
1762876971297 0.008443478494882584 55
1762876971302 0.008315076120197773 56
1762876971302 0.008276487700641155 57
1762876971319 0.008164319209754467 58
1762876971333 0.0083218514919281 59
1762876971341 0.00816823448985815 60
1762876971351 0.008132493123412132 61
1762876971360 0.008168944157660007 62
1762876971363 0.008090552873909473 63
1762876971363 0.008041448891162872 64
1762876971379 0.007944120094180107 65
1762876971379 0.00793598685413599 66
1762876971394 0.00785254966467619 67
1762876971394 0.007846997119486332 68
1762876971410 0.007824713364243507 69
1762876971410 0.007785721682012081 70
1762876971426 0.0077690728940069675 71
1762876971441 0.007717450149357319 72
1762876971441 0.007700702641159296 73
1762876971457 0.007663081865757704 74
1762876971457 0.007601786404848099 75
1762876971472 0.007571548689156771 76
1762876971472 0.00754832848906517 77
1762876971488 0.007488868664950132 78
1762876971488 0.007505087647587061 79
1762876971509 0.007503119297325611 80
1762876971517 0.007480777334421873 81
1762876971525 0.007443749345839024 82
1762876971528 0.007356387097388506 83
1762876971528 0.00728649040684104 84
1762876971544 0.007346542086452246 85
1762876971544 0.007331368047744036 86
1762876971559 0.007335343398153782 87
1762876971559 0.007203087210655212 88
1762876971581 0.007286034058779478 89
1762876971589 0.0072166211903095245 90
1762876971597 0.007184684742242098 91
1762876971600 0.007135404739528894 92
1762876971600 0.007070399820804596 93
1762876971616 0.007119630463421345 94
1762876971616 0.006993339862674475 95
1762876971631 0.007074072957038879 96
1762876971631 0.007109166122972965 97
1762876971647 0.00704563781619072 98
1762876971647 0.007008680142462254 99
1762876971663 0.0070040663704276085 100
1762877464721 0.012047931551933289 1
1762877464739 0.007260265294462442 2
1762877464744 0.007149163633584976 3
1762877464759 0.007057624869048595 4
1762877464761 0.006947689224034548 5
1762877464773 0.0068829902447760105 6
1762877464773 0.006761034484952688 7
1762877464789 0.006731202360242605 8
1762877464805 0.006662487518042326 9
1762877464815 0.006626943126320839 10
1762877464825 0.006597321946173906 11
1762877464834 0.006564400624483824 12
1762877464838 0.0065515050664544106 13
1762877464838 0.006511744111776352 14
1762877464853 0.006497811060398817 15
1762877464900 0.006444850470870733 16
1762877464937 0.00645007099956274 17
1762877464953 0.00643600570037961 18
1762877464968 0.006406768690794706 19
1762877464984 0.006392038427293301 20
1762877464999 0.0063473680056631565 21
1762877465015 0.006332385819405317 22
1762877465040 0.0063209012150764465 23
1762877465049 0.006289539393037558 24
1762877465059 0.0062960488721728325 25
1762877465069 0.0062512909062206745 26
1762877465084 0.006236047018319368 27
1762877465100 0.006167499348521233 28
1762877465100 0.0061666592955589294 29
1762877465116 0.006157563533633947 30
1762877465116 0.006105010863393545 31
1762877465131 0.006105436477810144 32
1762877465131 0.006058758124709129 33
1762877465153 0.0060736979357898235 34
1762877465161 0.006001458037644625 35
1762877465169 0.006006499752402306 36
1762877465177 0.005940951872617006 37
1762877465186 0.005942457355558872 38
1762877465190 0.005924599710851908 39
1762877465190 0.005906767211854458 40
1762877465211 0.005871290806680918 41
1762877465211 0.005839937832206488 42
1762877465229 0.005884085316210985 43
1762877465237 0.005812992807477713 44
1762877465245 0.005830745212733746 45
1762877465254 0.005826006177812815 46
1762877465254 0.005799001548439264 47
1762877465270 0.0057536340318620205 48
1762877465279 0.005752755794674158 49
1762877465287 0.005738440901041031 50
1762877465296 0.00574676925316453 51
1762877465305 0.005730419885367155 52
1762877465313 0.0057306750677526 53
1762877465321 0.005693030543625355 54
1762877465328 0.0056891306303441525 55
1762877465337 0.005663195159286261 56
1762877465337 0.005656731780618429 57
1762877465353 0.0056695109233260155 58
1762877465353 0.005618616472929716 59
1762877465369 0.005630770698189735 60
1762877465369 0.005613881163299084 61
1762877465384 0.005598725751042366 62
1762877465384 0.0055697765201330185 63
1762877465400 0.005569110158830881 64
1762877465400 0.005585505161434412 65
1762877465416 0.005563938990235329 66
1762877465416 0.00552796758711338 67
1762877465431 0.005547571461647749 68
1762877465431 0.005531996954232454 69
1762877465447 0.005524487234652042 70
1762877465447 0.005523448344320059 71
1762877465462 0.005508813075721264 72
1762877465462 0.0054794494062662125 73
1762877465478 0.005483544897288084 74
1762877465478 0.0054637109860777855 75
1762877465494 0.0054980856366455555 76
1762877465509 0.005465304479002953 77
1762877465509 0.005444284062832594 78
1762877465525 0.0054520233534276485 79
1762877465525 0.005450415890663862 80
1762877465542 0.005456969141960144 81
1762877465551 0.005416585132479668 82
1762877465560 0.005395113490521908 83
1762877465568 0.005395373795181513 84
1762877465570 0.005432454403489828 85
1762877465570 0.0053981002420187 86
1762877465586 0.0053908927366137505 87
1762877465586 0.005365048535168171 88
1762877465611 0.005369637627154589 89
1762877465619 0.005392402410507202 90
1762877465627 0.005352230276912451 91
1762877465635 0.005294995382428169 92
1762877465643 0.005358543712645769 93
1762877465651 0.005337079521268606 94
1762877465659 0.005286453757435083 95
1762877465668 0.005282923113554716 96
1762877465675 0.0052843703888356686 97
1762877465683 0.005261419806629419 98
1762877465691 0.005294209811836481 99
1762877465699 0.005271310918033123 100
