1762876801353 0.1998218595981598 1
1762876801394 0.12937428057193756 2
1762876801430 0.10802587121725082 3
1762876801459 0.10164050757884979 4
1762876801488 0.09904104471206665 5
1762876801504 0.09690381586551666 6
1762876801535 0.09512818604707718 7
1762876801566 0.09431027621030807 8
1762876801597 0.0945531502366066 9
1762876801629 0.09338844567537308 10
1762876801658 0.09293057024478912 11
1762876801679 0.09376652538776398 12
1762876801715 0.09354756772518158 13
1762876801743 0.092925526201725 14
1762876801771 0.09317748248577118 15
1762876801801 0.09309814125299454 16
1762876801819 0.09324423223733902 17
1762876801858 0.09357496351003647 18
1762876801882 0.09295055270195007 19
1762876801913 0.09343898296356201 20
1762876801944 0.09405215829610825 21
1762876801960 0.0940437987446785 22
1762876801991 0.09362892061471939 23
1762876802022 0.09394145011901855 24
1762876802054 0.09365515410900116 25
1762876802069 0.09348020702600479 26
1762876802111 0.09299133718013763 27
1762876802136 0.09308142215013504 28
1762876802167 0.09370037168264389 29
1762876802196 0.09321971982717514 30
1762876802210 0.09327994287014008 31
1762876802256 0.09277406334877014 32
1762876802284 0.0930628627538681 33
