1762876801353 0.06921769678592682 1
1762876801403 0.031198469921946526 2
1762876801434 0.021530216559767723 3
1762876801463 0.019133124500513077 4
1762876801492 0.018240585923194885 5
1762876801519 0.017562074586749077 6
1762876801535 0.017140906304121017 7
1762876801566 0.016830723732709885 8
1762876801597 0.01689044199883938 9
1762876801629 0.016610361635684967 10
1762876801662 0.016483236104249954 11
1762876801679 0.016668984666466713 12
1762876801719 0.016573971137404442 13
1762876801747 0.01646154187619686 14
1762876801776 0.0164539385586977 15
1762876801805 0.01645980216562748 16
1762876801819 0.016584837809205055 17
1762876801862 0.016807591542601585 18
1762876801882 0.016449464485049248 19
1762876801913 0.016660232096910477 20
1762876801944 0.016691824421286583 21
1762876801976 0.016797127202153206 22
1762876801991 0.016653921455144882 23
1762876802022 0.016728905960917473 24
1762876802054 0.01661495678126812 25
1762876802087 0.01663023792207241 26
1762876802115 0.016474932432174683 27
1762876802136 0.016453849151730537 28
1762876802167 0.016663813963532448 29
1762876802200 0.016583764925599098 30
1762876802229 0.01659265160560608 31
1762876802260 0.01645650900900364 32
1762876802287 0.01653372123837471 33
